GEOR20066,Pako Forever,17,07/24/2022, 20:14:24,844
GEOR20066,Pako Forever,39,07/24/2022, 21:12:32,844
GEOR20066,Pako Forever,48,07/24/2022, 22:13:19,844
GEOR20066,Pako Forever,61,07/24/2022, 23:13:33,844
GEOR20066,Pako Forever,78,07/25/2022, 01:13:03,844
GEOR20066,Pako Forever,90,07/25/2022, 03:43:52,844
GEOR20066,Pako Forever,99,07/25/2022, 04:44:25,844
GEOR20066,Pako Forever,101,07/25/2022, 05:24:54,844
GEOR20066,Pako Forever,106,07/25/2022, 06:18:38,844
GEOR20066,Pako Forever,108,07/25/2022, 07:13:58,844
GEOR20066,Pako Forever,114,07/25/2022, 08:19:31,844
GEOR20066,Pako Forever,117,07/25/2022, 09:14:17,844
GEOR20066,Pako Forever,123,07/25/2022, 10:16:35,844
GEOR20066,Pako Forever,128,07/25/2022, 11:13:15,844
GEOR20066,Pako Forever,136,07/25/2022, 12:29:23,844
GEOR20066,Pako Forever,140,07/25/2022, 13:37:43,844
GEOR20066,Pako Forever,143,07/25/2022, 14:14:16,844
GEOR20066,Pako Forever,149,07/25/2022, 15:15:22,844
GEOR20066,Pako Forever,155,07/25/2022, 16:19:02,844
GEOR20066,Pako Forever,158,07/25/2022, 17:21:36,844
GEOR20066,Pako Forever,163,07/25/2022, 18:17:14,844
GEOR20066,Pako Forever,164,07/25/2022, 19:11:32,844
GEOR20066,Pako Forever,166,07/25/2022, 20:14:09,844
GEOR20066,Pako Forever,169,07/25/2022, 21:12:39,844
GEOR20066,Pako Forever,171,07/25/2022, 22:13:16,844
GEOR20066,Pako Forever,175,07/25/2022, 23:13:41,844
GEOR20066,Pako Forever,183,07/26/2022, 01:17:05,844
GEOR20066,Pako Forever,189,07/26/2022, 04:02:05,844
GEOR20066,Pako Forever,193,07/26/2022, 05:37:27,844
GEOR20066,Pako Forever,196,07/26/2022, 06:18:28,844
GEOR20066,Pako Forever,199,07/26/2022, 07:13:23,844
GEOR20066,Pako Forever,202,07/26/2022, 08:17:42,844
GEOR20066,Pako Forever,203,07/26/2022, 09:18:58,844
GEOR20066,Pako Forever,204,07/26/2022, 10:16:52,844
GEOR20066,Pako Forever,207,07/26/2022, 11:12:29,844
GEOR20066,Pako Forever,209,07/26/2022, 12:28:28,844
GEOR20066,Pako Forever,211,07/26/2022, 13:37:45,844
GEOR20066,Pako Forever,211,07/26/2022, 14:12:53,844
GEOR20066,Pako Forever,212,07/26/2022, 15:16:19,844
GEOR20066,Pako Forever,218,07/26/2022, 16:19:27,844
GEOR20066,Pako Forever,219,07/26/2022, 17:17:32,844
GEOR20066,Pako Forever,223,07/26/2022, 18:17:29,844
GEOR20066,Pako Forever,225,07/26/2022, 19:12:05,844
GEOR20066,Pako Forever,228,07/26/2022, 20:14:58,844
GEOR20066,Pako Forever,234,07/26/2022, 22:13:29,844
GEOR20066,Pako Forever,240,07/26/2022, 23:13:24,844
GEOR20066,Pako Forever,246,07/27/2022, 01:18:43,844
GEOR20066,Pako Forever,254,07/27/2022, 03:47:29,844
GEOR20066,Pako Forever,259,07/27/2022, 04:49:01,844
GEOR20066,Pako Forever,266,07/27/2022, 05:30:08,844
GEOR20066,Pako Forever,271,07/27/2022, 06:17:42,844
GEOR20066,Pako Forever,274,07/27/2022, 07:14:03,844
GEOR20066,Pako Forever,278,07/27/2022, 08:17:33,844
GEOR20066,Pako Forever,280,07/27/2022, 09:13:50,844
GEOR20066,Pako Forever,280,07/27/2022, 10:16:43,844
GEOR20066,Pako Forever,282,07/27/2022, 11:12:37,844
GEOR20066,Pako Forever,284,07/27/2022, 12:30:34,844
GEOR20066,Pako Forever,286,07/27/2022, 13:42:09,844
GEOR20066,Pako Forever,287,07/27/2022, 14:14:35,844
GEOR20066,Pako Forever,288,07/27/2022, 15:15:53,844
GEOR20066,Pako Forever,292,07/27/2022, 16:19:39,844
GEOR20066,Pako Forever,294,07/27/2022, 17:22:58,844
GEOR20066,Pako Forever,302,07/27/2022, 18:16:35,844
GEOR20066,Pako Forever,306,07/27/2022, 19:12:56,844
GEOR20066,Pako Forever,309,07/27/2022, 20:15:12,844
GEOR20066,Pako Forever,312,07/27/2022, 21:12:27,844
GEOR20066,Pako Forever,315,07/27/2022, 22:14:03,844
GEOR20066,Pako Forever,318,07/27/2022, 23:13:57,844
GEOR20066,Pako Forever,324,07/28/2022, 01:11:17,844
GEOR20066,Pako Forever,329,07/28/2022, 03:38:08,844
GEOR20066,Pako Forever,331,07/28/2022, 04:39:50,844
GEOR20066,Pako Forever,331,07/28/2022, 05:23:31,844
GEOR20066,Pako Forever,332,07/28/2022, 06:17:55,844
GEOR20066,Pako Forever,334,07/28/2022, 07:13:22,844
GEOR20066,Pako Forever,339,07/28/2022, 08:20:12,844
GEOR20066,Pako Forever,340,07/28/2022, 09:13:54,844
GEOR20066,Pako Forever,341,07/28/2022, 10:15:38,844
GEOR20066,Pako Forever,342,07/28/2022, 11:12:59,844
GEOR20066,Pako Forever,344,07/28/2022, 12:30:35,844
GEOR20066,Pako Forever,345,07/28/2022, 13:38:51,844
GEOR20066,Pako Forever,345,07/28/2022, 14:16:23,844
GEOR20066,Pako Forever,345,07/28/2022, 15:14:22,844
GEOR20066,Pako Forever,347,07/28/2022, 16:21:33,844
GEOR20066,Pako Forever,348,07/28/2022, 17:24:43,844
GEOR20066,Pako Forever,349,07/28/2022, 18:19:00,844
GEOR20066,Pako Forever,349,07/28/2022, 19:11:09,844
GEOR20066,Pako Forever,350,07/28/2022, 20:15:07,844
GEOR20066,Pako Forever,351,07/28/2022, 21:12:34,844
GEOR20066,Pako Forever,351,07/28/2022, 22:13:15,844
GEOR20066,Pako Forever,355,07/28/2022, 23:16:02,844
GEOR20066,Pako Forever,356,07/29/2022, 01:16:25,844
GEOR20066,Pako Forever,360,07/29/2022, 03:49:21,844
GEOR20066,Pako Forever,362,07/29/2022, 04:45:30,844
GEOR20066,Pako Forever,365,07/29/2022, 05:25:48,844
GEOR20066,Pako Forever,366,07/29/2022, 06:18:19,844
GEOR20066,Pako Forever,367,07/29/2022, 07:12:54,844
GEOR20066,Pako Forever,370,07/29/2022, 08:17:38,844
GEOR20066,Pako Forever,372,07/29/2022, 09:14:27,844
GEOR20066,Pako Forever,373,07/29/2022, 10:15:44,844
GEOR20066,Pako Forever,374,07/29/2022, 11:12:02,844
GEOR20066,Pako Forever,376,07/29/2022, 12:29:51,844
GEOR20066,Pako Forever,380,07/29/2022, 13:36:25,844
GEOR20066,Pako Forever,382,07/29/2022, 14:12:29,844
GEOR20066,Pako Forever,384,07/29/2022, 15:17:20,844
GEOR20066,Pako Forever,387,07/29/2022, 16:21:02,844
GEOR20066,Pako Forever,388,07/29/2022, 17:18:15,844
GEOR20066,Pako Forever,391,07/29/2022, 18:18:08,844
GEOR20066,Pako Forever,394,07/29/2022, 19:11:24,844
GEOR20066,Pako Forever,395,07/29/2022, 20:14:50,844
GEOR20066,Pako Forever,396,07/29/2022, 21:13:22,844
GEOR20066,Pako Forever,398,07/29/2022, 22:13:28,844
GEOR20066,Pako Forever,401,07/29/2022, 23:13:48,844
GEOR20066,Pako Forever,406,07/30/2022, 01:08:57,844
GEOR20066,Pako Forever,417,07/30/2022, 03:45:25,844
GEOR20066,Pako Forever,418,07/30/2022, 04:34:38,844
GEOR20066,Pako Forever,419,07/30/2022, 05:17:20,844
GEOR20066,Pako Forever,422,07/30/2022, 06:16:15,844
GEOR20066,Pako Forever,422,07/30/2022, 07:12:49,844
GEOR20066,Pako Forever,423,07/30/2022, 08:17:06,844
GEOR20066,Pako Forever,426,07/30/2022, 09:12:45,844
GEOR20066,Pako Forever,430,07/30/2022, 10:14:08,844
GEOR20066,Pako Forever,433,07/30/2022, 11:12:55,844
GEOR20066,Pako Forever,436,07/30/2022, 12:22:28,844
GEOR20066,Pako Forever,437,07/30/2022, 13:23:13,844
GEOR20066,Pako Forever,439,07/30/2022, 14:12:43,844
GEOR20066,Pako Forever,442,07/30/2022, 15:13:20,844
GEOR20066,Pako Forever,443,07/30/2022, 16:17:44,844
GEOR20066,Pako Forever,447,07/30/2022, 17:13:53,844
GEOR20066,Pako Forever,453,07/30/2022, 18:15:39,844
GEOR20066,Pako Forever,455,07/30/2022, 19:11:00,844
GEOR20066,Pako Forever,459,07/30/2022, 20:13:27,844
GEOR20066,Pako Forever,462,07/30/2022, 21:11:42,844
GEOR20066,Pako Forever,462,07/30/2022, 22:12:30,844
GEOR20066,Pako Forever,463,07/30/2022, 23:13:06,844
GEOR20066,Pako Forever,468,07/31/2022, 01:18:28,844
GEOR20066,Pako Forever,471,07/31/2022, 03:39:12,844
GEOR20066,Pako Forever,474,07/31/2022, 04:30:29,844
GEOR20066,Pako Forever,475,07/31/2022, 05:16:02,844
GEOR20066,Pako Forever,476,07/31/2022, 06:16:13,844
GEOR20066,Pako Forever,476,07/31/2022, 07:12:55,844
GEOR20066,Pako Forever,477,07/31/2022, 08:16:11,844
GEOR20066,Pako Forever,479,07/31/2022, 09:13:13,844
GEOR20066,Pako Forever,481,07/31/2022, 10:14:35,844
GEOR20066,Pako Forever,481,07/31/2022, 11:11:51,844
GEOR20066,Pako Forever,481,07/31/2022, 12:25:11,844
GEOR20066,Pako Forever,481,07/31/2022, 13:24:26,844
GEOR20066,Pako Forever,483,07/31/2022, 14:12:26,844
GEOR20066,Pako Forever,485,07/31/2022, 15:13:25,844
GEOR20066,Pako Forever,487,07/31/2022, 16:17:19,844
GEOR20066,Pako Forever,490,07/31/2022, 17:13:47,844
GEOR20066,Pako Forever,490,07/31/2022, 18:15:36,844
GEOR20066,Pako Forever,492,07/31/2022, 19:11:38,844
GEOR20066,Pako Forever,495,07/31/2022, 20:14:27,844
GEOR20066,Pako Forever,497,07/31/2022, 21:11:58,844
GEOR20066,Pako Forever,500,07/31/2022, 22:13:03,844
GEOR20066,Pako Forever,506,07/31/2022, 23:14:15,844
GEOR20066,Pako Forever,509,08/01/2022, 01:22:05,844
GEOR20066,Pako Forever,513,08/01/2022, 04:02:13,844
GEOR20066,Pako Forever,515,08/01/2022, 05:50:32,844
GEOR20066,Pako Forever,518,08/01/2022, 06:30:27,844
GEOR20066,Pako Forever,518,08/01/2022, 07:19:10,844
GEOR20066,Pako Forever,518,08/01/2022, 08:19:23,844
GEOR20066,Pako Forever,519,08/01/2022, 09:15:01,844
GEOR20066,Pako Forever,521,08/01/2022, 10:16:19,844
GEOR20066,Pako Forever,521,08/01/2022, 11:12:49,844
GEOR20066,Pako Forever,524,08/01/2022, 12:27:55,844
GEOR20066,Pako Forever,527,08/01/2022, 13:39:53,844
GEOR20066,Pako Forever,527,08/01/2022, 14:15:22,844
GEOR20066,Pako Forever,528,08/01/2022, 15:17:18,844
GEOR20066,Pako Forever,528,08/01/2022, 16:20:14,844
GEOR20066,Pako Forever,528,08/01/2022, 17:23:11,844
GEOR20066,Pako Forever,529,08/01/2022, 18:19:12,844
GEOR20066,Pako Forever,530,08/01/2022, 19:11:10,844
GEOR20066,Pako Forever,533,08/01/2022, 20:17:49,844
GEOR20066,Pako Forever,536,08/01/2022, 21:12:46,844
GEOR20066,Pako Forever,537,08/01/2022, 22:14:35,844
GEOR20066,Pako Forever,538,08/01/2022, 23:16:25,844
GEOR20066,Pako Forever,540,08/02/2022, 01:22:40,844
GEOR20066,Pako Forever,543,08/02/2022, 04:01:47,844
GEOR20066,Pako Forever,547,08/02/2022, 05:40:23,844
GEOR20066,Pako Forever,549,08/02/2022, 06:17:25,844
GEOR20066,Pako Forever,549,08/02/2022, 07:14:48,844
GEOR20066,Pako Forever,550,08/02/2022, 08:17:57,844
GEOR20066,Pako Forever,550,08/02/2022, 09:14:30,844
GEOR20066,Pako Forever,551,08/02/2022, 10:17:19,844
GEOR20066,Pako Forever,551,08/02/2022, 11:12:16,844
GEOR20066,Pako Forever,553,08/02/2022, 12:31:17,844
GEOR20066,Pako Forever,554,08/02/2022, 13:37:18,844
GEOR20066,Pako Forever,554,08/02/2022, 14:13:19,844
GEOR20066,Pako Forever,556,08/02/2022, 15:14:12,844
GEOR20066,Pako Forever,557,08/02/2022, 16:18:06,844
GEOR20066,Pako Forever,559,08/02/2022, 17:23:00,844
GEOR20066,Pako Forever,563,08/02/2022, 18:17:15,844
GEOR20066,Pako Forever,566,08/02/2022, 19:11:35,844
GEOR20066,Pako Forever,567,08/02/2022, 20:15:58,844
GEOR20066,Pako Forever,567,08/02/2022, 21:12:59,844
GEOR20066,Pako Forever,568,08/02/2022, 22:14:48,844
GEOR20066,Pako Forever,568,08/02/2022, 23:13:51,844
GEOR20066,Pako Forever,571,08/03/2022, 01:20:26,844
GEOR20066,Pako Forever,572,08/03/2022, 03:51:00,844
GEOR20066,Pako Forever,575,08/03/2022, 04:59:59,844
GEOR20066,Pako Forever,575,08/03/2022, 05:42:49,844
GEOR20066,Pako Forever,575,08/03/2022, 06:17:06,844
GEOR20066,Pako Forever,576,08/03/2022, 07:13:21,844
GEOR20066,Pako Forever,577,08/03/2022, 08:19:47,844
GEOR20066,Pako Forever,579,08/03/2022, 09:13:46,844
GEOR20066,Pako Forever,579,08/03/2022, 10:15:22,844
GEOR20066,Pako Forever,580,08/03/2022, 11:12:42,844
GEOR20066,Pako Forever,583,08/03/2022, 12:28:37,844
GEOR20066,Pako Forever,584,08/03/2022, 13:36:56,844
GEOR20066,Pako Forever,584,08/03/2022, 14:12:53,844
GEOR20066,Pako Forever,584,08/03/2022, 15:16:14,844
GEOR20066,Pako Forever,587,08/03/2022, 16:19:29,844
GEOR20066,Pako Forever,587,08/03/2022, 17:17:01,844
GEOR20066,Pako Forever,588,08/03/2022, 18:17:48,844
GEOR20066,Pako Forever,589,08/03/2022, 19:11:36,844
GEOR20066,Pako Forever,589,08/03/2022, 20:15:14,844
GEOR20066,Pako Forever,589,08/03/2022, 21:13:06,844
GEOR20066,Pako Forever,590,08/03/2022, 22:13:31,844
GEOR20066,Pako Forever,591,08/03/2022, 23:14:49,844
GEOR20066,Pako Forever,594,08/04/2022, 01:18:35,844
GEOR20066,Pako Forever,595,08/04/2022, 03:24:12,844
GEOR20066,Pako Forever,596,08/04/2022, 04:39:27,844
GEOR20066,Pako Forever,596,08/04/2022, 05:27:22,844
GEOR20066,Pako Forever,596,08/04/2022, 06:19:52,844
GEOR20066,Pako Forever,597,08/04/2022, 07:12:53,844
GEOR20066,Pako Forever,598,08/04/2022, 08:21:41,844
GEOR20066,Pako Forever,598,08/04/2022, 09:13:35,844
GEOR20066,Pako Forever,600,08/04/2022, 10:16:02,844
GEOR20066,Pako Forever,602,08/04/2022, 11:12:56,844
GEOR20066,Pako Forever,602,08/04/2022, 12:27:26,844
GEOR20066,Pako Forever,605,08/04/2022, 13:35:24,844
GEOR20066,Pako Forever,605,08/04/2022, 14:12:08,844
GEOR20066,Pako Forever,605,08/04/2022, 15:16:08,844
GEOR20066,Pako Forever,607,08/04/2022, 16:21:04,844
GEOR20066,Pako Forever,610,08/04/2022, 17:21:09,844
GEOR20066,Pako Forever,610,08/04/2022, 18:17:08,844
GEOR20066,Pako Forever,611,08/04/2022, 19:12:45,844
GEOR20066,Pako Forever,613,08/04/2022, 20:15:30,844
GEOR20066,Pako Forever,614,08/04/2022, 21:12:31,844
GEOR20066,Pako Forever,618,08/04/2022, 22:13:47,844
GEOR20066,Pako Forever,619,08/04/2022, 23:13:28,844
GEOR20066,Pako Forever,620,08/05/2022, 01:20:05,844
GEOR20066,Pako Forever,623,08/05/2022, 03:40:57,844
GEOR20066,Pako Forever,624,08/05/2022, 04:41:46,844
GEOR20066,Pako Forever,625,08/05/2022, 05:29:55,844
GEOR20066,Pako Forever,627,08/05/2022, 06:17:39,844
GEOR20066,Pako Forever,627,08/05/2022, 07:13:03,844
GEOR20066,Pako Forever,629,08/05/2022, 08:18:19,844
GEOR20066,Pako Forever,630,08/05/2022, 09:14:04,844
GEOR20066,Pako Forever,634,08/05/2022, 10:15:04,844
GEOR20066,Pako Forever,635,08/05/2022, 11:12:34,844
GEOR20066,Pako Forever,637,08/05/2022, 12:27:37,844
GEOR20066,Pako Forever,637,08/05/2022, 13:38:20,844
GEOR20066,Pako Forever,637,08/05/2022, 14:14:34,844
GEOR20066,Pako Forever,640,08/05/2022, 15:14:58,844
GEOR20066,Pako Forever,644,08/05/2022, 16:20:40,844
GEOR20066,Pako Forever,647,08/05/2022, 17:23:35,844
GEOR20066,Pako Forever,648,08/05/2022, 18:17:27,844
GEOR20066,Pako Forever,648,08/05/2022, 19:12:10,844
GEOR20066,Pako Forever,651,08/05/2022, 20:14:48,844
GEOR20066,Pako Forever,651,08/05/2022, 21:12:22,844
GEOR20066,Pako Forever,653,08/05/2022, 22:13:18,844
GEOR20066,Pako Forever,654,08/05/2022, 23:13:43,844
GEOR20066,Pako Forever,658,08/06/2022, 01:07:41,844
GEOR20066,Pako Forever,662,08/06/2022, 03:16:44,844
GEOR20066,Pako Forever,664,08/06/2022, 04:20:01,844
GEOR20066,Pako Forever,665,08/06/2022, 05:12:50,844
GEOR20066,Pako Forever,666,08/06/2022, 06:16:34,844
GEOR20066,Pako Forever,667,08/06/2022, 07:13:06,844
GEOR20066,Pako Forever,667,08/06/2022, 08:16:47,844
GEOR20066,Pako Forever,668,08/06/2022, 09:12:49,844
GEOR20066,Pako Forever,669,08/06/2022, 10:14:09,844
GEOR20066,Pako Forever,670,08/06/2022, 11:11:09,844
GEOR20066,Pako Forever,670,08/06/2022, 12:22:06,844
GEOR20066,Pako Forever,672,08/06/2022, 13:23:37,844
GEOR20066,Pako Forever,673,08/06/2022, 14:11:54,844
GEOR20066,Pako Forever,676,08/06/2022, 15:13:43,844
GEOR20066,Pako Forever,677,08/06/2022, 16:17:44,844
GEOR20066,Pako Forever,677,08/06/2022, 17:13:57,844
GEOR20066,Pako Forever,677,08/06/2022, 18:16:20,844
GEOR20066,Pako Forever,679,08/06/2022, 19:11:05,844
GEOR20066,Pako Forever,680,08/06/2022, 20:13:54,844
GEOR20066,Pako Forever,680,08/06/2022, 21:13:12,844
GEOR20066,Pako Forever,680,08/06/2022, 22:12:51,844
GEOR20066,Pako Forever,682,08/06/2022, 23:13:54,844
GEOR20066,Pako Forever,684,08/07/2022, 01:17:00,844
GEOR20066,Pako Forever,687,08/07/2022, 03:20:46,844
GEOR20066,Pako Forever,688,08/07/2022, 04:21:20,844
GEOR20066,Pako Forever,688,08/07/2022, 05:12:26,844
GEOR20066,Pako Forever,688,08/07/2022, 06:16:41,844
GEOR20066,Pako Forever,689,08/07/2022, 07:13:14,844
GEOR20066,Pako Forever,690,08/07/2022, 08:16:11,844
GEOR20066,Pako Forever,691,08/07/2022, 09:13:05,844
GEOR20066,Pako Forever,691,08/07/2022, 10:14:18,844
GEOR20066,Pako Forever,691,08/07/2022, 11:12:19,844
GEOR20066,Pako Forever,691,08/07/2022, 12:23:02,844
GEOR20066,Pako Forever,692,08/07/2022, 13:24:03,844
GEOR20066,Pako Forever,694,08/07/2022, 14:12:13,844
GEOR20066,Pako Forever,695,08/07/2022, 15:13:35,844
GEOR20066,Pako Forever,698,08/07/2022, 16:17:12,844
GEOR20066,Pako Forever,699,08/07/2022, 17:13:58,844
GEOR20066,Pako Forever,701,08/07/2022, 18:16:23,844
GEOR20066,Pako Forever,702,08/07/2022, 19:11:12,844
GEOR20066,Pako Forever,704,08/07/2022, 20:14:51,844
GEOR20066,Pako Forever,704,08/07/2022, 21:11:50,844
GEOR20066,Pako Forever,705,08/07/2022, 22:13:37,844
GEOR20066,Pako Forever,707,08/07/2022, 23:13:13,844
GEOR20066,Pako Forever,712,08/08/2022, 01:10:57,844
GEOR20066,Pako Forever,718,08/08/2022, 03:37:04,844
GEOR20066,Pako Forever,719,08/08/2022, 04:31:52,844
GEOR20066,Pako Forever,720,08/08/2022, 05:18:58,844
GEOR20066,Pako Forever,720,08/08/2022, 06:19:07,844
GEOR20066,Pako Forever,720,08/08/2022, 07:12:58,844
GEOR20066,Pako Forever,720,08/08/2022, 08:20:33,844
GEOR20066,Pako Forever,721,08/08/2022, 09:13:51,844
GEOR20066,Pako Forever,721,08/08/2022, 10:16:01,844
GEOR20066,Pako Forever,721,08/08/2022, 11:12:00,844
GEOR20066,Pako Forever,721,08/08/2022, 12:27:02,844
GEOR20066,Pako Forever,724,08/08/2022, 13:39:00,844
GEOR20066,Pako Forever,725,08/08/2022, 14:15:02,844
GEOR20066,Pako Forever,727,08/08/2022, 15:15:26,844
GEOR20066,Pako Forever,731,08/08/2022, 16:20:38,844
GEOR20066,Pako Forever,732,08/08/2022, 17:19:36,844
GEOR20066,Pako Forever,733,08/08/2022, 18:18:14,844
GEOR20066,Pako Forever,734,08/08/2022, 19:12:09,844
GEOR20066,Pako Forever,736,08/08/2022, 20:15:28,844
GEOR20066,Pako Forever,737,08/08/2022, 21:12:37,844
GEOR20066,Pako Forever,738,08/08/2022, 22:15:20,844
GEOR20066,Pako Forever,741,08/08/2022, 23:15:41,844
GEOR20066,Pako Forever,743,08/09/2022, 01:19:48,844
GEOR20066,Pako Forever,743,08/09/2022, 03:41:08,844
GEOR20066,Pako Forever,744,08/09/2022, 04:37:12,844
GEOR20066,Pako Forever,745,08/09/2022, 05:21:27,844
GEOR20066,Pako Forever,746,08/09/2022, 06:18:32,844
GEOR20066,Pako Forever,747,08/09/2022, 07:12:53,844
GEOR20066,Pako Forever,748,08/09/2022, 08:17:47,844
GEOR20066,Pako Forever,748,08/09/2022, 09:14:47,844
GEOR20066,Pako Forever,749,08/09/2022, 10:16:50,844
GEOR20066,Pako Forever,751,08/09/2022, 12:30:24,844
GEOR20066,Pako Forever,752,08/09/2022, 13:44:03,844
GEOR20066,Pako Forever,752,08/09/2022, 14:17:02,844
GEOR20066,Pako Forever,758,08/09/2022, 15:15:23,844
GEOR20066,Pako Forever,758,08/09/2022, 16:18:45,844
GEOR20066,Pako Forever,758,08/09/2022, 17:17:36,844
GEOR20066,Pako Forever,760,08/09/2022, 18:16:36,844
GEOR20066,Pako Forever,762,08/09/2022, 19:14:38,844
GEOR20066,Pako Forever,763,08/09/2022, 20:15:09,844
GEOR20066,Pako Forever,766,08/09/2022, 21:12:25,844
GEOR20066,Pako Forever,766,08/09/2022, 22:13:39,844
GEOR20066,Pako Forever,768,08/09/2022, 23:14:26,844
GEOR20066,Pako Forever,771,08/10/2022, 01:12:36,844
GEOR20066,Pako Forever,773,08/10/2022, 03:02:19,844
GEOR20066,Pako Forever,775,08/10/2022, 04:17:05,844
GEOR20066,Pako Forever,776,08/10/2022, 05:13:07,844
GEOR20066,Pako Forever,777,08/10/2022, 06:18:51,844
GEOR20066,Pako Forever,777,08/10/2022, 07:13:13,844
GEOR20066,Pako Forever,778,08/10/2022, 08:17:15,844
GEOR20066,Pako Forever,780,08/10/2022, 09:14:19,844
GEOR20066,Pako Forever,780,08/10/2022, 10:15:08,844
GEOR20066,Pako Forever,780,08/10/2022, 11:12:10,844
GEOR20066,Pako Forever,780,08/10/2022, 12:26:57,844
GEOR20066,Pako Forever,782,08/10/2022, 13:30:12,844
GEOR20066,Pako Forever,782,08/10/2022, 14:12:54,844
GEOR20066,Pako Forever,782,08/10/2022, 15:14:27,844
GEOR20066,Pako Forever,782,08/10/2022, 16:19:22,844
GEOR20066,Pako Forever,783,08/10/2022, 17:20:12,844
GEOR20066,Pako Forever,785,08/10/2022, 18:16:59,844
GEOR20066,Pako Forever,790,08/10/2022, 19:11:50,844
GEOR20066,Pako Forever,790,08/10/2022, 20:15:49,844
GEOR20066,Pako Forever,795,08/10/2022, 21:12:56,844
GEOR20066,Pako Forever,795,08/10/2022, 22:13:28,844
GEOR20066,Pako Forever,795,08/10/2022, 23:13:36,844
GEOR20066,Pako Forever,795,08/11/2022, 01:07:01,844
GEOR20066,Pako Forever,797,08/11/2022, 03:16:19,844
GEOR20066,Pako Forever,797,08/11/2022, 04:22:13,844
GEOR20066,Pako Forever,797,08/11/2022, 05:13:47,844
GEOR20066,Pako Forever,798,08/11/2022, 06:17:45,844
GEOR20066,Pako Forever,800,08/11/2022, 07:13:26,844
GEOR20066,Pako Forever,801,08/11/2022, 08:16:55,844
GEOR20066,Pako Forever,801,08/11/2022, 09:14:15,844
GEOR20066,Pako Forever,801,08/11/2022, 10:15:41,844
GEOR20066,Pako Forever,801,08/11/2022, 11:12:54,844
GEOR20066,Pako Forever,801,08/11/2022, 12:28:49,844
GEOR20066,Pako Forever,803,08/11/2022, 13:37:10,844
GEOR20066,Pako Forever,803,08/11/2022, 14:12:40,844
GEOR20066,Pako Forever,803,08/11/2022, 15:15:01,844
GEOR20066,Pako Forever,804,08/11/2022, 16:18:28,844
GEOR20066,Pako Forever,804,08/11/2022, 17:16:56,844
GEOR20066,Pako Forever,804,08/11/2022, 18:16:46,844
GEOR20066,Pako Forever,804,08/11/2022, 19:10:11,844
GEOR20066,Pako Forever,808,08/11/2022, 20:14:18,844
GEOR20066,Pako Forever,810,08/11/2022, 21:13:24,844
GEOR20066,Pako Forever,810,08/11/2022, 22:13:33,844
GEOR20066,Pako Forever,811,08/11/2022, 23:14:23,844
GEOR20066,Pako Forever,813,08/12/2022, 01:11:01,844
GEOR20066,Pako Forever,815,08/12/2022, 03:25:36,844
GEOR20066,Pako Forever,816,08/12/2022, 04:28:00,844
GEOR20066,Pako Forever,816,08/12/2022, 05:15:19,844
GEOR20066,Pako Forever,816,08/12/2022, 06:17:36,844
GEOR20066,Pako Forever,816,08/12/2022, 07:12:58,844
GEOR20066,Pako Forever,817,08/12/2022, 08:17:46,844
GEOR20066,Pako Forever,818,08/12/2022, 09:14:00,844
GEOR20066,Pako Forever,818,08/12/2022, 10:17:15,844
GEOR20066,Pako Forever,818,08/12/2022, 11:12:29,844
GEOR20066,Pako Forever,818,08/12/2022, 12:26:32,844
GEOR20066,Pako Forever,819,08/12/2022, 13:38:23,844
GEOR20066,Pako Forever,819,08/12/2022, 14:13:27,844
GEOR20066,Pako Forever,821,08/12/2022, 15:15:31,844
GEOR20066,Pako Forever,822,08/12/2022, 16:22:21,844
GEOR20066,Pako Forever,824,08/12/2022, 17:21:34,844
GEOR20066,Pako Forever,824,08/12/2022, 18:17:09,844
GEOR20066,Pako Forever,825,08/12/2022, 19:11:33,844
GEOR20066,Pako Forever,826,08/12/2022, 20:14:26,844
GEOR20066,Pako Forever,827,08/12/2022, 21:13:00,844
GEOR20066,Pako Forever,829,08/12/2022, 22:14:55,844
GEOR20066,Pako Forever,829,08/12/2022, 23:13:38,844
GEOR20066,Pako Forever,829,08/13/2022, 01:05:21,844
GEOR20066,Pako Forever,830,08/13/2022, 03:17:17,844
GEOR20066,Pako Forever,830,08/13/2022, 04:21:06,844
GEOR20066,Pako Forever,831,08/13/2022, 05:12:38,844
GEOR20066,Pako Forever,833,08/13/2022, 06:16:39,844
GEOR20066,Pako Forever,834,08/13/2022, 07:13:32,844
GEOR20066,Pako Forever,834,08/13/2022, 08:17:15,844
GEOR20066,Pako Forever,835,08/13/2022, 09:13:00,844
GEOR20066,Pako Forever,836,08/13/2022, 10:14:46,844
GEOR20066,Pako Forever,839,08/13/2022, 11:11:40,844
GEOR20066,Pako Forever,839,08/13/2022, 12:22:49,844
GEOR20066,Pako Forever,840,08/13/2022, 13:24:39,844
GEOR20066,Pako Forever,840,08/13/2022, 14:12:37,844
GEOR20066,Pako Forever,842,08/13/2022, 15:13:52,844
GEOR20066,Pako Forever,844,08/13/2022, 16:17:16,844,
GEOR20066,Pako Forever,844,08/13/2022, 17:14:00,844,
GEOR20066,Pako Forever,844,08/13/2022, 18:15:45,844,
GEOR20066,Pako Forever,844,08/13/2022, 19:10:58,844,
GEOR20066,Pako Forever,844,08/13/2022, 20:14:24,844,
GEOR20066,Pako Forever,845,08/13/2022, 21:12:08,844
GEOR20066,Pako Forever,846,08/13/2022, 22:13:37,844
GEOR20066,Pako Forever,847,08/13/2022, 23:13:19,844
GEOR20066,Pako Forever,849,08/14/2022, 01:13:28,844
GEOR20066,Pako Forever,851,08/14/2022, 03:28:01,844
GEOR20066,Pako Forever,851,08/14/2022, 04:24:48,844
GEOR20066,Pako Forever,851,08/14/2022, 05:13:53,844
GEOR20066,Pako Forever,852,08/14/2022, 06:17:11,844
GEOR20066,Pako Forever,852,08/14/2022, 07:12:55,844
GEOR20066,Pako Forever,853,08/14/2022, 08:16:18,844
GEOR20066,Pako Forever,854,08/14/2022, 09:13:41,844
GEOR20066,Pako Forever,854,08/14/2022, 10:14:23,844
GEOR20066,Pako Forever,855,08/14/2022, 11:12:10,844
GEOR20066,Pako Forever,856,08/14/2022, 12:23:54,844
GEOR20066,Pako Forever,857,08/14/2022, 13:26:40,844
GEOR20066,Pako Forever,858,08/14/2022, 14:13:18,844
GEOR20066,Pako Forever,858,08/14/2022, 15:13:59,844
GEOR20066,Pako Forever,859,08/14/2022, 16:17:18,844
GEOR20066,Pako Forever,861,08/14/2022, 17:14:19,844
GEOR20066,Pako Forever,861,08/14/2022, 18:15:46,844
GEOR20066,Pako Forever,861,08/14/2022, 19:11:22,844
GEOR20066,Pako Forever,861,08/14/2022, 20:14:02,844
GEOR20066,Pako Forever,861,08/14/2022, 21:12:42,844
GEOR20066,Pako Forever,863,08/14/2022, 22:13:38,844
GEOR20066,Pako Forever,864,08/14/2022, 23:13:31,844
GEOR20066,Pako Forever,864,08/15/2022, 01:17:04,844
GEOR20066,Pako Forever,864,08/15/2022, 03:53:59,844
GEOR20066,Pako Forever,864,08/15/2022, 05:00:40,844
GEOR20066,Pako Forever,864,08/15/2022, 05:40:10,844
GEOR20066,Pako Forever,865,08/15/2022, 06:18:41,844
GEOR20066,Pako Forever,865,08/15/2022, 07:12:52,844
GEOR20066,Pako Forever,866,08/15/2022, 08:17:34,844
GEOR20066,Pako Forever,866,08/15/2022, 09:14:20,844
GEOR20066,Pako Forever,866,08/15/2022, 10:16:29,844
GEOR20066,Pako Forever,866,08/15/2022, 11:12:00,844
GEOR20066,Pako Forever,866,08/15/2022, 12:28:22,844
GEOR20066,Pako Forever,867,08/15/2022, 13:37:56,844
GEOR20066,Pako Forever,867,08/15/2022, 14:17:33,844
GEOR20066,Pako Forever,867,08/15/2022, 15:16:06,844
GEOR20066,Pako Forever,867,08/15/2022, 16:19:35,844
GEOR20066,Pako Forever,868,08/15/2022, 17:21:39,844
GEOR20066,Pako Forever,869,08/15/2022, 18:18:17,844
GEOR20066,Pako Forever,869,08/15/2022, 19:11:16,844
GEOR20066,Pako Forever,870,08/15/2022, 20:15:01,844
GEOR20066,Pako Forever,870,08/15/2022, 21:12:41,844
GEOR20066,Pako Forever,871,08/15/2022, 22:14:28,844
GEOR20066,Pako Forever,873,08/15/2022, 23:14:35,844
GEOR20066,Pako Forever,875,08/16/2022, 01:19:26,844
GEOR20066,Pako Forever,875,08/16/2022, 03:42:14,844
GEOR20066,Pako Forever,876,08/16/2022, 04:36:53,844
GEOR20066,Pako Forever,877,08/16/2022, 05:17:09,844
GEOR20066,Pako Forever,878,08/16/2022, 06:18:01,844
GEOR20066,Pako Forever,878,08/16/2022, 07:11:40,844
GEOR20066,Pako Forever,880,08/16/2022, 08:14:29,844
GEOR20066,Pako Forever,882,08/16/2022, 09:12:41,844
GEOR20066,Pako Forever,882,08/16/2022, 10:16:05,844
GEOR20066,Pako Forever,882,08/16/2022, 11:11:16,844
GEOR20066,Pako Forever,882,08/16/2022, 12:24:13,844
GEOR20066,Pako Forever,882,08/16/2022, 13:28:26,844
GEOR20066,Pako Forever,883,08/16/2022, 14:13:55,844
GEOR20066,Pako Forever,884,08/16/2022, 15:15:16,844
GEOR20066,Pako Forever,884,08/16/2022, 16:19:12,844
GEOR20066,Pako Forever,884,08/16/2022, 17:18:40,844
GEOR20066,Pako Forever,884,08/16/2022, 18:20:02,844
GEOR20066,Pako Forever,884,08/16/2022, 19:11:18,844
GEOR20066,Pako Forever,884,08/16/2022, 20:15:23,844
GEOR20066,Pako Forever,884,08/16/2022, 21:12:38,844
GEOR20066,Pako Forever,884,08/16/2022, 22:14:44,844
GEOR20066,Pako Forever,884,08/16/2022, 23:12:56,844
GEOR20066,Pako Forever,886,08/17/2022, 01:20:50,844
GEOR20066,Pako Forever,889,08/17/2022, 03:55:33,844
GEOR20066,Pako Forever,889,08/17/2022, 05:05:03,844
GEOR20066,Pako Forever,889,08/17/2022, 06:18:22,844
GEOR20066,Pako Forever,889,08/17/2022, 07:13:00,844
GEOR20066,Pako Forever,889,08/17/2022, 08:18:05,844
GEOR20066,Pako Forever,889,08/17/2022, 09:15:35,844
GEOR20066,Pako Forever,890,08/17/2022, 10:15:36,844
GEOR20066,Pako Forever,891,08/17/2022, 11:11:58,844
GEOR20066,Pako Forever,893,08/17/2022, 12:29:18,844
GEOR20066,Pako Forever,894,08/17/2022, 13:43:51,844
GEOR20066,Pako Forever,895,08/17/2022, 14:18:12,844
GEOR20066,Pako Forever,897,08/17/2022, 15:15:30,844
GEOR20066,Pako Forever,897,08/17/2022, 16:20:17,844
GEOR20066,Pako Forever,899,08/17/2022, 17:21:52,844
GEOR20066,Pako Forever,899,08/17/2022, 18:17:11,844
GEOR20066,Pako Forever,900,08/17/2022, 19:11:27,844
GEOR20066,Pako Forever,901,08/17/2022, 20:15:11,844
GEOR20066,Pako Forever,903,08/17/2022, 21:12:47,844
GEOR20066,Pako Forever,905,08/17/2022, 22:13:38,844
GEOR20066,Pako Forever,908,08/17/2022, 23:14:56,844
GEOR20066,Pako Forever,909,08/18/2022, 01:24:39,844
GEOR20066,Pako Forever,913,08/18/2022, 03:59:41,844
GEOR20066,Pako Forever,915,08/18/2022, 05:04:18,844
GEOR20066,Pako Forever,916,08/18/2022, 06:18:08,844
GEOR20066,Pako Forever,916,08/18/2022, 07:13:27,844
GEOR20066,Pako Forever,916,08/18/2022, 08:17:23,844
GEOR20066,Pako Forever,917,08/18/2022, 09:15:02,844
GEOR20066,Pako Forever,917,08/18/2022, 10:17:24,844
GEOR20066,Pako Forever,917,08/18/2022, 11:12:45,844
GEOR20066,Pako Forever,918,08/18/2022, 12:29:39,844
GEOR20066,Pako Forever,918,08/18/2022, 13:38:41,844
GEOR20066,Pako Forever,919,08/18/2022, 14:15:31,844
GEOR20066,Pako Forever,920,08/18/2022, 15:24:06,844
GEOR20066,Pako Forever,923,08/18/2022, 17:33:01,844
GEOR20066,Pako Forever,924,08/18/2022, 18:16:09,844
GEOR20066,Pako Forever,925,08/18/2022, 19:12:25,844
GEOR20066,Pako Forever,927,08/18/2022, 20:16:29,844
GEOR20066,Pako Forever,927,08/18/2022, 21:13:16,844
GEOR20066,Pako Forever,928,08/18/2022, 22:14:23,844
GEOR20066,Pako Forever,928,08/18/2022, 23:14:38,844
GEOR20066,Pako Forever,928,08/19/2022, 01:16:03,844
GEOR20066,Pako Forever,929,08/19/2022, 03:48:01,844
GEOR20066,Pako Forever,929,08/19/2022, 04:46:57,844
GEOR20066,Pako Forever,929,08/19/2022, 05:24:25,844
GEOR20066,Pako Forever,930,08/19/2022, 06:19:49,844
GEOR20066,Pako Forever,931,08/19/2022, 07:13:22,844
GEOR20066,Pako Forever,931,08/19/2022, 08:17:36,844
GEOR20066,Pako Forever,931,08/19/2022, 09:14:32,844
GEOR20066,Pako Forever,931,08/19/2022, 10:17:34,844
GEOR20066,Pako Forever,933,08/19/2022, 11:12:44,844
GEOR20066,Pako Forever,933,08/19/2022, 12:25:55,844
GEOR20066,Pako Forever,934,08/19/2022, 13:36:35,844
GEOR20066,Pako Forever,935,08/19/2022, 14:14:03,844
GEOR20066,Pako Forever,937,08/19/2022, 15:16:01,844
GEOR20066,Pako Forever,937,08/19/2022, 16:20:29,844
GEOR20066,Pako Forever,937,08/19/2022, 17:22:21,844
GEOR20066,Pako Forever,937,08/19/2022, 18:19:15,844
GEOR20066,Pako Forever,938,08/19/2022, 19:11:12,844
GEOR20066,Pako Forever,939,08/19/2022, 20:15:45,844
GEOR20066,Pako Forever,939,08/19/2022, 21:12:56,844
GEOR20066,Pako Forever,939,08/19/2022, 22:15:41,844
GEOR20066,Pako Forever,939,08/19/2022, 23:13:54,844
GEOR20066,Pako Forever,941,08/20/2022, 01:12:20,844
GEOR20066,Pako Forever,942,08/20/2022, 03:36:20,844
GEOR20066,Pako Forever,943,08/20/2022, 04:29:14,844
GEOR20066,Pako Forever,943,08/20/2022, 05:15:51,844
GEOR20066,Pako Forever,943,08/20/2022, 06:16:34,844
GEOR20066,Pako Forever,944,08/20/2022, 07:13:03,844
GEOR20066,Pako Forever,944,08/20/2022, 08:18:01,844
GEOR20066,Pako Forever,945,08/20/2022, 09:13:29,844
GEOR20066,Pako Forever,946,08/20/2022, 10:14:25,844
GEOR20066,Pako Forever,946,08/20/2022, 11:12:00,844
GEOR20066,Pako Forever,948,08/20/2022, 12:23:28,844
GEOR20066,Pako Forever,949,08/20/2022, 13:24:56,844
GEOR20066,Pako Forever,951,08/20/2022, 14:12:37,844
GEOR20066,Pako Forever,951,08/20/2022, 15:13:57,844
GEOR20066,Pako Forever,952,08/20/2022, 16:17:25,844
GEOR20066,Pako Forever,952,08/20/2022, 17:14:41,844
GEOR20066,Pako Forever,955,08/20/2022, 18:15:58,844
GEOR20066,Pako Forever,957,08/20/2022, 19:11:22,844
GEOR20066,Pako Forever,957,08/20/2022, 20:14:30,844
GEOR20066,Pako Forever,960,08/20/2022, 21:12:52,844
GEOR20066,Pako Forever,962,08/20/2022, 22:13:30,844
GEOR20066,Pako Forever,964,08/20/2022, 23:13:14,844
GEOR20066,Pako Forever,966,08/21/2022, 01:11:34,844
GEOR20066,Pako Forever,967,08/21/2022, 03:38:41,844
GEOR20066,Pako Forever,971,08/21/2022, 04:29:40,844
GEOR20066,Pako Forever,974,08/21/2022, 05:16:23,844
GEOR20066,Pako Forever,975,08/21/2022, 06:17:11,844
GEOR20066,Pako Forever,975,08/21/2022, 07:13:08,844
GEOR20066,Pako Forever,975,08/21/2022, 08:16:57,844
GEOR20066,Pako Forever,975,08/21/2022, 09:13:23,844
GEOR20066,Pako Forever,977,08/21/2022, 10:14:43,844
GEOR20066,Pako Forever,978,08/21/2022, 11:12:04,844
GEOR20066,Pako Forever,979,08/21/2022, 12:23:02,844
GEOR20066,Pako Forever,979,08/21/2022, 13:25:15,844
GEOR20066,Pako Forever,980,08/21/2022, 14:12:17,844
GEOR20066,Pako Forever,980,08/21/2022, 15:13:29,844
GEOR20066,Pako Forever,980,08/21/2022, 16:18:13,844
GEOR20066,Pako Forever,982,08/21/2022, 17:15:05,844
GEOR20066,Pako Forever,984,08/21/2022, 18:16:27,844
GEOR20066,Pako Forever,984,08/21/2022, 19:11:49,844
GEOR20066,Pako Forever,985,08/21/2022, 20:14:45,844
GEOR20066,Pako Forever,986,08/21/2022, 21:12:22,844
GEOR20066,Pako Forever,986,08/21/2022, 22:13:42,844
GEOR20066,Pako Forever,986,08/21/2022, 23:13:36,844
GEOR20066,Pako Forever,987,08/22/2022, 01:14:06,844
GEOR20066,Pako Forever,991,08/22/2022, 03:56:58,844
GEOR20066,Pako Forever,991,08/22/2022, 05:08:13,844
GEOR20066,Pako Forever,993,08/22/2022, 06:20:50,844
GEOR20066,Pako Forever,993,08/22/2022, 07:12:43,844
GEOR20066,Pako Forever,993,08/22/2022, 08:18:09,844
GEOR20066,Pako Forever,993,08/22/2022, 09:14:19,844
GEOR20066,Pako Forever,993,08/22/2022, 10:16:33,844
GEOR20066,Pako Forever,993,08/22/2022, 11:12:37,844
GEOR20066,Pako Forever,993,08/22/2022, 12:29:40,844
GEOR20066,Pako Forever,994,08/22/2022, 13:38:22,844
GEOR20066,Pako Forever,994,08/22/2022, 14:12:41,844
GEOR20066,Pako Forever,996,08/22/2022, 15:16:35,844
GEOR20066,Pako Forever,998,08/22/2022, 16:17:51,844
GEOR20066,Pako Forever,1000,08/22/2022, 17:16:17,844
GEOR20066,Pako Forever,1001,08/22/2022, 18:16:18,844
GEOR20066,Pako Forever,1004,08/22/2022, 19:11:56,844
GEOR20066,Pako Forever,1004,08/22/2022, 20:14:27,844
GEOR20066,Pako Forever,1005,08/22/2022, 21:12:51,844
GEOR20066,Pako Forever,1006,08/22/2022, 22:14:56,844
GEOR20066,Pako Forever,1007,08/22/2022, 23:14:09,844
GEOR20066,Pako Forever,1007,08/23/2022, 01:24:55,844
GEOR20066,Pako Forever,1010,08/23/2022, 04:10:06,844
GEOR20066,Pako Forever,1010,08/23/2022, 05:51:44,844
GEOR20066,Pako Forever,1010,08/23/2022, 06:27:48,844
GEOR20066,Pako Forever,1010,08/23/2022, 07:17:57,844
GEOR20066,Pako Forever,1010,08/23/2022, 08:18:30,844
GEOR20066,Pako Forever,1011,08/23/2022, 09:14:25,844
GEOR20066,Pako Forever,1012,08/23/2022, 10:16:05,844
GEOR20066,Pako Forever,1012,08/23/2022, 11:12:29,844
GEOR20066,Pako Forever,1013,08/23/2022, 12:27:30,844
GEOR20066,Pako Forever,1014,08/23/2022, 13:34:55,844
GEOR20066,Pako Forever,1015,08/23/2022, 14:13:22,844
GEOR20066,Pako Forever,1017,08/23/2022, 15:14:28,844
GEOR20066,Pako Forever,1017,08/23/2022, 16:19:08,844
GEOR20066,Pako Forever,1018,08/23/2022, 17:18:11,844
GEOR20066,Pako Forever,1022,08/23/2022, 18:17:16,844
GEOR20066,Pako Forever,1023,08/23/2022, 19:11:55,844
GEOR20066,Pako Forever,1025,08/23/2022, 20:15:06,844
GEOR20066,Pako Forever,1026,08/23/2022, 21:12:57,844
GEOR20066,Pako Forever,1027,08/23/2022, 22:14:06,844
GEOR20066,Pako Forever,1028,08/23/2022, 23:14:09,844
GEOR20066,Pako Forever,1028,08/24/2022, 01:20:49,844
GEOR20066,Pako Forever,1031,08/24/2022, 04:04:53,844
GEOR20066,Pako Forever,1034,08/24/2022, 05:40:40,844
GEOR20066,Pako Forever,1034,08/24/2022, 06:19:30,844
GEOR20066,Pako Forever,1034,08/24/2022, 07:13:41,844
GEOR20066,Pako Forever,1035,08/24/2022, 08:17:48,844
GEOR20066,Pako Forever,1036,08/24/2022, 09:13:52,844
GEOR20066,Pako Forever,1037,08/24/2022, 10:15:52,844
GEOR20066,Pako Forever,1037,08/24/2022, 11:12:42,844
GEOR20066,Pako Forever,1037,08/24/2022, 12:28:00,844
GEOR20066,Pako Forever,1038,08/24/2022, 13:32:54,844
GEOR20066,Pako Forever,1038,08/24/2022, 14:13:16,844
GEOR20066,Pako Forever,1040,08/24/2022, 15:15:07,844
GEOR20066,Pako Forever,1042,08/24/2022, 16:19:08,844
GEOR20066,Pako Forever,1042,08/24/2022, 17:16:09,844
GEOR20066,Pako Forever,1042,08/24/2022, 18:26:13,844
GEOR20066,Pako Forever,1042,08/24/2022, 19:13:17,844
GEOR20066,Pako Forever,1043,08/24/2022, 20:15:02,844
GEOR20066,Pako Forever,1047,08/24/2022, 21:12:53,844
GEOR20066,Pako Forever,1048,08/24/2022, 22:14:00,844
GEOR20066,Pako Forever,1048,08/24/2022, 23:14:57,844
GEOR20066,Pako Forever,1050,08/25/2022, 01:23:44,844
GEOR20066,Pako Forever,1051,08/25/2022, 04:07:54,844
GEOR20066,Pako Forever,1051,08/25/2022, 05:51:40,844
GEOR20066,Pako Forever,1052,08/25/2022, 06:28:48,844
GEOR20066,Pako Forever,1052,08/25/2022, 07:19:19,844
GEOR20066,Pako Forever,1052,08/25/2022, 08:19:54,844
GEOR20066,Pako Forever,1052,08/25/2022, 09:14:03,844
GEOR20066,Pako Forever,1052,08/25/2022, 10:16:16,844
GEOR20066,Pako Forever,1052,08/25/2022, 11:13:39,844
GEOR20066,Pako Forever,1052,08/25/2022, 12:29:10,844
GEOR20066,Pako Forever,1052,08/25/2022, 13:37:44,844
GEOR20066,Pako Forever,1053,08/25/2022, 15:12:17,844
GEOR20066,Pako Forever,1053,08/25/2022, 15:15:27,844
GEOR20066,Pako Forever,1054,08/25/2022, 16:18:09,844
GEOR20066,Pako Forever,1054,08/25/2022, 17:17:36,844
GEOR20066,Pako Forever,1054,08/25/2022, 18:16:39,844
GEOR20066,Pako Forever,1059,08/25/2022, 19:11:52,844
GEOR20066,Pako Forever,1060,08/25/2022, 20:15:18,844
GEOR20066,Pako Forever,1060,08/25/2022, 21:13:24,844
GEOR20066,Pako Forever,1061,08/25/2022, 22:14:52,844
GEOR20066,Pako Forever,1061,08/25/2022, 23:21:09,844
GEOR20066,Pako Forever,1062,08/26/2022, 01:18:56,844
GEOR20066,Pako Forever,1062,08/26/2022, 04:14:49,844
GEOR20066,Pako Forever,1063,08/26/2022, 05:56:55,844
GEOR20066,Pako Forever,1064,08/26/2022, 06:34:52,844
GEOR20066,Pako Forever,1064,08/26/2022, 07:19:37,844
GEOR20066,Pako Forever,1065,08/26/2022, 08:18:47,844
GEOR20066,Pako Forever,1065,08/26/2022, 09:13:57,844
GEOR20066,Pako Forever,1065,08/26/2022, 11:12:50,844
GEOR20066,Pako Forever,1065,08/26/2022, 12:28:29,844
GEOR20066,Pako Forever,1065,08/26/2022, 13:33:32,844
GEOR20066,Pako Forever,1066,08/26/2022, 14:13:04,844
GEOR20066,Pako Forever,1066,08/26/2022, 15:16:30,844
GEOR20066,Pako Forever,1067,08/26/2022, 16:19:36,844
GEOR20066,Pako Forever,1067,08/26/2022, 17:18:51,844
GEOR20066,Pako Forever,1068,08/26/2022, 18:17:22,844
GEOR20066,Pako Forever,1069,08/26/2022, 19:11:38,844
GEOR20066,Pako Forever,1069,08/26/2022, 20:15:18,844
GEOR20066,Pako Forever,1070,08/26/2022, 21:12:44,844
GEOR20066,Pako Forever,1071,08/26/2022, 22:14:05,844
GEOR20066,Pako Forever,1073,08/26/2022, 23:14:16,844
GEOR20066,Pako Forever,1074,08/27/2022, 01:16:31,844
GEOR20066,Pako Forever,1076,08/27/2022, 03:59:46,844
GEOR20066,Pako Forever,1076,08/27/2022, 04:59:48,844
GEOR20066,Pako Forever,1076,08/27/2022, 05:32:24,844
GEOR20066,Pako Forever,1076,08/27/2022, 06:16:58,844
GEOR20066,Pako Forever,1076,08/27/2022, 07:13:20,844
GEOR20066,Pako Forever,1076,08/27/2022, 08:17:18,844
GEOR20066,Pako Forever,1078,08/27/2022, 09:13:35,844
GEOR20066,Pako Forever,1078,08/27/2022, 10:14:34,844
GEOR20066,Pako Forever,1079,08/27/2022, 11:12:23,844
GEOR20066,Pako Forever,1080,08/27/2022, 12:28:04,844
GEOR20066,Pako Forever,1081,08/27/2022, 13:26:31,844
GEOR20066,Pako Forever,1082,08/27/2022, 14:12:32,844
GEOR20066,Pako Forever,1082,08/27/2022, 15:14:20,844
GEOR20066,Pako Forever,1082,08/27/2022, 16:17:44,844
GEOR20066,Pako Forever,1082,08/27/2022, 17:15:10,844
GEOR20066,Pako Forever,1083,08/27/2022, 18:16:45,844
GEOR20066,Pako Forever,1083,08/27/2022, 19:11:42,844
GEOR20066,Pako Forever,1083,08/27/2022, 20:14:19,844
GEOR20066,Pako Forever,1083,08/27/2022, 21:12:58,844
GEOR20066,Pako Forever,1085,08/27/2022, 22:13:05,844
GEOR20066,Pako Forever,1086,08/27/2022, 23:13:59,844
GEOR20066,Pako Forever,1087,08/28/2022, 01:18:05,844
GEOR20066,Pako Forever,1092,08/28/2022, 03:54:40,844
GEOR20066,Pako Forever,1093,08/28/2022, 04:53:05,844
GEOR20066,Pako Forever,1094,08/28/2022, 05:27:32,844
GEOR20066,Pako Forever,1094,08/28/2022, 06:17:06,844
GEOR20066,Pako Forever,1095,08/28/2022, 07:13:16,844
GEOR20066,Pako Forever,1095,08/28/2022, 08:17:32,844
GEOR20066,Pako Forever,1095,08/28/2022, 09:13:42,844
GEOR20066,Pako Forever,1096,08/28/2022, 10:15:20,844
GEOR20066,Pako Forever,1096,08/28/2022, 11:11:52,844
GEOR20066,Pako Forever,1099,08/28/2022, 12:24:03,844
GEOR20066,Pako Forever,1100,08/28/2022, 13:26:08,844
GEOR20066,Pako Forever,1100,08/28/2022, 14:12:49,844
GEOR20066,Pako Forever,1101,08/28/2022, 15:14:25,844
GEOR20066,Pako Forever,1102,08/28/2022, 16:17:52,844
GEOR20066,Pako Forever,1105,08/28/2022, 17:15:36,844
GEOR20066,Pako Forever,1107,08/28/2022, 18:16:56,844
GEOR20066,Pako Forever,1107,08/28/2022, 19:11:53,844
GEOR20066,Pako Forever,1107,08/28/2022, 20:14:58,844
GEOR20066,Pako Forever,1107,08/28/2022, 21:14:18,844
GEOR20066,Pako Forever,1108,08/28/2022, 22:13:27,844
GEOR20066,Pako Forever,1108,08/28/2022, 23:13:43,844
GEOR20066,Pako Forever,1109,08/29/2022, 01:26:01,844
GEOR20066,Pako Forever,1110,08/29/2022, 04:08:15,844
GEOR20066,Pako Forever,1111,08/29/2022, 06:04:27,844
GEOR20066,Pako Forever,1111,08/29/2022, 07:20:26,844
GEOR20066,Pako Forever,1112,08/29/2022, 08:18:27,844
GEOR20066,Pako Forever,1113,08/29/2022, 09:14:22,844
GEOR20066,Pako Forever,1114,08/29/2022, 10:15:55,844
GEOR20066,Pako Forever,1115,08/29/2022, 11:13:42,844
GEOR20066,Pako Forever,1115,08/29/2022, 12:28:50,844
GEOR20066,Pako Forever,1116,08/29/2022, 13:37:06,844
GEOR20066,Pako Forever,1117,08/29/2022, 14:15:11,844
GEOR20066,Pako Forever,1118,08/29/2022, 15:15:37,844
GEOR20066,Pako Forever,1118,08/29/2022, 16:19:01,844
GEOR20066,Pako Forever,1118,08/29/2022, 17:19:40,844
GEOR20066,Pako Forever,1118,08/29/2022, 18:17:42,844
GEOR20066,Pako Forever,1118,08/29/2022, 19:11:44,844
GEOR20066,Pako Forever,1119,08/29/2022, 20:15:31,844
GEOR20066,Pako Forever,1120,08/29/2022, 21:13:25,844
GEOR20066,Pako Forever,1122,08/29/2022, 22:14:26,844
GEOR20066,Pako Forever,1122,08/29/2022, 23:15:07,844
GEOR20066,Pako Forever,1123,08/30/2022, 01:28:36,844
GEOR20066,Pako Forever,1125,08/30/2022, 04:17:06,844
GEOR20066,Pako Forever,1125,08/30/2022, 06:09:22,844
GEOR20066,Pako Forever,1125,08/30/2022, 07:23:56,844
GEOR20066,Pako Forever,1125,08/30/2022, 08:19:17,844
GEOR20066,Pako Forever,1126,08/30/2022, 09:14:25,844
GEOR20066,Pako Forever,1126,08/30/2022, 10:15:34,844
GEOR20066,Pako Forever,1126,08/30/2022, 11:13:17,844
GEOR20066,Pako Forever,1126,08/30/2022, 12:30:06,844
GEOR20066,Pako Forever,1127,08/30/2022, 13:39:11,844
GEOR20066,Pako Forever,1127,08/30/2022, 14:15:27,844
GEOR20066,Pako Forever,1127,08/30/2022, 15:14:56,844
GEOR20066,Pako Forever,1127,08/30/2022, 16:19:41,844
GEOR20066,Pako Forever,1128,08/30/2022, 17:21:18,844
GEOR20066,Pako Forever,1130,08/30/2022, 18:17:51,844
GEOR20066,Pako Forever,1131,08/30/2022, 19:12:09,844
GEOR20066,Pako Forever,1132,08/30/2022, 20:15:43,844
GEOR20066,Pako Forever,1133,08/30/2022, 21:13:56,844
GEOR20066,Pako Forever,1134,08/30/2022, 22:15:12,844
GEOR20066,Pako Forever,1138,08/31/2022, 01:28:40,844
GEOR20066,Pako Forever,1141,08/31/2022, 04:29:04,844
GEOR20066,Pako Forever,1141,08/31/2022, 06:22:16,844
GEOR20066,Pako Forever,1142,08/31/2022, 07:34:40,844
GEOR20066,Pako Forever,1144,08/31/2022, 08:17:36,844
GEOR20066,Pako Forever,1144,08/31/2022, 09:14:55,844
GEOR20066,Pako Forever,1144,08/31/2022, 10:15:28,844
GEOR20066,Pako Forever,1146,08/31/2022, 11:12:40,844
GEOR20066,Pako Forever,1147,08/31/2022, 12:29:19,844
GEOR20066,Pako Forever,1148,08/31/2022, 13:37:32,844
GEOR20066,Pako Forever,1148,08/31/2022, 14:14:42,844
GEOR20066,Pako Forever,1149,08/31/2022, 15:14:57,844
GEOR20066,Pako Forever,1149,08/31/2022, 16:20:01,844
GEOR20066,Pako Forever,1150,08/31/2022, 17:19:46,844
GEOR20066,Pako Forever,1151,08/31/2022, 18:18:04,844
GEOR20066,Pako Forever,1151,08/31/2022, 19:12:22,844
GEOR20066,Pako Forever,1152,08/31/2022, 20:16:05,844
GEOR20066,Pako Forever,1153,08/31/2022, 21:13:27,844
GEOR20066,Pako Forever,1156,08/31/2022, 22:14:38,844
GEOR20066,Pako Forever,1157,08/31/2022, 23:14:45,844
GEOR20066,Pako Forever,1159,09/01/2022, 01:14:16,844
GEOR20066,Pako Forever,1160,09/01/2022, 04:04:05,844
GEOR20066,Pako Forever,1161,09/01/2022, 05:48:07,844
GEOR20066,Pako Forever,1161,09/01/2022, 06:25:55,844
GEOR20066,Pako Forever,1161,09/01/2022, 07:17:15,844
GEOR20066,Pako Forever,1161,09/01/2022, 08:20:28,844
GEOR20066,Pako Forever,1161,09/01/2022, 09:14:31,844
GEOR20066,Pako Forever,1161,09/01/2022, 10:15:54,844
GEOR20066,Pako Forever,1163,09/01/2022, 11:12:54,844
GEOR20066,Pako Forever,1164,09/01/2022, 12:27:29,844
GEOR20066,Pako Forever,1164,09/01/2022, 13:34:29,844
GEOR20066,Pako Forever,1164,09/01/2022, 14:13:46,844
GEOR20066,Pako Forever,1165,09/01/2022, 15:16:51,844
GEOR20066,Pako Forever,1166,09/01/2022, 16:19:57,844
GEOR20066,Pako Forever,1167,09/01/2022, 17:20:18,844
GEOR20066,Pako Forever,1167,09/01/2022, 18:19:22,844
GEOR20066,Pako Forever,1167,09/01/2022, 19:11:28,844
GEOR20066,Pako Forever,1171,09/01/2022, 20:15:50,844
GEOR20066,Pako Forever,1172,09/01/2022, 21:13:54,844
GEOR20066,Pako Forever,1173,09/01/2022, 22:14:41,844
GEOR20066,Pako Forever,1173,09/01/2022, 23:15:40,844
GEOR20066,Pako Forever,1175,09/02/2022, 01:19:12,844
GEOR20066,Pako Forever,1176,09/02/2022, 04:12:14,844
GEOR20066,Pako Forever,1178,09/02/2022, 05:59:09,844
GEOR20066,Pako Forever,1178,09/02/2022, 06:43:04,844
GEOR20066,Pako Forever,1178,09/02/2022, 07:21:06,844
GEOR20066,Pako Forever,1178,09/02/2022, 08:18:26,844
GEOR20066,Pako Forever,1178,09/02/2022, 09:14:17,844
GEOR20066,Pako Forever,1178,09/02/2022, 10:16:19,844
GEOR20066,Pako Forever,1178,09/02/2022, 11:13:20,844
GEOR20066,Pako Forever,1179,09/02/2022, 12:28:41,844
GEOR20066,Pako Forever,1179,09/02/2022, 13:36:53,844
GEOR20066,Pako Forever,1179,09/02/2022, 14:13:04,844
GEOR20066,Pako Forever,1181,09/02/2022, 15:15:21,844
GEOR20066,Pako Forever,1181,09/02/2022, 16:19:04,844
GEOR20066,Pako Forever,1182,09/02/2022, 17:19:39,844
GEOR20066,Pako Forever,1183,09/02/2022, 18:18:29,844
GEOR20066,Pako Forever,1184,09/02/2022, 19:11:11,844
GEOR20066,Pako Forever,1184,09/02/2022, 20:15:24,844
GEOR20066,Pako Forever,1186,09/02/2022, 21:12:57,844
GEOR20066,Pako Forever,1187,09/02/2022, 22:14:38,844
GEOR20066,Pako Forever,1189,09/02/2022, 23:14:39,844
GEOR20066,Pako Forever,1190,09/03/2022, 01:15:37,844
GEOR20066,Pako Forever,1190,09/03/2022, 04:01:24,844
GEOR20066,Pako Forever,1190,09/03/2022, 05:30:11,844
GEOR20066,Pako Forever,1191,09/03/2022, 06:17:11,844
GEOR20066,Pako Forever,1192,09/03/2022, 07:13:03,844
GEOR20066,Pako Forever,1192,09/03/2022, 08:17:17,844
GEOR20066,Pako Forever,1195,09/03/2022, 09:13:44,844
GEOR20066,Pako Forever,1196,09/03/2022, 10:15:21,844
GEOR20066,Pako Forever,1196,09/03/2022, 11:12:01,844
GEOR20066,Pako Forever,1196,09/03/2022, 12:23:48,844
GEOR20066,Pako Forever,1196,09/03/2022, 13:28:05,844
GEOR20066,Pako Forever,1198,09/03/2022, 14:13:33,844
GEOR20066,Pako Forever,1202,09/03/2022, 15:14:38,844
GEOR20066,Pako Forever,1202,09/03/2022, 16:17:59,844
GEOR20066,Pako Forever,1203,09/03/2022, 17:16:00,844
GEOR20066,Pako Forever,1205,09/03/2022, 18:17:04,844
GEOR20066,Pako Forever,1205,09/03/2022, 19:12:40,844
GEOR20066,Pako Forever,1205,09/03/2022, 20:14:40,844
GEOR20066,Pako Forever,1206,09/03/2022, 21:13:10,844
GEOR20066,Pako Forever,1206,09/03/2022, 22:13:27,844
GEOR20066,Pako Forever,1207,09/03/2022, 23:13:51,844
GEOR20066,Pako Forever,1208,09/04/2022, 01:16:42,844
GEOR20066,Pako Forever,1209,09/04/2022, 04:06:23,844
GEOR20066,Pako Forever,1211,09/04/2022, 05:32:24,844
GEOR20066,Pako Forever,1211,09/04/2022, 06:16:40,844
GEOR20066,Pako Forever,1212,09/04/2022, 07:13:26,844
GEOR20066,Pako Forever,1213,09/04/2022, 08:17:19,844
GEOR20066,Pako Forever,1213,09/04/2022, 09:14:01,844
GEOR20066,Pako Forever,1213,09/04/2022, 10:15:02,844
GEOR20066,Pako Forever,1213,09/04/2022, 11:11:59,844
GEOR20066,Pako Forever,1213,09/04/2022, 12:28:06,844
GEOR20066,Pako Forever,1214,09/04/2022, 13:28:10,844
GEOR20066,Pako Forever,1214,09/04/2022, 14:12:39,844
GEOR20066,Pako Forever,1214,09/04/2022, 15:14:05,844
GEOR20066,Pako Forever,1218,09/04/2022, 16:18:37,844
GEOR20066,Pako Forever,1218,09/04/2022, 17:16:17,844
GEOR20066,Pako Forever,1218,09/04/2022, 18:16:51,844
GEOR20066,Pako Forever,1219,09/04/2022, 19:12:07,844
GEOR20066,Pako Forever,1220,09/04/2022, 20:15:37,844
GEOR20066,Pako Forever,1222,09/04/2022, 21:12:46,844
GEOR20066,Pako Forever,1222,09/04/2022, 22:14:09,844
GEOR20066,Pako Forever,1222,09/04/2022, 23:14:25,844
GEOR20066,Pako Forever,1223,09/05/2022, 01:26:44,844
GEOR20066,Pako Forever,1224,09/05/2022, 04:15:28,844
GEOR20066,Pako Forever,1226,09/05/2022, 06:00:03,844
GEOR20066,Pako Forever,1227,09/05/2022, 06:52:20,844
GEOR20066,Pako Forever,1228,09/05/2022, 07:28:15,844
GEOR20066,Pako Forever,1228,09/05/2022, 08:18:12,844
GEOR20066,Pako Forever,1228,09/05/2022, 09:15:15,844
GEOR20066,Pako Forever,1228,09/05/2022, 10:16:05,844
GEOR20066,Pako Forever,1228,09/05/2022, 11:13:54,844
GEOR20066,Pako Forever,1228,09/05/2022, 12:27:46,844
GEOR20066,Pako Forever,1229,09/05/2022, 13:40:23,844
GEOR20066,Pako Forever,1229,09/05/2022, 14:16:17,844
GEOR20066,Pako Forever,1230,09/05/2022, 15:15:31,844
GEOR20066,Pako Forever,1230,09/05/2022, 16:19:07,844
GEOR20066,Pako Forever,1230,09/05/2022, 17:19:38,844
GEOR20066,Pako Forever,1231,09/05/2022, 18:18:17,844
GEOR20066,Pako Forever,1233,09/05/2022, 19:11:30,844
GEOR20066,Pako Forever,1234,09/05/2022, 20:15:52,844
GEOR20066,Pako Forever,1234,09/05/2022, 21:13:34,844
GEOR20066,Pako Forever,1235,09/05/2022, 22:14:38,844
GEOR20066,Pako Forever,1236,09/05/2022, 23:15:56,844
GEOR20066,Pako Forever,1237,09/06/2022, 01:28:46,844
GEOR20066,Pako Forever,1239,09/06/2022, 04:20:23,844
GEOR20066,Pako Forever,1241,09/06/2022, 06:12:52,844
GEOR20066,Pako Forever,1241,09/06/2022, 07:35:47,844
GEOR20066,Pako Forever,1241,09/06/2022, 08:18:21,844
GEOR20066,Pako Forever,1246,09/06/2022, 09:14:50,844
GEOR20066,Pako Forever,1246,09/06/2022, 10:16:32,844
GEOR20066,Pako Forever,1247,09/06/2022, 11:13:16,844
GEOR20066,Pako Forever,1247,09/06/2022, 12:29:17,844
GEOR20066,Pako Forever,1247,09/06/2022, 13:39:48,844
GEOR20066,Pako Forever,1247,09/06/2022, 14:17:29,844
GEOR20066,Pako Forever,1247,09/06/2022, 15:15:31,844
GEOR20066,Pako Forever,1251,09/06/2022, 16:19:44,844
GEOR20066,Pako Forever,1253,09/06/2022, 17:21:36,844
GEOR20066,Pako Forever,1253,09/06/2022, 18:17:59,844
GEOR20066,Pako Forever,1255,09/06/2022, 19:11:51,844
GEOR20066,Pako Forever,1256,09/06/2022, 20:15:14,844
GEOR20066,Pako Forever,1257,09/06/2022, 21:13:39,844
GEOR20066,Pako Forever,1257,09/06/2022, 22:14:39,844
GEOR20066,Pako Forever,1257,09/06/2022, 23:15:48,844
GEOR20066,Pako Forever,1260,09/07/2022, 01:23:54,844
GEOR20066,Pako Forever,1262,09/07/2022, 04:22:09,844
GEOR20066,Pako Forever,1263,09/07/2022, 06:12:52,844
GEOR20066,Pako Forever,1264,09/07/2022, 07:38:30,844
GEOR20066,Pako Forever,1264,09/07/2022, 08:21:06,844
GEOR20066,Pako Forever,1264,09/07/2022, 09:15:18,844
GEOR20066,Pako Forever,1265,09/07/2022, 10:16:33,844
GEOR20066,Pako Forever,1265,09/07/2022, 11:13:28,844
GEOR20066,Pako Forever,1266,09/07/2022, 12:30:17,844
GEOR20066,Pako Forever,1268,09/07/2022, 13:48:48,844
GEOR20066,Pako Forever,1268,09/07/2022, 14:23:22,844
GEOR20066,Pako Forever,1270,09/07/2022, 15:15:37,844
GEOR20066,Pako Forever,1272,09/07/2022, 16:19:33,844
GEOR20066,Pako Forever,1272,09/07/2022, 17:28:46,844
GEOR20066,Pako Forever,1275,09/07/2022, 18:18:21,844
GEOR20066,Pako Forever,1276,09/07/2022, 19:12:30,844
GEOR20066,Pako Forever,1278,09/07/2022, 20:17:43,844
GEOR20066,Pako Forever,1279,09/07/2022, 21:14:04,844
GEOR20066,Pako Forever,1279,09/07/2022, 22:14:34,844
GEOR20066,Pako Forever,1281,09/07/2022, 23:17:24,844
GEOR20066,Pako Forever,1283,09/08/2022, 01:20:14,844
GEOR20066,Pako Forever,1287,09/08/2022, 04:05:26,844
GEOR20066,Pako Forever,1290,09/08/2022, 05:59:00,844
GEOR20066,Pako Forever,1290,09/08/2022, 06:48:19,844
GEOR20066,Pako Forever,1290,09/08/2022, 07:28:39,844
GEOR20066,Pako Forever,1291,09/08/2022, 08:18:17,844
GEOR20066,Pako Forever,1292,09/08/2022, 09:16:21,844
GEOR20066,Pako Forever,1292,09/08/2022, 10:16:54,844
GEOR20066,Pako Forever,1293,09/08/2022, 11:13:47,844
GEOR20066,Pako Forever,1293,09/08/2022, 12:29:40,844
GEOR20066,Pako Forever,1295,09/08/2022, 13:33:07,844
GEOR20066,Pako Forever,1297,09/08/2022, 14:15:32,844
GEOR20066,Pako Forever,1299,09/08/2022, 15:16:16,844
GEOR20066,Pako Forever,1300,09/08/2022, 16:20:17,844
GEOR20066,Pako Forever,1301,09/08/2022, 17:27:33,844
GEOR20066,Pako Forever,1303,09/08/2022, 18:17:29,844
GEOR20066,Pako Forever,1306,09/08/2022, 19:14:01,844
GEOR20066,Pako Forever,1306,09/08/2022, 20:17:20,844
GEOR20066,Pako Forever,1306,09/08/2022, 21:14:31,844
GEOR20066,Pako Forever,1306,09/08/2022, 22:15:26,844
GEOR20066,Pako Forever,1306,09/08/2022, 23:17:06,844
GEOR20066,Pako Forever,1310,09/09/2022, 01:24:56,844
GEOR20066,Pako Forever,1311,09/09/2022, 04:02:54,844
GEOR20066,Pako Forever,1312,09/09/2022, 05:52:55,844
GEOR20066,Pako Forever,1312,09/09/2022, 06:32:05,844
GEOR20066,Pako Forever,1313,09/09/2022, 07:21:10,844
GEOR20066,Pako Forever,1315,09/09/2022, 08:21:23,844
GEOR20066,Pako Forever,1315,09/09/2022, 09:16:52,844
GEOR20066,Pako Forever,1315,09/09/2022, 10:17:11,844
GEOR20066,Pako Forever,1316,09/09/2022, 11:13:43,844
GEOR20066,Pako Forever,1316,09/09/2022, 12:29:40,844
GEOR20066,Pako Forever,1316,09/09/2022, 13:44:30,844
GEOR20066,Pako Forever,1316,09/09/2022, 14:20:13,844
GEOR20066,Pako Forever,1317,09/09/2022, 15:16:26,844
GEOR20066,Pako Forever,1317,09/09/2022, 16:20:07,844
GEOR20066,Pako Forever,1318,09/09/2022, 17:23:01,844
GEOR20066,Pako Forever,1318,09/09/2022, 18:19:04,844
GEOR20066,Pako Forever,1318,09/09/2022, 19:13:37,844
GEOR20066,Pako Forever,1319,09/09/2022, 20:16:46,844
GEOR20066,Pako Forever,1320,09/09/2022, 21:13:58,844
GEOR20066,Pako Forever,1322,09/09/2022, 22:15:13,844
GEOR20066,Pako Forever,1322,09/09/2022, 23:17:03,844
GEOR20066,Pako Forever,1322,09/10/2022, 01:22:57,844
GEOR20066,Pako Forever,1327,09/10/2022, 04:11:30,844
GEOR20066,Pako Forever,1330,09/10/2022, 05:42:53,844
GEOR20066,Pako Forever,1331,09/10/2022, 06:22:22,844
GEOR20066,Pako Forever,1331,09/10/2022, 07:15:29,844
GEOR20066,Pako Forever,1331,09/10/2022, 08:18:52,844
GEOR20066,Pako Forever,1331,09/10/2022, 09:14:34,844
GEOR20066,Pako Forever,1331,09/10/2022, 10:15:54,844
GEOR20066,Pako Forever,1331,09/10/2022, 11:13:10,844
GEOR20066,Pako Forever,1331,09/10/2022, 12:26:05,844
GEOR20066,Pako Forever,1331,09/10/2022, 13:30:15,844
GEOR20066,Pako Forever,1332,09/10/2022, 14:13:49,844
GEOR20066,Pako Forever,1333,09/10/2022, 15:15:14,844
GEOR20066,Pako Forever,1333,09/10/2022, 16:19:37,844
GEOR20066,Pako Forever,1333,09/10/2022, 17:19:45,844
GEOR20066,Pako Forever,1334,09/10/2022, 18:18:44,844
GEOR20066,Pako Forever,1335,09/10/2022, 19:11:49,844
GEOR20066,Pako Forever,1336,09/10/2022, 20:15:39,844
GEOR20066,Pako Forever,1336,09/10/2022, 21:13:17,844
GEOR20066,Pako Forever,1338,09/10/2022, 22:14:22,844
GEOR20066,Pako Forever,1338,09/10/2022, 23:14:51,844
GEOR20066,Pako Forever,1344,09/11/2022, 01:24:43,844
GEOR20066,Pako Forever,1345,09/11/2022, 04:05:08,844
GEOR20066,Pako Forever,1345,09/11/2022, 05:36:02,844
GEOR20066,Pako Forever,1346,09/11/2022, 06:19:48,844
GEOR20066,Pako Forever,1347,09/11/2022, 07:14:29,844
GEOR20066,Pako Forever,1347,09/11/2022, 08:17:54,844
GEOR20066,Pako Forever,1347,09/11/2022, 09:14:23,844
GEOR20066,Pako Forever,1347,09/11/2022, 10:15:45,844
GEOR20066,Pako Forever,1347,09/11/2022, 11:12:58,844
GEOR20066,Pako Forever,1347,09/11/2022, 12:26:45,844
GEOR20066,Pako Forever,1348,09/11/2022, 13:30:48,844
GEOR20066,Pako Forever,1349,09/11/2022, 14:13:14,844
GEOR20066,Pako Forever,1351,09/11/2022, 15:15:29,844
GEOR20066,Pako Forever,1354,09/11/2022, 16:19:35,844
GEOR20066,Pako Forever,1355,09/11/2022, 17:19:55,844
GEOR20066,Pako Forever,1356,09/11/2022, 18:17:49,844
GEOR20066,Pako Forever,1357,09/11/2022, 19:11:55,844
GEOR20066,Pako Forever,1358,09/11/2022, 20:16:02,844
GEOR20066,Pako Forever,1359,09/11/2022, 21:13:53,844
GEOR20066,Pako Forever,1360,09/11/2022, 22:15:22,844
GEOR20066,Pako Forever,1360,09/11/2022, 23:15:25,844
GEOR20066,Pako Forever,1362,09/12/2022, 01:25:33,844
GEOR20066,Pako Forever,1362,09/12/2022, 04:23:17,844
GEOR20066,Pako Forever,1364,09/12/2022, 06:12:52,844
GEOR20066,Pako Forever,1364,09/12/2022, 07:36:45,844
GEOR20066,Pako Forever,1364,09/12/2022, 08:20:49,844
GEOR20066,Pako Forever,1364,09/12/2022, 09:19:33,844
GEOR20066,Pako Forever,1364,09/12/2022, 10:17:31,844
GEOR20066,Pako Forever,1365,09/12/2022, 11:13:40,844
GEOR20066,Pako Forever,1366,09/12/2022, 12:32:34,844
GEOR20066,Pako Forever,1368,09/12/2022, 13:43:16,844
GEOR20066,Pako Forever,1368,09/12/2022, 14:21:45,844
GEOR20066,Pako Forever,1368,09/12/2022, 15:17:32,844
GEOR20066,Pako Forever,1370,09/12/2022, 16:23:21,844
GEOR20066,Pako Forever,1371,09/12/2022, 17:26:28,844
GEOR20066,Pako Forever,1371,09/12/2022, 18:19:17,844
GEOR20066,Pako Forever,1373,09/12/2022, 19:13:57,844
GEOR20066,Pako Forever,1375,09/12/2022, 20:16:32,844
GEOR20066,Pako Forever,1376,09/12/2022, 21:14:27,844
GEOR20066,Pako Forever,1377,09/12/2022, 22:15:27,844
GEOR20066,Pako Forever,1378,09/12/2022, 23:17:08,844
GEOR20066,Pako Forever,1378,09/13/2022, 01:22:28,844
GEOR20066,Pako Forever,1381,09/13/2022, 04:17:12,844
GEOR20066,Pako Forever,1381,09/13/2022, 06:10:25,844
GEOR20066,Pako Forever,1381,09/13/2022, 07:34:38,844
GEOR20066,Pako Forever,1382,09/13/2022, 08:20:01,844
GEOR20066,Pako Forever,1382,09/13/2022, 09:16:59,844
GEOR20066,Pako Forever,1382,09/13/2022, 10:17:20,844
GEOR20066,Pako Forever,1382,09/13/2022, 11:13:51,844
GEOR20066,Pako Forever,1383,09/13/2022, 12:32:30,844
GEOR20066,Pako Forever,1383,09/13/2022, 13:44:32,844
GEOR20066,Pako Forever,1383,09/13/2022, 14:21:44,844
GEOR20066,Pako Forever,1384,09/13/2022, 15:16:28,844
GEOR20066,Pako Forever,1384,09/13/2022, 16:20:10,844
GEOR20066,Pako Forever,1385,09/13/2022, 17:24:43,844
GEOR20066,Pako Forever,1385,09/13/2022, 18:19:19,844
GEOR20066,Pako Forever,1385,09/13/2022, 19:13:49,844
GEOR20066,Pako Forever,1385,09/13/2022, 20:16:39,844
GEOR20066,Pako Forever,1385,09/13/2022, 21:14:05,844
GEOR20066,Pako Forever,1385,09/13/2022, 22:16:44,844
GEOR20066,Pako Forever,1386,09/13/2022, 23:16:59,844
GEOR20066,Pako Forever,1386,09/14/2022, 04:13:21,844
GEOR20066,Pako Forever,1388,09/14/2022, 06:04:19,844
GEOR20066,Pako Forever,1389,09/14/2022, 07:30:22,844
GEOR20066,Pako Forever,1389,09/14/2022, 08:19:07,844
GEOR20066,Pako Forever,1390,09/14/2022, 09:17:28,844
GEOR20066,Pako Forever,1391,09/14/2022, 10:17:29,844
GEOR20066,Pako Forever,1392,09/14/2022, 11:13:48,844
GEOR20066,Pako Forever,1392,09/14/2022, 12:31:11,844
GEOR20066,Pako Forever,1392,09/14/2022, 13:47:51,844
GEOR20066,Pako Forever,1392,09/14/2022, 14:23:10,844
GEOR20066,Pako Forever,1392,09/14/2022, 15:16:16,844
GEOR20066,Pako Forever,1392,09/14/2022, 16:20:56,844
GEOR20066,Pako Forever,1395,09/14/2022, 17:25:26,844
GEOR20066,Pako Forever,1396,09/14/2022, 18:18:46,844
GEOR20066,Pako Forever,1398,09/14/2022, 19:14:19,844
GEOR20066,Pako Forever,1398,09/14/2022, 20:17:42,844
GEOR20066,Pako Forever,1398,09/14/2022, 21:13:42,844
GEOR20066,Pako Forever,1400,09/14/2022, 22:15:55,844
GEOR20066,Pako Forever,1400,09/14/2022, 23:16:00,844
GEOR20066,Pako Forever,1401,09/15/2022, 01:26:34,844
GEOR20066,Pako Forever,1402,09/15/2022, 04:20:05,844
GEOR20066,Pako Forever,1402,09/15/2022, 05:59:42,844
GEOR20066,Pako Forever,1402,09/15/2022, 06:47:18,844
GEOR20066,Pako Forever,1402,09/15/2022, 07:27:58,844
GEOR20066,Pako Forever,1402,09/15/2022, 08:21:16,844
GEOR20066,Pako Forever,1402,09/15/2022, 09:17:19,844
GEOR20066,Pako Forever,1403,09/15/2022, 10:17:21,844
GEOR20066,Pako Forever,1404,09/15/2022, 11:13:39,844
GEOR20066,Pako Forever,1407,09/15/2022, 12:33:15,844
GEOR20066,Pako Forever,1408,09/15/2022, 13:46:01,844
GEOR20066,Pako Forever,1408,09/15/2022, 14:22:25,844
GEOR20066,Pako Forever,1408,09/15/2022, 15:16:27,844
GEOR20066,Pako Forever,1408,09/15/2022, 16:21:01,844
GEOR20066,Pako Forever,1409,09/15/2022, 17:22:33,844
GEOR20066,Pako Forever,1410,09/15/2022, 18:19:08,844
GEOR20066,Pako Forever,1410,09/15/2022, 19:13:09,844
GEOR20066,Pako Forever,1412,09/15/2022, 20:16:41,844
GEOR20066,Pako Forever,1414,09/15/2022, 21:15:07,844
GEOR20066,Pako Forever,1415,09/15/2022, 22:15:40,844
GEOR20066,Pako Forever,1416,09/15/2022, 23:18:18,844
GEOR20066,Pako Forever,1416,09/16/2022, 01:28:32,844
GEOR20066,Pako Forever,1417,09/16/2022, 04:21:16,844
GEOR20066,Pako Forever,1417,09/16/2022, 06:02:46,844
GEOR20066,Pako Forever,1418,09/16/2022, 07:25:39,844
GEOR20066,Pako Forever,1419,09/16/2022, 08:19:28,844
GEOR20066,Pako Forever,1419,09/16/2022, 09:16:17,844
GEOR20066,Pako Forever,1419,09/16/2022, 10:17:30,844
GEOR20066,Pako Forever,1419,09/16/2022, 11:13:20,844
GEOR20066,Pako Forever,1419,09/16/2022, 12:28:38,844
GEOR20066,Pako Forever,1420,09/16/2022, 13:45:42,844
GEOR20066,Pako Forever,1420,09/16/2022, 14:25:08,844
GEOR20066,Pako Forever,1420,09/16/2022, 15:15:34,844
GEOR20066,Pako Forever,1421,09/16/2022, 16:20:33,844
GEOR20066,Pako Forever,1421,09/16/2022, 17:32:03,844
GEOR20066,Pako Forever,1424,09/16/2022, 18:20:08,844
GEOR20066,Pako Forever,1424,09/16/2022, 19:15:14,844
GEOR20066,Pako Forever,1424,09/16/2022, 20:16:34,844
GEOR20066,Pako Forever,1424,09/16/2022, 21:14:01,844
GEOR20066,Pako Forever,1424,09/16/2022, 22:17:04,844
GEOR20066,Pako Forever,1426,09/16/2022, 23:16:15,844
GEOR20066,Pako Forever,1427,09/17/2022, 01:21:00,844
GEOR20066,Pako Forever,1428,09/17/2022, 03:57:47,844
GEOR20066,Pako Forever,1429,09/17/2022, 05:02:33,844
GEOR20066,Pako Forever,1431,09/17/2022, 06:18:57,844
GEOR20066,Pako Forever,1431,09/17/2022, 07:14:38,844
GEOR20066,Pako Forever,1432,09/17/2022, 08:18:47,844
GEOR20066,Pako Forever,1432,09/17/2022, 09:14:58,844
GEOR20066,Pako Forever,1433,09/17/2022, 10:15:57,844
GEOR20066,Pako Forever,1435,09/17/2022, 11:13:08,844
GEOR20066,Pako Forever,1437,09/17/2022, 12:26:35,844
GEOR20066,Pako Forever,1438,09/17/2022, 13:30:52,844
GEOR20066,Pako Forever,1441,09/17/2022, 14:13:40,844
GEOR20066,Pako Forever,1443,09/17/2022, 15:15:35,844
GEOR20066,Pako Forever,1446,09/17/2022, 16:20:37,844
GEOR20066,Pako Forever,1446,09/17/2022, 17:20:44,844
GEOR20066,Pako Forever,1447,09/17/2022, 18:18:10,844
GEOR20066,Pako Forever,1448,09/17/2022, 19:12:08,844
GEOR20066,Pako Forever,1451,09/17/2022, 20:15:51,844
GEOR20066,Pako Forever,1452,09/17/2022, 21:13:48,844
GEOR20066,Pako Forever,1453,09/17/2022, 22:14:28,844
GEOR20066,Pako Forever,1454,09/17/2022, 23:15:00,844
GEOR20066,Pako Forever,1457,09/18/2022, 01:27:44,844
GEOR20066,Pako Forever,1458,09/18/2022, 04:11:20,844
GEOR20066,Pako Forever,1461,09/18/2022, 05:39:36,844
GEOR20066,Pako Forever,1461,09/18/2022, 06:20:03,844
GEOR20066,Pako Forever,1464,09/18/2022, 07:15:19,844
GEOR20066,Pako Forever,1464,09/18/2022, 08:18:27,844
GEOR20066,Pako Forever,1464,09/18/2022, 09:14:23,844
GEOR20066,Pako Forever,1464,09/18/2022, 10:16:00,844
GEOR20066,Pako Forever,1466,09/18/2022, 11:13:11,844
GEOR20066,Pako Forever,1466,09/18/2022, 12:27:01,844
GEOR20066,Pako Forever,1466,09/18/2022, 13:33:02,844
GEOR20066,Pako Forever,1466,09/18/2022, 14:13:07,844
GEOR20066,Pako Forever,1468,09/18/2022, 15:15:37,844
GEOR20066,Pako Forever,1469,09/18/2022, 16:19:56,844
GEOR20066,Pako Forever,1471,09/18/2022, 17:20:34,844
GEOR20066,Pako Forever,1471,09/18/2022, 18:18:24,844
GEOR20066,Pako Forever,1472,09/18/2022, 19:12:20,844
GEOR20066,Pako Forever,1472,09/18/2022, 20:16:06,844
GEOR20066,Pako Forever,1473,09/18/2022, 21:13:26,844
GEOR20066,Pako Forever,1474,09/18/2022, 22:14:35,844
GEOR20066,Pako Forever,1474,09/18/2022, 23:15:33,844
GEOR20066,Pako Forever,1476,09/19/2022, 01:25:37,844
GEOR20066,Pako Forever,1476,09/19/2022, 04:24:47,844
GEOR20066,Pako Forever,1476,09/19/2022, 06:10:17,844
GEOR20066,Pako Forever,1477,09/19/2022, 07:36:54,844
GEOR20066,Pako Forever,1478,09/19/2022, 08:24:05,844
GEOR20066,Pako Forever,1478,09/19/2022, 09:19:51,844
GEOR20066,Pako Forever,1478,09/19/2022, 10:17:37,844
GEOR20066,Pako Forever,1478,09/19/2022, 11:13:28,844
GEOR20066,Pako Forever,1478,09/19/2022, 12:33:00,844
GEOR20066,Pako Forever,1478,09/19/2022, 13:46:35,844
GEOR20066,Pako Forever,1478,09/19/2022, 14:23:36,844
GEOR20066,Pako Forever,1478,09/19/2022, 15:16:38,844
GEOR20066,Pako Forever,1480,09/19/2022, 16:20:54,844
GEOR20066,Pako Forever,1480,09/19/2022, 17:29:49,844
GEOR20066,Pako Forever,1480,09/19/2022, 18:21:45,844
GEOR20066,Pako Forever,1481,09/19/2022, 19:15:22,844
GEOR20066,Pako Forever,1482,09/19/2022, 20:17:13,844
GEOR20066,Pako Forever,1482,09/19/2022, 21:15:22,844
GEOR20066,Pako Forever,1482,09/19/2022, 22:15:02,844
GEOR20066,Pako Forever,1482,09/19/2022, 23:17:03,844
GEOR20066,Pako Forever,1483,09/20/2022, 01:25:03,844
GEOR20066,Pako Forever,1484,09/20/2022, 04:13:28,844
GEOR20066,Pako Forever,1484,09/20/2022, 06:02:47,844
GEOR20066,Pako Forever,1484,09/20/2022, 07:24:03,844
GEOR20066,Pako Forever,1484,09/20/2022, 08:20:59,844
GEOR20066,Pako Forever,1486,09/20/2022, 09:20:22,844
GEOR20066,Pako Forever,1487,09/20/2022, 10:17:56,844
GEOR20066,Pako Forever,1487,09/20/2022, 11:13:50,844
GEOR20066,Pako Forever,1488,09/20/2022, 12:32:14,844
GEOR20066,Pako Forever,1488,09/20/2022, 13:48:58,844
GEOR20066,Pako Forever,1488,09/20/2022, 14:25:52,844
GEOR20066,Pako Forever,1488,09/20/2022, 15:16:39,844
GEOR20066,Pako Forever,1490,09/20/2022, 16:21:35,844
GEOR20066,Pako Forever,1492,09/20/2022, 17:24:28,844
GEOR20066,Pako Forever,1492,09/20/2022, 18:19:08,844
GEOR20066,Pako Forever,1492,09/20/2022, 19:14:20,844
GEOR20066,Pako Forever,1494,09/20/2022, 20:16:58,844
GEOR20066,Pako Forever,1495,09/20/2022, 21:13:18,844
GEOR20066,Pako Forever,1495,09/20/2022, 22:19:28,844
GEOR20066,Pako Forever,1497,09/20/2022, 23:18:29,844
GEOR20066,Pako Forever,1498,09/21/2022, 01:26:37,844
GEOR20066,Pako Forever,1502,09/21/2022, 04:19:25,844
GEOR20066,Pako Forever,1503,09/21/2022, 06:05:17,844
GEOR20066,Pako Forever,1503,09/21/2022, 07:39:07,844
GEOR20066,Pako Forever,1503,09/21/2022, 08:24:27,844
GEOR20066,Pako Forever,1503,09/21/2022, 09:19:00,844
GEOR20066,Pako Forever,1503,09/21/2022, 10:17:06,844
GEOR20066,Pako Forever,1503,09/21/2022, 11:14:11,844
GEOR20066,Pako Forever,1503,09/21/2022, 12:32:28,844
GEOR20066,Pako Forever,1503,09/21/2022, 13:49:51,844
GEOR20066,Pako Forever,1503,09/21/2022, 14:25:37,844
GEOR20066,Pako Forever,1503,09/21/2022, 15:16:10,844
GEOR20066,Pako Forever,1503,09/21/2022, 16:21:33,844
GEOR20066,Pako Forever,1503,09/21/2022, 17:29:42,844
GEOR20066,Pako Forever,1504,09/21/2022, 18:19:27,844
GEOR20066,Pako Forever,1504,09/21/2022, 19:16:48,844
GEOR20066,Pako Forever,1505,09/21/2022, 20:16:35,844
GEOR20066,Pako Forever,1506,09/21/2022, 21:14:32,844
GEOR20066,Pako Forever,1508,09/21/2022, 22:15:33,844
GEOR20066,Pako Forever,1511,09/21/2022, 23:16:13,844
GEOR20066,Pako Forever,1513,09/22/2022, 01:21:43,844
GEOR20066,Pako Forever,1516,09/22/2022, 04:11:46,844
GEOR20066,Pako Forever,1517,09/22/2022, 06:00:44,844
GEOR20066,Pako Forever,1517,09/22/2022, 06:58:34,844
GEOR20066,Pako Forever,1518,09/22/2022, 07:35:32,844
GEOR20066,Pako Forever,1518,09/22/2022, 08:21:09,844
GEOR20066,Pako Forever,1518,09/22/2022, 09:18:38,844
GEOR20066,Pako Forever,1518,09/22/2022, 10:17:04,844
GEOR20066,Pako Forever,1519,09/22/2022, 11:13:50,844
GEOR20066,Pako Forever,1520,09/22/2022, 12:31:08,844
GEOR20066,Pako Forever,1522,09/22/2022, 13:44:33,844
GEOR20066,Pako Forever,1524,09/22/2022, 15:16:31,844
GEOR20066,Pako Forever,1526,09/22/2022, 16:21:33,844
GEOR20066,Pako Forever,1526,09/22/2022, 17:28:12,844
GEOR20066,Pako Forever,1526,09/22/2022, 18:18:11,844
GEOR20066,Pako Forever,1526,09/22/2022, 19:14:05,844
GEOR20066,Pako Forever,1527,09/22/2022, 20:17:00,844
GEOR20066,Pako Forever,1527,09/22/2022, 21:15:15,844
GEOR20066,Pako Forever,1527,09/22/2022, 22:16:01,844
GEOR20066,Pako Forever,1527,09/22/2022, 23:17:16,844
GEOR20066,Pako Forever,1528,09/23/2022, 01:27:11,844
GEOR20066,Pako Forever,1530,09/23/2022, 04:16:02,844
GEOR20066,Pako Forever,1531,09/23/2022, 05:58:50,844
GEOR20066,Pako Forever,1531,09/23/2022, 06:50:43,844
GEOR20066,Pako Forever,1532,09/23/2022, 07:30:37,844
GEOR20066,Pako Forever,1532,09/23/2022, 08:20:04,844
GEOR20066,Pako Forever,1532,09/23/2022, 09:19:10,844
GEOR20066,Pako Forever,1534,09/23/2022, 10:16:54,844
GEOR20066,Pako Forever,1534,09/23/2022, 11:13:51,844
GEOR20066,Pako Forever,1536,09/23/2022, 12:30:59,844
GEOR20066,Pako Forever,1537,09/23/2022, 13:46:31,844
GEOR20066,Pako Forever,1537,09/23/2022, 14:27:39,844
GEOR20066,Pako Forever,1537,09/23/2022, 15:17:20,844
GEOR20066,Pako Forever,1538,09/23/2022, 16:21:27,844
GEOR20066,Pako Forever,1538,09/23/2022, 17:29:24,844
GEOR20066,Pako Forever,1539,09/23/2022, 18:20:03,844
GEOR20066,Pako Forever,1539,09/23/2022, 19:16:06,844
GEOR20066,Pako Forever,1541,09/23/2022, 20:16:53,844
GEOR20066,Pako Forever,1542,09/23/2022, 21:14:22,844
GEOR20066,Pako Forever,1542,09/23/2022, 22:18:52,844
GEOR20066,Pako Forever,1543,09/23/2022, 23:17:03,844
GEOR20066,Pako Forever,1545,09/24/2022, 01:25:28,844
GEOR20066,Pako Forever,1547,09/24/2022, 04:12:51,844
GEOR20066,Pako Forever,1548,09/24/2022, 05:41:54,844
GEOR20066,Pako Forever,1548,09/24/2022, 06:23:18,844
GEOR20066,Pako Forever,1548,09/24/2022, 07:16:15,844
GEOR20066,Pako Forever,1548,09/24/2022, 08:19:01,844
GEOR20066,Pako Forever,1548,09/24/2022, 09:16:02,844
GEOR20066,Pako Forever,1548,09/24/2022, 10:15:50,844
GEOR20066,Pako Forever,1548,09/24/2022, 11:13:12,844
GEOR20066,Pako Forever,1549,09/24/2022, 12:28:57,844
GEOR20066,Pako Forever,1549,09/24/2022, 13:32:20,844
GEOR20066,Pako Forever,1549,09/24/2022, 14:13:02,844
GEOR20066,Pako Forever,1549,09/24/2022, 15:15:13,844
GEOR20066,Pako Forever,1550,09/24/2022, 16:19:49,844
GEOR20066,Pako Forever,1551,09/24/2022, 17:19:34,844
GEOR20066,Pako Forever,1552,09/24/2022, 18:19:30,844
GEOR20066,Pako Forever,1552,09/24/2022, 19:12:36,844
GEOR20066,Pako Forever,1554,09/24/2022, 20:15:47,844
GEOR20066,Pako Forever,1555,09/24/2022, 21:13:48,844
GEOR20066,Pako Forever,1555,09/24/2022, 22:14:36,844
GEOR20066,Pako Forever,1555,09/24/2022, 23:15:34,844
GEOR20066,Pako Forever,1558,09/25/2022, 01:21:32,844
GEOR20066,Pako Forever,1559,09/25/2022, 04:05:56,844
GEOR20066,Pako Forever,1559,09/25/2022, 05:35:43,844
GEOR20066,Pako Forever,1560,09/25/2022, 06:21:22,844
GEOR20066,Pako Forever,1562,09/25/2022, 07:15:39,844
GEOR20066,Pako Forever,1562,09/25/2022, 08:19:04,844
GEOR20066,Pako Forever,1562,09/25/2022, 09:15:29,844
GEOR20066,Pako Forever,1563,09/25/2022, 10:16:53,844
GEOR20066,Pako Forever,1563,09/25/2022, 11:13:22,844
GEOR20066,Pako Forever,1563,09/25/2022, 12:28:07,844
GEOR20066,Pako Forever,1563,09/25/2022, 13:32:20,844
GEOR20066,Pako Forever,1564,09/25/2022, 14:13:13,844
GEOR20066,Pako Forever,1565,09/25/2022, 15:15:41,844
GEOR20066,Pako Forever,1566,09/25/2022, 16:19:53,844
GEOR20066,Pako Forever,1566,09/25/2022, 17:19:54,844
GEOR20066,Pako Forever,1567,09/25/2022, 18:19:09,844
GEOR20066,Pako Forever,1567,09/25/2022, 19:12:47,844
GEOR20066,Pako Forever,1567,09/25/2022, 20:16:00,844
GEOR20066,Pako Forever,1567,09/25/2022, 21:13:54,844
GEOR20066,Pako Forever,1569,09/25/2022, 22:15:02,844
GEOR20066,Pako Forever,1569,09/25/2022, 23:16:02,844
GEOR20066,Pako Forever,1569,09/26/2022, 01:26:32,844
GEOR20066,Pako Forever,1569,09/26/2022, 04:22:37,844
GEOR20066,Pako Forever,1569,09/26/2022, 06:07:41,844
GEOR20066,Pako Forever,1570,09/26/2022, 07:33:12,844
GEOR20066,Pako Forever,1570,09/26/2022, 08:20:50,844
GEOR20066,Pako Forever,1570,09/26/2022, 09:20:10,844
GEOR20066,Pako Forever,1571,09/26/2022, 10:17:40,844
GEOR20066,Pako Forever,1571,09/26/2022, 11:13:51,844
GEOR20066,Pako Forever,1571,09/26/2022, 12:32:28,844
GEOR20066,Pako Forever,1571,09/26/2022, 13:49:57,844
GEOR20066,Pako Forever,1571,09/26/2022, 14:29:33,844
GEOR20066,Pako Forever,1571,09/26/2022, 15:18:10,844
GEOR20066,Pako Forever,1571,09/26/2022, 16:22:47,844
GEOR20066,Pako Forever,1572,09/26/2022, 17:28:35,844
GEOR20066,Pako Forever,1572,09/26/2022, 18:19:27,844
GEOR20066,Pako Forever,1572,09/26/2022, 19:16:00,844
GEOR20066,Pako Forever,1575,09/26/2022, 20:16:55,844
GEOR20066,Pako Forever,1576,09/26/2022, 21:16:06,844
GEOR20066,Pako Forever,1577,09/26/2022, 22:16:35,844
GEOR20066,Pako Forever,1577,09/26/2022, 23:18:09,844
GEOR20066,Pako Forever,1577,09/27/2022, 01:25:12,844
GEOR20066,Pako Forever,1580,09/27/2022, 04:07:33,844
GEOR20066,Pako Forever,1580,09/27/2022, 05:58:33,844
GEOR20066,Pako Forever,1580,09/27/2022, 06:53:50,844
GEOR20066,Pako Forever,1580,09/27/2022, 07:38:45,844
GEOR20066,Pako Forever,1580,09/27/2022, 08:28:02,844
GEOR20066,Pako Forever,1580,09/27/2022, 09:25:16,844
GEOR20066,Pako Forever,1580,09/27/2022, 10:19:02,844
GEOR20066,Pako Forever,1580,09/27/2022, 11:14:22,844
GEOR20066,Pako Forever,1580,09/27/2022, 12:33:22,844
GEOR20066,Pako Forever,1582,09/27/2022, 13:52:48,844
GEOR20066,Pako Forever,1583,09/27/2022, 14:30:16,844
GEOR20066,Pako Forever,1584,09/27/2022, 15:18:47,844
GEOR20066,Pako Forever,1585,09/27/2022, 16:26:01,844
GEOR20066,Pako Forever,1585,09/27/2022, 17:32:34,844
GEOR20066,Pako Forever,1585,09/27/2022, 18:25:01,844
GEOR20066,Pako Forever,1585,09/27/2022, 19:19:57,844
GEOR20066,Pako Forever,1586,09/27/2022, 20:18:10,844
GEOR20066,Pako Forever,1586,09/27/2022, 21:14:41,844
GEOR20066,Pako Forever,1586,09/27/2022, 22:16:30,844
GEOR20066,Pako Forever,1587,09/27/2022, 23:18:54,844
GEOR20066,Pako Forever,1587,09/28/2022, 01:26:56,844
GEOR20066,Pako Forever,1587,09/28/2022, 04:14:36,844
GEOR20066,Pako Forever,1588,09/28/2022, 06:05:10,844
GEOR20066,Pako Forever,1588,09/28/2022, 07:30:45,844
GEOR20066,Pako Forever,1588,09/28/2022, 08:24:35,844
GEOR20066,Pako Forever,1588,09/28/2022, 09:22:40,844
GEOR20066,Pako Forever,1588,09/28/2022, 10:18:56,844
GEOR20066,Pako Forever,1588,09/28/2022, 11:14:53,844
GEOR20066,Pako Forever,1588,09/28/2022, 12:32:06,844
GEOR20066,Pako Forever,1589,09/28/2022, 13:47:09,844
GEOR20066,Pako Forever,1590,09/28/2022, 14:31:20,844
GEOR20066,Pako Forever,1590,09/28/2022, 15:20:29,844
GEOR20066,Pako Forever,1590,09/28/2022, 16:27:49,844
GEOR20066,Pako Forever,1592,09/28/2022, 17:34:34,844
GEOR20066,Pako Forever,1592,09/28/2022, 18:25:11,844
GEOR20066,Pako Forever,1593,09/28/2022, 19:18:25,844
GEOR20066,Pako Forever,1593,09/28/2022, 20:17:51,844
GEOR20066,Pako Forever,1594,09/28/2022, 21:15:01,844
GEOR20066,Pako Forever,1595,09/28/2022, 22:16:13,844
GEOR20066,Pako Forever,1595,09/28/2022, 23:17:20,844
GEOR20066,Pako Forever,1597,09/29/2022, 01:29:03,844
GEOR20066,Pako Forever,1597,09/29/2022, 04:16:28,844
GEOR20066,Pako Forever,1597,09/29/2022, 06:06:55,844
GEOR20066,Pako Forever,1597,09/29/2022, 07:33:39,844
GEOR20066,Pako Forever,1597,09/29/2022, 08:23:36,844
GEOR20066,Pako Forever,1597,09/29/2022, 09:22:29,844
GEOR20066,Pako Forever,1597,09/29/2022, 10:18:09,844
GEOR20066,Pako Forever,1597,09/29/2022, 11:14:11,844
GEOR20066,Pako Forever,1599,09/29/2022, 12:32:02,844
GEOR20066,Pako Forever,1599,09/29/2022, 13:48:27,844
GEOR20066,Pako Forever,1599,09/29/2022, 14:25:42,844
GEOR20066,Pako Forever,1599,09/29/2022, 15:18:04,844
GEOR20066,Pako Forever,1600,09/29/2022, 16:25:30,844
GEOR20066,Pako Forever,1600,09/29/2022, 17:34:16,844
GEOR20066,Pako Forever,1601,09/29/2022, 18:22:51,844
GEOR20066,Pako Forever,1602,09/29/2022, 19:18:07,844
GEOR20066,Pako Forever,1604,09/29/2022, 20:18:49,844
GEOR20066,Pako Forever,1605,09/29/2022, 21:15:28,844
GEOR20066,Pako Forever,1605,09/29/2022, 22:16:17,844
GEOR20066,Pako Forever,1607,09/29/2022, 23:20:25,844
GEOR20066,Pako Forever,1607,09/30/2022, 01:57:33,844
GEOR20066,Pako Forever,1608,09/30/2022, 04:32:01,844
GEOR20066,Pako Forever,1608,09/30/2022, 06:09:03,844
GEOR20066,Pako Forever,1608,09/30/2022, 07:38:17,844
GEOR20066,Pako Forever,1608,09/30/2022, 08:28:15,844
GEOR20066,Pako Forever,1609,09/30/2022, 09:24:40,844
GEOR20066,Pako Forever,1609,09/30/2022, 10:19:02,844
GEOR20066,Pako Forever,1609,09/30/2022, 11:14:13,844
GEOR20066,Pako Forever,1610,09/30/2022, 12:34:16,844
GEOR20066,Pako Forever,1611,09/30/2022, 13:51:58,844
GEOR20066,Pako Forever,1611,09/30/2022, 14:31:57,844
GEOR20066,Pako Forever,1611,09/30/2022, 15:19:29,844
GEOR20066,Pako Forever,1611,09/30/2022, 16:26:07,844
GEOR20066,Pako Forever,1612,09/30/2022, 17:33:35,844
GEOR20066,Pako Forever,1613,09/30/2022, 18:22:49,844
GEOR20066,Pako Forever,1613,09/30/2022, 19:17:43,844
GEOR20066,Pako Forever,1613,09/30/2022, 20:17:59,844
GEOR20066,Pako Forever,1613,09/30/2022, 21:14:55,844
GEOR20066,Pako Forever,1616,09/30/2022, 22:17:46,844
GEOR20066,Pako Forever,1618,09/30/2022, 23:17:41,844
GEOR20066,Pako Forever,1618,10/01/2022, 01:46:57,844
GEOR20066,Pako Forever,1618,10/01/2022, 04:26:29,844
GEOR20066,Pako Forever,1620,10/01/2022, 05:58:00,844
GEOR20066,Pako Forever,1620,10/01/2022, 06:37:06,844
GEOR20066,Pako Forever,1620,10/01/2022, 07:22:29,844
GEOR20066,Pako Forever,1620,10/01/2022, 08:21:01,844
GEOR20066,Pako Forever,1620,10/01/2022, 09:19:23,844
GEOR20066,Pako Forever,1620,10/01/2022, 10:16:57,844
GEOR20066,Pako Forever,1621,10/01/2022, 11:13:26,844
GEOR20066,Pako Forever,1621,10/01/2022, 12:29:46,844
GEOR20066,Pako Forever,1622,10/01/2022, 13:39:05,844
GEOR20066,Pako Forever,1623,10/01/2022, 14:17:02,844
GEOR20066,Pako Forever,1623,10/01/2022, 15:16:26,844
GEOR20066,Pako Forever,1623,10/01/2022, 16:21:09,844
GEOR20066,Pako Forever,1623,10/01/2022, 17:23:38,844
GEOR20066,Pako Forever,1623,10/01/2022, 18:18:59,844
GEOR20066,Pako Forever,1624,10/01/2022, 19:14:35,844
GEOR20066,Pako Forever,1624,10/01/2022, 20:16:45,844
GEOR20066,Pako Forever,1624,10/01/2022, 21:14:19,844
GEOR20066,Pako Forever,1624,10/01/2022, 22:15:58,844
GEOR20066,Pako Forever,1625,10/01/2022, 23:18:36,844
GEOR20066,Pako Forever,1626,10/02/2022, 01:40:36,844
GEOR20066,Pako Forever,1629,10/02/2022, 04:13:02,844
GEOR20066,Pako Forever,1629,10/02/2022, 05:43:40,844
GEOR20066,Pako Forever,1629,10/02/2022, 06:26:24,844
GEOR20066,Pako Forever,1630,10/02/2022, 07:19:04,844
GEOR20066,Pako Forever,1630,10/02/2022, 08:20:17,844
GEOR20066,Pako Forever,1630,10/02/2022, 09:17:53,844
GEOR20066,Pako Forever,1631,10/02/2022, 10:16:52,844
GEOR20066,Pako Forever,1631,10/02/2022, 11:13:24,844
GEOR20066,Pako Forever,1631,10/02/2022, 12:29:36,844
GEOR20066,Pako Forever,1631,10/02/2022, 13:35:46,844
GEOR20066,Pako Forever,1631,10/02/2022, 14:16:00,844
GEOR20066,Pako Forever,1632,10/02/2022, 15:16:09,844
GEOR20066,Pako Forever,1632,10/02/2022, 16:20:54,844
GEOR20066,Pako Forever,1633,10/02/2022, 17:23:16,844
GEOR20066,Pako Forever,1634,10/02/2022, 18:19:26,844
GEOR20066,Pako Forever,1634,10/02/2022, 19:14:51,844
GEOR20066,Pako Forever,1635,10/02/2022, 20:17:06,844
GEOR20066,Pako Forever,1636,10/02/2022, 21:14:45,844
GEOR20066,Pako Forever,1637,10/02/2022, 22:15:46,844
GEOR20066,Pako Forever,1638,10/02/2022, 23:17:50,844
GEOR20066,Pako Forever,1640,10/03/2022, 01:19:54,844
GEOR20066,Pako Forever,1640,10/03/2022, 03:25:34,844
GEOR20066,Pako Forever,1640,10/03/2022, 04:49:41,844
GEOR20066,Pako Forever,1640,10/03/2022, 05:39:45,844
GEOR20066,Pako Forever,1640,10/03/2022, 06:28:50,844
GEOR20066,Pako Forever,1640,10/03/2022, 07:25:22,844
GEOR20066,Pako Forever,1640,10/03/2022, 08:22:15,844
GEOR20066,Pako Forever,1640,10/03/2022, 09:24:35,844
GEOR20066,Pako Forever,1640,10/03/2022, 10:18:44,844
GEOR20066,Pako Forever,1640,10/03/2022, 11:14:37,844
GEOR20066,Pako Forever,1640,10/03/2022, 12:34:48,844
GEOR20066,Pako Forever,1642,10/03/2022, 13:53:08,844
GEOR20066,Pako Forever,1643,10/03/2022, 14:34:13,844
GEOR20066,Pako Forever,1643,10/03/2022, 15:20:32,844
GEOR20066,Pako Forever,1645,10/03/2022, 16:28:08,844
GEOR20066,Pako Forever,1646,10/03/2022, 17:36:03,844
GEOR20066,Pako Forever,1646,10/03/2022, 18:24:55,844
GEOR20066,Pako Forever,1646,10/03/2022, 19:19:01,844
GEOR20066,Pako Forever,1646,10/03/2022, 20:18:41,844
GEOR20066,Pako Forever,1647,10/03/2022, 21:14:59,844
GEOR20066,Pako Forever,1647,10/03/2022, 22:17:13,844
GEOR20066,Pako Forever,1649,10/03/2022, 23:18:20,844
GEOR20066,Pako Forever,1650,10/04/2022, 01:27:39,844
GEOR20066,Pako Forever,1650,10/04/2022, 03:42:27,844
GEOR20066,Pako Forever,1650,10/04/2022, 04:56:26,844
GEOR20066,Pako Forever,1650,10/04/2022, 05:42:36,844
GEOR20066,Pako Forever,1650,10/04/2022, 06:28:27,844
GEOR20066,Pako Forever,1650,10/04/2022, 07:25:43,844
GEOR20066,Pako Forever,1650,10/04/2022, 08:23:08,844
GEOR20066,Pako Forever,1650,10/04/2022, 09:21:06,844
GEOR20066,Pako Forever,1650,10/04/2022, 10:17:39,844
GEOR20066,Pako Forever,1650,10/04/2022, 11:14:52,844
GEOR20066,Pako Forever,1651,10/04/2022, 12:35:03,844
GEOR20066,Pako Forever,1653,10/04/2022, 13:53:48,844
GEOR20066,Pako Forever,1654,10/04/2022, 14:34:53,844
GEOR20066,Pako Forever,1655,10/04/2022, 15:21:06,844
GEOR20066,Pako Forever,1655,10/04/2022, 16:25:39,844
GEOR20066,Pako Forever,1655,10/04/2022, 17:35:38,844
GEOR20066,Pako Forever,1656,10/04/2022, 18:28:02,844
GEOR20066,Pako Forever,1656,10/04/2022, 19:19:48,844
GEOR20066,Pako Forever,1658,10/04/2022, 20:19:02,844
GEOR20066,Pako Forever,1658,10/04/2022, 21:15:32,844
GEOR20066,Pako Forever,1659,10/04/2022, 22:16:51,844
GEOR20066,Pako Forever,1659,10/04/2022, 23:18:40,844
GEOR20066,Pako Forever,1660,10/05/2022, 01:25:38,844
GEOR20066,Pako Forever,1660,10/05/2022, 03:37:25,844
GEOR20066,Pako Forever,1661,10/05/2022, 04:45:13,844
GEOR20066,Pako Forever,1662,10/05/2022, 05:46:18,844
GEOR20066,Pako Forever,1662,10/05/2022, 06:33:21,844
GEOR20066,Pako Forever,1662,10/05/2022, 07:28:23,844
GEOR20066,Pako Forever,1662,10/05/2022, 08:21:01,844
GEOR20066,Pako Forever,1662,10/05/2022, 09:19:23,844
GEOR20066,Pako Forever,1662,10/05/2022, 10:18:36,844
GEOR20066,Pako Forever,1662,10/05/2022, 11:15:22,844
GEOR20066,Pako Forever,1662,10/05/2022, 12:32:46,844
GEOR20066,Pako Forever,1662,10/05/2022, 14:11:45,844
GEOR20066,Pako Forever,1662,10/05/2022, 15:17:29,844
GEOR20066,Pako Forever,1663,10/05/2022, 16:42:32,844
GEOR20066,Pako Forever,1663,10/05/2022, 17:41:49,844
GEOR20066,Pako Forever,1665,10/05/2022, 18:30:25,844
GEOR20066,Pako Forever,1665,10/05/2022, 19:26:51,844
GEOR20066,Pako Forever,1665,10/05/2022, 20:17:55,844
GEOR20066,Pako Forever,1665,10/05/2022, 21:14:43,844
GEOR20066,Pako Forever,1665,10/05/2022, 22:17:52,844
GEOR20066,Pako Forever,1665,10/05/2022, 23:18:52,844
GEOR20066,Pako Forever,1666,10/06/2022, 01:20:29,844
GEOR20066,Pako Forever,1666,10/06/2022, 03:30:51,844
GEOR20066,Pako Forever,1666,10/06/2022, 04:39:56,844
GEOR20066,Pako Forever,1666,10/06/2022, 05:33:24,844
GEOR20066,Pako Forever,1666,10/06/2022, 06:24:58,844
GEOR20066,Pako Forever,1666,10/06/2022, 07:21:28,844
GEOR20066,Pako Forever,1666,10/06/2022, 08:21:25,844
GEOR20066,Pako Forever,1667,10/06/2022, 09:22:37,844
GEOR20066,Pako Forever,1667,10/06/2022, 10:19:41,844
GEOR20066,Pako Forever,1668,10/06/2022, 11:15:40,844
GEOR20066,Pako Forever,1671,10/06/2022, 12:34:05,844
GEOR20066,Pako Forever,1671,10/06/2022, 13:52:22,844
GEOR20066,Pako Forever,1671,10/06/2022, 14:31:55,844
GEOR20066,Pako Forever,1671,10/06/2022, 15:19:10,844
GEOR20066,Pako Forever,1671,10/06/2022, 16:24:42,844
GEOR20066,Pako Forever,1672,10/06/2022, 17:30:07,844
GEOR20066,Pako Forever,1672,10/06/2022, 18:22:01,844
GEOR20066,Pako Forever,1672,10/06/2022, 19:23:15,844
GEOR20066,Pako Forever,1672,10/06/2022, 20:18:35,844
GEOR20066,Pako Forever,1672,10/06/2022, 21:15:28,844
GEOR20066,Pako Forever,1673,10/06/2022, 22:16:47,844
GEOR20066,Pako Forever,1673,10/06/2022, 23:19:24,844
GEOR20066,Pako Forever,1677,10/07/2022, 01:40:10,844
GEOR20066,Pako Forever,1677,10/07/2022, 03:46:55,844
GEOR20066,Pako Forever,1679,10/07/2022, 04:49:26,844
GEOR20066,Pako Forever,1679,10/07/2022, 05:33:18,844
GEOR20066,Pako Forever,1679,10/07/2022, 06:28:50,844
GEOR20066,Pako Forever,1679,10/07/2022, 07:24:36,844
GEOR20066,Pako Forever,1679,10/07/2022, 08:19:34,844
GEOR20066,Pako Forever,1679,10/07/2022, 09:20:25,844
GEOR20066,Pako Forever,1679,10/07/2022, 10:19:55,844
GEOR20066,Pako Forever,1679,10/07/2022, 11:17:46,844
GEOR20066,Pako Forever,1679,10/07/2022, 12:33:30,844
GEOR20066,Pako Forever,1681,10/07/2022, 13:50:51,844
GEOR20066,Pako Forever,1681,10/07/2022, 14:32:34,844
GEOR20066,Pako Forever,1683,10/07/2022, 15:18:48,844
GEOR20066,Pako Forever,1684,10/07/2022, 16:25:27,844
GEOR20066,Pako Forever,1684,10/07/2022, 17:34:28,844
GEOR20066,Pako Forever,1685,10/07/2022, 18:24:30,844
GEOR20066,Pako Forever,1688,10/07/2022, 19:18:18,844
GEOR20066,Pako Forever,1688,10/07/2022, 20:18:12,844
GEOR20066,Pako Forever,1688,10/07/2022, 21:14:56,844
GEOR20066,Pako Forever,1688,10/07/2022, 22:17:11,844
GEOR20066,Pako Forever,1689,10/07/2022, 23:18:51,844
GEOR20066,Pako Forever,1689,10/08/2022, 01:16:39,844
GEOR20066,Pako Forever,1691,10/08/2022, 03:28:02,844
GEOR20066,Pako Forever,1694,10/08/2022, 04:37:59,844
GEOR20066,Pako Forever,1695,10/08/2022, 05:28:05,844
GEOR20066,Pako Forever,1695,10/08/2022, 06:21:48,844
GEOR20066,Pako Forever,1695,10/08/2022, 07:19:07,844
GEOR20066,Pako Forever,1697,10/08/2022, 08:20:38,844
GEOR20066,Pako Forever,1697,10/08/2022, 09:18:02,844
GEOR20066,Pako Forever,1697,10/08/2022, 10:16:58,844
GEOR20066,Pako Forever,1698,10/08/2022, 11:13:09,844
GEOR20066,Pako Forever,1698,10/08/2022, 12:28:36,844
GEOR20066,Pako Forever,1698,10/08/2022, 13:38:35,844
GEOR20066,Pako Forever,1698,10/08/2022, 14:18:28,844
GEOR20066,Pako Forever,1699,10/08/2022, 15:16:06,844
GEOR20066,Pako Forever,1700,10/08/2022, 16:20:47,844
GEOR20066,Pako Forever,1700,10/08/2022, 17:23:42,844
GEOR20066,Pako Forever,1700,10/08/2022, 18:19:09,844
GEOR20066,Pako Forever,1701,10/08/2022, 19:14:26,844
GEOR20066,Pako Forever,1702,10/08/2022, 20:16:56,844
GEOR20066,Pako Forever,1703,10/08/2022, 21:14:34,844
GEOR20066,Pako Forever,1704,10/08/2022, 22:15:48,844
GEOR20066,Pako Forever,1704,10/08/2022, 23:17:40,844
GEOR20066,Pako Forever,1704,10/09/2022, 01:23:30,844
GEOR20066,Pako Forever,1704,10/09/2022, 04:02:19,844
GEOR20066,Pako Forever,1705,10/09/2022, 05:36:47,844
GEOR20066,Pako Forever,1705,10/09/2022, 06:23:12,844
GEOR20066,Pako Forever,1705,10/09/2022, 07:18:42,844
GEOR20066,Pako Forever,1705,10/09/2022, 08:20:23,844
GEOR20066,Pako Forever,1705,10/09/2022, 09:17:24,844
GEOR20066,Pako Forever,1706,10/09/2022, 10:17:23,844
GEOR20066,Pako Forever,1706,10/09/2022, 11:13:31,844
GEOR20066,Pako Forever,1706,10/09/2022, 12:29:05,844
GEOR20066,Pako Forever,1706,10/09/2022, 13:37:03,844
GEOR20066,Pako Forever,1707,10/09/2022, 14:16:33,844
GEOR20066,Pako Forever,1708,10/09/2022, 15:17:49,844
GEOR20066,Pako Forever,1709,10/09/2022, 16:21:42,844
GEOR20066,Pako Forever,1709,10/09/2022, 17:23:55,844
GEOR20066,Pako Forever,1710,10/09/2022, 18:19:33,844
GEOR20066,Pako Forever,1710,10/09/2022, 19:14:51,844
GEOR20066,Pako Forever,1713,10/09/2022, 20:17:12,844
GEOR20066,Pako Forever,1713,10/09/2022, 21:14:32,844
GEOR20066,Pako Forever,1713,10/09/2022, 22:15:59,844
GEOR20066,Pako Forever,1714,10/09/2022, 23:18:19,844
GEOR20066,Pako Forever,1716,10/10/2022, 01:28:36,844
GEOR20066,Pako Forever,1716,10/10/2022, 04:12:21,844
GEOR20066,Pako Forever,1721,10/10/2022, 06:00:12,844
GEOR20066,Pako Forever,1721,10/10/2022, 06:54:48,844
GEOR20066,Pako Forever,1721,10/10/2022, 07:34:26,844
GEOR20066,Pako Forever,1721,10/10/2022, 08:26:05,844
GEOR20066,Pako Forever,1721,10/10/2022, 09:22:36,844
GEOR20066,Pako Forever,1721,10/10/2022, 10:17:38,844
GEOR20066,Pako Forever,1721,10/10/2022, 11:14:43,844
GEOR20066,Pako Forever,1722,10/10/2022, 12:36:03,844
GEOR20066,Pako Forever,1722,10/10/2022, 13:56:43,844
GEOR20066,Pako Forever,1722,10/10/2022, 14:37:45,844
GEOR20066,Pako Forever,1722,10/10/2022, 15:21:29,844
GEOR20066,Pako Forever,1722,10/10/2022, 16:25:16,844
GEOR20066,Pako Forever,1722,10/10/2022, 17:35:24,844
GEOR20066,Pako Forever,1722,10/10/2022, 18:26:00,844
GEOR20066,Pako Forever,1723,10/10/2022, 19:23:18,844
GEOR20066,Pako Forever,1724,10/10/2022, 20:19:13,844
GEOR20066,Pako Forever,1724,10/10/2022, 21:15:19,844
GEOR20066,Pako Forever,1724,10/10/2022, 22:17:42,844
GEOR20066,Pako Forever,1724,10/10/2022, 23:18:41,844
GEOR20066,Pako Forever,1724,10/11/2022, 01:21:19,844
GEOR20066,Pako Forever,1726,10/11/2022, 04:08:54,844
GEOR20066,Pako Forever,1727,10/11/2022, 05:57:54,844
GEOR20066,Pako Forever,1727,10/11/2022, 06:45:06,844
GEOR20066,Pako Forever,1727,10/11/2022, 07:36:08,844
GEOR20066,Pako Forever,1727,10/11/2022, 08:25:14,844
GEOR20066,Pako Forever,1727,10/11/2022, 09:22:01,844
GEOR20066,Pako Forever,1728,10/11/2022, 10:18:40,844
GEOR20066,Pako Forever,1728,10/11/2022, 11:14:50,844
GEOR20066,Pako Forever,1729,10/11/2022, 12:34:29,844
GEOR20066,Pako Forever,1730,10/11/2022, 13:53:27,844
GEOR20066,Pako Forever,1730,10/11/2022, 14:29:35,844
GEOR20066,Pako Forever,1731,10/11/2022, 15:19:25,844
GEOR20066,Pako Forever,1731,10/11/2022, 16:26:12,844
GEOR20066,Pako Forever,1732,10/11/2022, 17:27:58,844
GEOR20066,Pako Forever,1733,10/11/2022, 18:22:24,844
GEOR20066,Pako Forever,1733,10/11/2022, 19:18:44,844
GEOR20066,Pako Forever,1733,10/11/2022, 20:19:50,844
GEOR20066,Pako Forever,1733,10/11/2022, 21:16:55,844
GEOR20066,Pako Forever,1733,10/11/2022, 22:16:51,844
GEOR20066,Pako Forever,1734,10/11/2022, 23:20:27,844
GEOR20066,Pako Forever,1735,10/12/2022, 01:47:43,844
GEOR20066,Pako Forever,1738,10/12/2022, 04:05:01,844
GEOR20066,Pako Forever,1738,10/12/2022, 05:42:27,844
GEOR20066,Pako Forever,1738,10/12/2022, 06:29:46,844
GEOR20066,Pako Forever,1738,10/12/2022, 07:24:49,844
GEOR20066,Pako Forever,1738,10/12/2022, 08:20:47,844
GEOR20066,Pako Forever,1738,10/12/2022, 09:21:43,844
GEOR20066,Pako Forever,1738,10/12/2022, 10:20:53,844
GEOR20066,Pako Forever,1739,10/12/2022, 11:16:23,844
GEOR20066,Pako Forever,1739,10/12/2022, 12:33:23,844
GEOR20066,Pako Forever,1740,10/12/2022, 13:53:02,844
GEOR20066,Pako Forever,1740,10/12/2022, 14:35:01,844
GEOR20066,Pako Forever,1740,10/12/2022, 15:22:07,844
GEOR20066,Pako Forever,1741,10/12/2022, 16:31:30,844
GEOR20066,Pako Forever,1741,10/12/2022, 17:38:09,844
GEOR20066,Pako Forever,1742,10/12/2022, 18:25:18,844
GEOR20066,Pako Forever,1742,10/12/2022, 19:20:54,844
GEOR20066,Pako Forever,1745,10/12/2022, 20:19:06,844
GEOR20066,Pako Forever,1745,10/12/2022, 21:16:09,844
GEOR20066,Pako Forever,1745,10/12/2022, 22:16:49,844
GEOR20066,Pako Forever,1745,10/12/2022, 23:18:25,844
GEOR20066,Pako Forever,1745,10/13/2022, 01:26:53,844
GEOR20066,Pako Forever,1746,10/13/2022, 04:12:28,844
GEOR20066,Pako Forever,1747,10/13/2022, 05:58:30,844
GEOR20066,Pako Forever,1747,10/13/2022, 06:46:59,844
GEOR20066,Pako Forever,1747,10/13/2022, 07:30:37,844
GEOR20066,Pako Forever,1747,10/13/2022, 08:22:01,844
GEOR20066,Pako Forever,1747,10/13/2022, 09:21:26,844
GEOR20066,Pako Forever,1748,10/13/2022, 10:18:37,844
GEOR20066,Pako Forever,1748,10/13/2022, 11:15:06,844
GEOR20066,Pako Forever,1748,10/13/2022, 12:34:09,844
GEOR20066,Pako Forever,1748,10/13/2022, 13:54:03,844
GEOR20066,Pako Forever,1748,10/13/2022, 14:24:49,844
GEOR20066,Pako Forever,1748,10/13/2022, 15:18:47,844
GEOR20066,Pako Forever,1750,10/13/2022, 16:25:02,844
GEOR20066,Pako Forever,1751,10/13/2022, 17:36:32,844
GEOR20066,Pako Forever,1752,10/13/2022, 18:26:18,844
GEOR20066,Pako Forever,1752,10/13/2022, 19:21:03,844
GEOR20066,Pako Forever,1752,10/13/2022, 20:18:32,844
GEOR20066,Pako Forever,1752,10/13/2022, 21:17:12,844
GEOR20066,Pako Forever,1753,10/13/2022, 22:18:48,844
GEOR20066,Pako Forever,1754,10/13/2022, 23:19:43,844
GEOR20066,Pako Forever,1754,10/14/2022, 01:49:13,844
GEOR20066,Pako Forever,1754,10/14/2022, 04:22:53,844
GEOR20066,Pako Forever,1754,10/14/2022, 06:04:28,844
GEOR20066,Pako Forever,1756,10/14/2022, 07:33:58,844
GEOR20066,Pako Forever,1756,10/14/2022, 08:23:43,844
GEOR20066,Pako Forever,1756,10/14/2022, 09:21:12,844
GEOR20066,Pako Forever,1756,10/14/2022, 10:18:38,844
GEOR20066,Pako Forever,1756,10/14/2022, 11:15:17,844
GEOR20066,Pako Forever,1759,10/14/2022, 12:33:23,844
GEOR20066,Pako Forever,1759,10/14/2022, 13:55:30,844
GEOR20066,Pako Forever,1759,10/14/2022, 15:19:46,844
GEOR20066,Pako Forever,1759,10/14/2022, 16:24:44,844
GEOR20066,Pako Forever,1759,10/14/2022, 17:28:39,844
GEOR20066,Pako Forever,1759,10/14/2022, 18:21:22,844
GEOR20066,Pako Forever,1759,10/14/2022, 19:18:03,844
GEOR20066,Pako Forever,1761,10/14/2022, 20:17:47,844
GEOR20066,Pako Forever,1762,10/14/2022, 21:16:19,844
GEOR20066,Pako Forever,1763,10/14/2022, 22:15:55,844
GEOR20066,Pako Forever,1764,10/14/2022, 23:18:04,844
GEOR20066,Pako Forever,1764,10/15/2022, 01:29:51,844
GEOR20066,Pako Forever,1768,10/15/2022, 04:11:50,844
GEOR20066,Pako Forever,1769,10/15/2022, 05:44:29,844
GEOR20066,Pako Forever,1769,10/15/2022, 06:28:01,844
GEOR20066,Pako Forever,1770,10/15/2022, 07:20:42,844
GEOR20066,Pako Forever,1770,10/15/2022, 08:21:26,844
GEOR20066,Pako Forever,1770,10/15/2022, 09:18:51,844
GEOR20066,Pako Forever,1770,10/15/2022, 10:16:31,844
GEOR20066,Pako Forever,1770,10/15/2022, 11:13:12,844
GEOR20066,Pako Forever,1770,10/15/2022, 12:30:02,844
GEOR20066,Pako Forever,1770,10/15/2022, 13:37:32,844
GEOR20066,Pako Forever,1770,10/15/2022, 14:16:58,844
GEOR20066,Pako Forever,1770,10/15/2022, 15:16:57,844
GEOR20066,Pako Forever,1771,10/15/2022, 16:21:33,844
GEOR20066,Pako Forever,1772,10/15/2022, 17:24:28,844
GEOR20066,Pako Forever,1774,10/15/2022, 18:19:24,844
GEOR20066,Pako Forever,1775,10/15/2022, 19:15:04,844
GEOR20066,Pako Forever,1775,10/15/2022, 20:17:09,844
GEOR20066,Pako Forever,1776,10/15/2022, 21:14:43,844
GEOR20066,Pako Forever,1776,10/15/2022, 22:15:51,844
GEOR20066,Pako Forever,1778,10/15/2022, 23:18:22,844
GEOR20066,Pako Forever,1778,10/16/2022, 01:40:49,844
GEOR20066,Pako Forever,1778,10/16/2022, 04:12:48,844
GEOR20066,Pako Forever,1778,10/16/2022, 05:42:39,844
GEOR20066,Pako Forever,1778,10/16/2022, 06:25:03,844
GEOR20066,Pako Forever,1778,10/16/2022, 07:19:40,844
GEOR20066,Pako Forever,1778,10/16/2022, 08:20:44,844
GEOR20066,Pako Forever,1778,10/16/2022, 09:18:00,844
GEOR20066,Pako Forever,1779,10/16/2022, 10:16:54,844
GEOR20066,Pako Forever,1779,10/16/2022, 11:13:18,844
GEOR20066,Pako Forever,1779,10/16/2022, 12:30:09,844
GEOR20066,Pako Forever,1779,10/16/2022, 13:36:47,844
GEOR20066,Pako Forever,1779,10/16/2022, 14:16:47,844
GEOR20066,Pako Forever,1780,10/16/2022, 15:16:45,844
GEOR20066,Pako Forever,1780,10/16/2022, 16:21:59,844
GEOR20066,Pako Forever,1780,10/16/2022, 17:24:47,844
GEOR20066,Pako Forever,1782,10/16/2022, 18:19:30,844
GEOR20066,Pako Forever,1782,10/16/2022, 19:15:17,844
GEOR20066,Pako Forever,1784,10/16/2022, 20:17:49,844
GEOR20066,Pako Forever,1784,10/16/2022, 21:14:19,844
GEOR20066,Pako Forever,1784,10/16/2022, 22:15:50,844
GEOR20066,Pako Forever,1785,10/16/2022, 23:18:41,844
GEOR20066,Pako Forever,1786,10/17/2022, 01:47:20,844
GEOR20066,Pako Forever,1786,10/17/2022, 04:30:05,844
GEOR20066,Pako Forever,1786,10/17/2022, 06:14:08,844
GEOR20066,Pako Forever,1786,10/17/2022, 07:42:45,844
GEOR20066,Pako Forever,1786,10/17/2022, 08:31:26,844
GEOR20066,Pako Forever,1786,10/17/2022, 09:28:53,844
GEOR20066,Pako Forever,1786,10/17/2022, 11:18:01,844
GEOR20066,Pako Forever,1786,10/17/2022, 12:36:07,844
GEOR20066,Pako Forever,1786,10/17/2022, 13:57:42,844
GEOR20066,Pako Forever,1787,10/17/2022, 14:36:40,844
GEOR20066,Pako Forever,1787,10/17/2022, 15:22:07,844
GEOR20066,Pako Forever,1787,10/17/2022, 16:33:06,844
GEOR20066,Pako Forever,1788,10/17/2022, 17:38:37,844
GEOR20066,Pako Forever,1789,10/17/2022, 18:30:51,844
GEOR20066,Pako Forever,1790,10/17/2022, 19:29:09,844
GEOR20066,Pako Forever,1790,10/17/2022, 20:18:39,844
GEOR20066,Pako Forever,1791,10/17/2022, 21:15:42,844
GEOR20066,Pako Forever,1793,10/17/2022, 22:17:20,844
GEOR20066,Pako Forever,1794,10/17/2022, 23:19:00,844
GEOR20066,Pako Forever,1796,10/18/2022, 01:28:37,844
GEOR20066,Pako Forever,1798,10/18/2022, 04:17:32,844
GEOR20066,Pako Forever,1799,10/18/2022, 06:08:29,844
GEOR20066,Pako Forever,1799,10/18/2022, 07:36:49,844
GEOR20066,Pako Forever,1799,10/18/2022, 08:28:05,844
GEOR20066,Pako Forever,1799,10/18/2022, 09:24:54,844
GEOR20066,Pako Forever,1799,10/18/2022, 10:20:13,844
GEOR20066,Pako Forever,1799,10/18/2022, 11:15:48,844
GEOR20066,Pako Forever,1799,10/18/2022, 12:35:03,844
GEOR20066,Pako Forever,1799,10/18/2022, 13:55:16,844
GEOR20066,Pako Forever,1800,10/18/2022, 14:32:27,844
GEOR20066,Pako Forever,1801,10/18/2022, 15:20:57,844
GEOR20066,Pako Forever,1801,10/18/2022, 16:29:10,844
GEOR20066,Pako Forever,1801,10/18/2022, 17:34:07,844
GEOR20066,Pako Forever,1801,10/18/2022, 18:28:54,844
GEOR20066,Pako Forever,1801,10/18/2022, 19:21:56,844
GEOR20066,Pako Forever,1801,10/18/2022, 20:18:38,844
GEOR20066,Pako Forever,1801,10/18/2022, 21:15:00,844
GEOR20066,Pako Forever,1804,10/18/2022, 23:20:19,844
GEOR20066,Pako Forever,1804,10/19/2022, 01:29:42,844
GEOR20066,Pako Forever,1804,10/19/2022, 04:18:17,844
GEOR20066,Pako Forever,1804,10/19/2022, 06:11:26,844
GEOR20066,Pako Forever,1804,10/19/2022, 07:40:05,844
GEOR20066,Pako Forever,1804,10/19/2022, 08:30:34,844
GEOR20066,Pako Forever,1804,10/19/2022, 09:26:30,844
GEOR20066,Pako Forever,1805,10/19/2022, 10:24:35,844
GEOR20066,Pako Forever,1805,10/19/2022, 11:17:21,844
GEOR20066,Pako Forever,1806,10/19/2022, 12:35:04,844
GEOR20066,Pako Forever,1807,10/19/2022, 14:32:53,844
GEOR20066,Pako Forever,1808,10/19/2022, 15:20:44,844
GEOR20066,Pako Forever,1808,10/19/2022, 17:41:03,844
GEOR20066,Pako Forever,1808,10/19/2022, 18:30:19,844
GEOR20066,Pako Forever,1809,10/19/2022, 19:23:55,844
GEOR20066,Pako Forever,1809,10/19/2022, 20:18:11,844
GEOR20066,Pako Forever,1809,10/19/2022, 21:16:21,844
GEOR20066,Pako Forever,1811,10/19/2022, 22:17:36,844
GEOR20066,Pako Forever,1811,10/19/2022, 23:19:51,844
GEOR20066,Pako Forever,1812,10/20/2022, 01:27:49,844
GEOR20066,Pako Forever,1813,10/20/2022, 04:01:52,844
GEOR20066,Pako Forever,1813,10/20/2022, 05:38:37,844
GEOR20066,Pako Forever,1815,10/20/2022, 06:29:27,844
GEOR20066,Pako Forever,1815,10/20/2022, 07:26:40,844
GEOR20066,Pako Forever,1816,10/20/2022, 08:22:14,844
GEOR20066,Pako Forever,1816,10/20/2022, 09:23:51,844
GEOR20066,Pako Forever,1816,10/20/2022, 10:20:31,844
GEOR20066,Pako Forever,1816,10/20/2022, 11:16:35,844
GEOR20066,Pako Forever,1816,10/20/2022, 12:34:29,844
GEOR20066,Pako Forever,1817,10/20/2022, 13:56:06,844
GEOR20066,Pako Forever,1817,10/20/2022, 14:33:51,844
GEOR20066,Pako Forever,1817,10/20/2022, 15:20:44,844
GEOR20066,Pako Forever,1817,10/20/2022, 16:28:28,844
GEOR20066,Pako Forever,1818,10/20/2022, 17:36:48,844
GEOR20066,Pako Forever,1818,10/20/2022, 18:33:25,844
GEOR20066,Pako Forever,1818,10/20/2022, 19:23:55,844
GEOR20066,Pako Forever,1818,10/20/2022, 20:18:54,844
GEOR20066,Pako Forever,1818,10/20/2022, 21:16:20,844
GEOR20066,Pako Forever,1819,10/20/2022, 22:16:59,844
GEOR20066,Pako Forever,1819,10/20/2022, 23:20:55,844
GEOR20066,Pako Forever,1822,10/21/2022, 01:20:22,844
GEOR20066,Pako Forever,1822,10/21/2022, 03:45:51,844
GEOR20066,Pako Forever,1822,10/21/2022, 05:03:07,844
GEOR20066,Pako Forever,1822,10/21/2022, 06:32:59,844
GEOR20066,Pako Forever,1822,10/21/2022, 07:26:32,844
GEOR20066,Pako Forever,1823,10/21/2022, 08:22:42,844
GEOR20066,Pako Forever,1823,10/21/2022, 09:22:55,844
GEOR20066,Pako Forever,1823,10/21/2022, 10:19:31,844
GEOR20066,Pako Forever,1823,10/21/2022, 11:15:58,844
GEOR20066,Pako Forever,1824,10/21/2022, 12:34:27,844
GEOR20066,Pako Forever,1824,10/21/2022, 13:54:52,844
GEOR20066,Pako Forever,1824,10/21/2022, 14:35:37,844
GEOR20066,Pako Forever,1824,10/21/2022, 15:24:12,844
GEOR20066,Pako Forever,1824,10/21/2022, 16:29:04,844
GEOR20066,Pako Forever,1824,10/21/2022, 17:29:49,844
GEOR20066,Pako Forever,1824,10/21/2022, 18:24:03,844
GEOR20066,Pako Forever,1824,10/21/2022, 19:20:01,844
GEOR20066,Pako Forever,1824,10/21/2022, 20:18:39,844
GEOR20066,Pako Forever,1827,10/21/2022, 21:15:15,844
GEOR20066,Pako Forever,1828,10/21/2022, 22:17:11,844
GEOR20066,Pako Forever,1828,10/21/2022, 23:18:42,844
GEOR20066,Pako Forever,1829,10/22/2022, 01:27:27,844
GEOR20066,Pako Forever,1829,10/22/2022, 03:55:42,844
GEOR20066,Pako Forever,1829,10/22/2022, 05:01:24,844
GEOR20066,Pako Forever,1829,10/22/2022, 05:48:35,844
GEOR20066,Pako Forever,1830,10/22/2022, 06:25:25,844
GEOR20066,Pako Forever,1830,10/22/2022, 07:20:38,844
GEOR20066,Pako Forever,1831,10/22/2022, 08:21:38,844
GEOR20066,Pako Forever,1832,10/22/2022, 09:19:33,844
GEOR20066,Pako Forever,1832,10/22/2022, 10:17:07,844
GEOR20066,Pako Forever,1832,10/22/2022, 11:13:46,844
GEOR20066,Pako Forever,1833,10/22/2022, 12:30:21,844
GEOR20066,Pako Forever,1834,10/22/2022, 13:38:08,844
GEOR20066,Pako Forever,1834,10/22/2022, 14:17:41,844
GEOR20066,Pako Forever,1834,10/22/2022, 15:16:25,844
GEOR20066,Pako Forever,1834,10/22/2022, 16:22:32,844
GEOR20066,Pako Forever,1836,10/22/2022, 17:25:17,844
GEOR20066,Pako Forever,1838,10/22/2022, 18:19:56,844
GEOR20066,Pako Forever,1840,10/22/2022, 19:15:56,844
GEOR20066,Pako Forever,1840,10/22/2022, 20:17:37,844
GEOR20066,Pako Forever,1842,10/22/2022, 21:14:17,844
GEOR20066,Pako Forever,1842,10/22/2022, 22:16:04,844
GEOR20066,Pako Forever,1843,10/22/2022, 23:18:36,844
GEOR20066,Pako Forever,1843,10/23/2022, 01:26:28,844
GEOR20066,Pako Forever,1843,10/23/2022, 04:05:06,844
GEOR20066,Pako Forever,1844,10/23/2022, 05:41:13,844
GEOR20066,Pako Forever,1844,10/23/2022, 06:27:37,844
GEOR20066,Pako Forever,1844,10/23/2022, 07:21:23,844
GEOR20066,Pako Forever,1844,10/23/2022, 08:20:29,844
GEOR20066,Pako Forever,1844,10/23/2022, 09:18:16,844
GEOR20066,Pako Forever,1845,10/23/2022, 10:17:08,844
GEOR20066,Pako Forever,1846,10/23/2022, 11:13:48,844
GEOR20066,Pako Forever,1846,10/23/2022, 12:31:04,844
GEOR20066,Pako Forever,1847,10/23/2022, 13:39:51,844
GEOR20066,Pako Forever,1847,10/23/2022, 14:18:38,844
GEOR20066,Pako Forever,1847,10/23/2022, 15:16:36,844
GEOR20066,Pako Forever,1850,10/23/2022, 16:22:35,844
GEOR20066,Pako Forever,1852,10/23/2022, 17:25:36,844
GEOR20066,Pako Forever,1852,10/23/2022, 18:20:17,844
GEOR20066,Pako Forever,1852,10/23/2022, 19:16:20,844
GEOR20066,Pako Forever,1854,10/23/2022, 20:17:54,844
GEOR20066,Pako Forever,1854,10/23/2022, 21:14:47,844
GEOR20066,Pako Forever,1856,10/23/2022, 22:16:14,844
GEOR20066,Pako Forever,1856,10/23/2022, 23:19:15,844
GEOR20066,Pako Forever,1856,10/24/2022, 01:47:48,844
GEOR20066,Pako Forever,1856,10/24/2022, 04:28:48,844
GEOR20066,Pako Forever,1856,10/24/2022, 06:17:29,844
GEOR20066,Pako Forever,1857,10/24/2022, 07:47:17,844
GEOR20066,Pako Forever,1858,10/24/2022, 08:30:13,844
GEOR20066,Pako Forever,1859,10/24/2022, 09:28:45,844
GEOR20066,Pako Forever,1859,10/24/2022, 10:23:01,844
GEOR20066,Pako Forever,1860,10/24/2022, 11:19:45,844
GEOR20066,Pako Forever,1863,10/24/2022, 12:34:29,844
GEOR20066,Pako Forever,1863,10/24/2022, 13:57:06,844
GEOR20066,Pako Forever,1864,10/24/2022, 14:38:45,844
GEOR20066,Pako Forever,1865,10/24/2022, 15:22:05,844
GEOR20066,Pako Forever,1866,10/24/2022, 16:27:35,844
GEOR20066,Pako Forever,1866,10/24/2022, 17:33:49,844
GEOR20066,Pako Forever,1868,10/24/2022, 18:30:38,844
GEOR20066,Pako Forever,1870,10/24/2022, 19:24:03,844
GEOR20066,Pako Forever,1872,10/24/2022, 20:18:46,844
GEOR20066,Pako Forever,1873,10/24/2022, 21:16:55,844
GEOR20066,Pako Forever,1874,10/24/2022, 22:17:15,844
GEOR20066,Pako Forever,1875,10/24/2022, 23:19:14,844
GEOR20066,Pako Forever,1876,10/25/2022, 01:42:08,844
GEOR20066,Pako Forever,1878,10/25/2022, 04:24:09,844
GEOR20066,Pako Forever,1879,10/25/2022, 06:11:56,844
GEOR20066,Pako Forever,1880,10/25/2022, 07:40:17,844
GEOR20066,Pako Forever,1881,10/25/2022, 08:29:15,844
GEOR20066,Pako Forever,1881,10/25/2022, 09:28:13,844
GEOR20066,Pako Forever,1881,10/25/2022, 10:20:56,844
GEOR20066,Pako Forever,1881,10/25/2022, 11:15:58,844
GEOR20066,Pako Forever,1882,10/25/2022, 12:35:37,844
GEOR20066,Pako Forever,1882,10/25/2022, 13:57:02,844
GEOR20066,Pako Forever,1882,10/25/2022, 14:35:54,844
GEOR20066,Pako Forever,1882,10/25/2022, 15:22:08,844
GEOR20066,Pako Forever,1884,10/25/2022, 16:32:43,844
GEOR20066,Pako Forever,1886,10/25/2022, 17:50:32,844
GEOR20066,Pako Forever,1886,10/25/2022, 18:42:21,844
GEOR20066,Pako Forever,1886,10/25/2022, 19:36:47,844
GEOR20066,Pako Forever,1887,10/25/2022, 20:20:10,844
GEOR20066,Pako Forever,1889,10/25/2022, 21:15:58,844
GEOR20066,Pako Forever,1891,10/25/2022, 22:17:32,844
GEOR20066,Pako Forever,1891,10/25/2022, 23:17:06,844
GEOR20066,Pako Forever,1891,10/26/2022, 01:19:31,844
GEOR20066,Pako Forever,1892,10/26/2022, 03:47:47,844
GEOR20066,Pako Forever,1893,10/26/2022, 04:50:01,844
GEOR20066,Pako Forever,1893,10/26/2022, 05:28:12,844
GEOR20066,Pako Forever,1893,10/26/2022, 06:21:01,844
GEOR20066,Pako Forever,1893,10/26/2022, 07:16:40,844
GEOR20066,Pako Forever,1893,10/26/2022, 08:19:28,844
GEOR20066,Pako Forever,1893,10/26/2022, 09:15:05,844
GEOR20066,Pako Forever,1894,10/26/2022, 10:16:31,844
GEOR20066,Pako Forever,1894,10/26/2022, 11:13:36,844
GEOR20066,Pako Forever,1894,10/26/2022, 12:34:16,844
GEOR20066,Pako Forever,1894,10/26/2022, 13:47:13,844
GEOR20066,Pako Forever,1894,10/26/2022, 14:21:48,844
GEOR20066,Pako Forever,1895,10/26/2022, 15:16:14,844
GEOR20066,Pako Forever,1895,10/26/2022, 16:21:01,844
GEOR20066,Pako Forever,1895,10/26/2022, 17:20:53,844
GEOR20066,Pako Forever,1895,10/26/2022, 18:19:14,844
GEOR20066,Pako Forever,1895,10/26/2022, 19:12:12,844
GEOR20066,Pako Forever,1895,10/26/2022, 20:16:36,844
GEOR20066,Pako Forever,1895,10/26/2022, 21:14:25,844
GEOR20066,Pako Forever,1896,10/26/2022, 22:16:19,844
GEOR20066,Pako Forever,1896,10/26/2022, 23:17:03,844
GEOR20066,Pako Forever,1897,10/27/2022, 01:18:17,844
GEOR20066,Pako Forever,1897,10/27/2022, 03:42:11,844
GEOR20066,Pako Forever,1897,10/27/2022, 04:43:31,844
GEOR20066,Pako Forever,1897,10/27/2022, 05:24:41,844
GEOR20066,Pako Forever,1897,10/27/2022, 06:20:15,844
GEOR20066,Pako Forever,1897,10/27/2022, 07:14:39,844
GEOR20066,Pako Forever,1897,10/27/2022, 08:19:58,844
GEOR20066,Pako Forever,1897,10/27/2022, 09:16:23,844
GEOR20066,Pako Forever,1897,10/27/2022, 10:16:44,844
GEOR20066,Pako Forever,1897,10/27/2022, 11:13:25,844
GEOR20066,Pako Forever,1897,10/27/2022, 12:33:36,844
GEOR20066,Pako Forever,1898,10/27/2022, 13:43:21,844
GEOR20066,Pako Forever,1898,10/27/2022, 14:25:20,844
GEOR20066,Pako Forever,1898,10/27/2022, 15:15:51,844
GEOR20066,Pako Forever,1900,10/27/2022, 16:23:08,844
GEOR20066,Pako Forever,1900,10/27/2022, 17:22:16,844
GEOR20066,Pako Forever,1901,10/27/2022, 18:22:20,844
GEOR20066,Pako Forever,1901,10/27/2022, 19:14:08,844
GEOR20066,Pako Forever,1902,10/27/2022, 20:16:17,844
GEOR20066,Pako Forever,1902,10/27/2022, 21:13:34,844
GEOR20066,Pako Forever,1902,10/27/2022, 22:15:04,844
GEOR20066,Pako Forever,1903,10/27/2022, 23:18:42,844
GEOR20066,Pako Forever,1903,10/28/2022, 01:24:02,844
GEOR20066,Pako Forever,1904,10/28/2022, 03:44:26,844
GEOR20066,Pako Forever,1904,10/28/2022, 04:42:55,844
GEOR20066,Pako Forever,1904,10/28/2022, 05:26:35,844
GEOR20066,Pako Forever,1904,10/28/2022, 06:19:32,844
GEOR20066,Pako Forever,1904,10/28/2022, 07:14:38,844
GEOR20066,Pako Forever,1904,10/28/2022, 08:21:29,844
GEOR20066,Pako Forever,1904,10/28/2022, 09:17:11,844
GEOR20066,Pako Forever,1904,10/28/2022, 10:16:36,844
GEOR20066,Pako Forever,1904,10/28/2022, 11:14:10,844
GEOR20066,Pako Forever,1904,10/28/2022, 12:32:02,844
GEOR20066,Pako Forever,1904,10/28/2022, 13:47:11,844
GEOR20066,Pako Forever,1904,10/28/2022, 14:21:58,844
GEOR20066,Pako Forever,1904,10/28/2022, 15:16:13,844
GEOR20066,Pako Forever,1904,10/28/2022, 16:19:01,844
GEOR20066,Pako Forever,1905,10/28/2022, 17:19:57,844
GEOR20066,Pako Forever,1906,10/28/2022, 18:19:32,844
GEOR20066,Pako Forever,1906,10/28/2022, 19:12:06,844
GEOR20066,Pako Forever,1906,10/28/2022, 20:16:58,844
GEOR20066,Pako Forever,1906,10/28/2022, 21:13:43,844
GEOR20066,Pako Forever,1906,10/28/2022, 22:15:32,844
GEOR20066,Pako Forever,1907,10/28/2022, 23:17:17,844
GEOR20066,Pako Forever,1908,10/29/2022, 01:10:11,844
GEOR20066,Pako Forever,1910,10/29/2022, 03:28:30,844
GEOR20066,Pako Forever,1910,10/29/2022, 04:32:22,844
GEOR20066,Pako Forever,1910,10/29/2022, 05:19:55,844
GEOR20066,Pako Forever,1911,10/29/2022, 06:18:50,844
GEOR20066,Pako Forever,1912,10/29/2022, 07:13:23,844
GEOR20066,Pako Forever,1913,10/29/2022, 08:18:55,844
GEOR20066,Pako Forever,1914,10/29/2022, 09:14:07,844
GEOR20066,Pako Forever,1914,10/29/2022, 10:15:40,844
GEOR20066,Pako Forever,1914,10/29/2022, 11:12:26,844
GEOR20066,Pako Forever,1915,10/29/2022, 12:26:31,844
GEOR20066,Pako Forever,1916,10/29/2022, 13:28:49,844
GEOR20066,Pako Forever,1916,10/29/2022, 14:14:40,844
GEOR20066,Pako Forever,1916,10/29/2022, 15:15:44,844
GEOR20066,Pako Forever,1917,10/29/2022, 16:19:06,844
GEOR20066,Pako Forever,1918,10/29/2022, 17:16:52,844
GEOR20066,Pako Forever,1919,10/29/2022, 18:17:48,844
GEOR20066,Pako Forever,1919,10/29/2022, 19:11:40,844
GEOR20066,Pako Forever,1919,10/29/2022, 20:15:33,844
GEOR20066,Pako Forever,1919,10/29/2022, 21:13:56,844
GEOR20066,Pako Forever,1920,10/29/2022, 22:15:13,844
GEOR20066,Pako Forever,1920,10/29/2022, 23:16:59,844
GEOR20066,Pako Forever,1920,10/30/2022, 01:26:03,844
GEOR20066,Pako Forever,1920,10/30/2022, 03:49:52,844
GEOR20066,Pako Forever,1920,10/30/2022, 04:43:33,844
GEOR20066,Pako Forever,1920,10/30/2022, 05:22:12,844
GEOR20066,Pako Forever,1921,10/30/2022, 06:18:28,844
GEOR20066,Pako Forever,1921,10/30/2022, 07:13:07,844
GEOR20066,Pako Forever,1921,10/30/2022, 08:18:03,844
GEOR20066,Pako Forever,1922,10/30/2022, 09:14:34,844
GEOR20066,Pako Forever,1925,10/30/2022, 10:15:28,844
GEOR20066,Pako Forever,1925,10/30/2022, 11:12:26,844
GEOR20066,Pako Forever,1926,10/30/2022, 12:28:20,844
GEOR20066,Pako Forever,1928,10/30/2022, 13:30:12,844
GEOR20066,Pako Forever,1929,10/30/2022, 14:13:14,844
GEOR20066,Pako Forever,1929,10/30/2022, 15:15:23,844
GEOR20066,Pako Forever,1929,10/30/2022, 16:19:31,844
GEOR20066,Pako Forever,1929,10/30/2022, 17:16:56,844
GEOR20066,Pako Forever,1929,10/30/2022, 18:19:04,844
GEOR20066,Pako Forever,1931,10/30/2022, 19:12:02,844
GEOR20066,Pako Forever,1932,10/30/2022, 20:15:41,844
GEOR20066,Pako Forever,1932,10/30/2022, 21:13:53,844
GEOR20066,Pako Forever,1932,10/30/2022, 22:14:17,844
GEOR20066,Pako Forever,1933,10/30/2022, 23:16:15,844
GEOR20066,Pako Forever,1933,10/31/2022, 01:26:16,844
GEOR20066,Pako Forever,1934,10/31/2022, 03:44:39,844
GEOR20066,Pako Forever,1934,10/31/2022, 04:47:12,844
GEOR20066,Pako Forever,1934,10/31/2022, 05:30:57,844
GEOR20066,Pako Forever,1934,10/31/2022, 06:19:51,844
GEOR20066,Pako Forever,1935,10/31/2022, 07:15:05,844
GEOR20066,Pako Forever,1936,10/31/2022, 08:22:48,844
GEOR20066,Pako Forever,1937,10/31/2022, 09:17:45,844
GEOR20066,Pako Forever,1938,10/31/2022, 10:17:43,844
GEOR20066,Pako Forever,1939,10/31/2022, 11:14:18,844
GEOR20066,Pako Forever,1939,10/31/2022, 12:32:35,844
GEOR20066,Pako Forever,1939,10/31/2022, 13:47:36,844
GEOR20066,Pako Forever,1939,10/31/2022, 14:24:51,844
GEOR20066,Pako Forever,1939,10/31/2022, 15:16:04,844
GEOR20066,Pako Forever,1940,10/31/2022, 16:22:17,844
GEOR20066,Pako Forever,1940,10/31/2022, 17:31:27,844
GEOR20066,Pako Forever,1940,10/31/2022, 18:21:57,844
GEOR20066,Pako Forever,1940,10/31/2022, 19:12:29,844
GEOR20066,Pako Forever,1941,10/31/2022, 20:16:59,844
GEOR20066,Pako Forever,1941,10/31/2022, 21:14:19,844
GEOR20066,Pako Forever,1941,10/31/2022, 22:16:43,844
GEOR20066,Pako Forever,1941,10/31/2022, 23:16:39,844
GEOR20066,Pako Forever,1941,11/01/2022, 01:40:06,844
GEOR20066,Pako Forever,1941,11/01/2022, 04:07:48,844
GEOR20066,Pako Forever,1941,11/01/2022, 05:44:21,844
GEOR20066,Pako Forever,1941,11/01/2022, 06:25:01,844
GEOR20066,Pako Forever,1942,11/01/2022, 07:17:31,844
GEOR20066,Pako Forever,1942,11/01/2022, 08:20:22,844
GEOR20066,Pako Forever,1942,11/01/2022, 09:16:48,844
GEOR20066,Pako Forever,1944,11/01/2022, 10:16:23,844
GEOR20066,Pako Forever,1944,11/01/2022, 11:13:44,844
GEOR20066,Pako Forever,1944,11/01/2022, 12:34:16,844
GEOR20066,Pako Forever,1946,11/01/2022, 13:44:43,844
GEOR20066,Pako Forever,1946,11/01/2022, 14:21:58,844
GEOR20066,Pako Forever,1947,11/01/2022, 15:16:53,844
GEOR20066,Pako Forever,1947,11/01/2022, 16:21:54,844
GEOR20066,Pako Forever,1947,11/01/2022, 17:24:06,844
GEOR20066,Pako Forever,1948,11/01/2022, 18:20:22,844
GEOR20066,Pako Forever,1948,11/01/2022, 19:13:16,844
GEOR20066,Pako Forever,1949,11/01/2022, 20:17:13,844
GEOR20066,Pako Forever,1950,11/01/2022, 21:14:45,844
GEOR20066,Pako Forever,1950,11/01/2022, 22:17:07,844
GEOR20066,Pako Forever,1951,11/01/2022, 23:17:18,844
GEOR20066,Pako Forever,1951,11/02/2022, 01:23:52,844
GEOR20066,Pako Forever,1953,11/02/2022, 03:55:27,844
GEOR20066,Pako Forever,1953,11/02/2022, 04:59:44,844
GEOR20066,Pako Forever,1953,11/02/2022, 05:46:20,844
GEOR20066,Pako Forever,1954,11/02/2022, 06:23:37,844
GEOR20066,Pako Forever,1954,11/02/2022, 07:15:53,844
GEOR20066,Pako Forever,1954,11/02/2022, 08:20:02,844
GEOR20066,Pako Forever,1954,11/02/2022, 09:15:11,844
GEOR20066,Pako Forever,1954,11/02/2022, 10:17:23,844
GEOR20066,Pako Forever,1955,11/02/2022, 11:14:30,844
GEOR20066,Pako Forever,1955,11/02/2022, 12:32:12,844
GEOR20066,Pako Forever,1956,11/02/2022, 13:49:43,844
GEOR20066,Pako Forever,1956,11/02/2022, 14:22:27,844
GEOR20066,Pako Forever,1956,11/02/2022, 15:16:45,844
GEOR20066,Pako Forever,1957,11/02/2022, 16:22:23,844
GEOR20066,Pako Forever,1958,11/02/2022, 17:28:47,844
GEOR20066,Pako Forever,1960,11/02/2022, 18:19:14,844
GEOR20066,Pako Forever,1961,11/02/2022, 19:12:24,844
GEOR20066,Pako Forever,1962,11/02/2022, 20:14:56,844
GEOR20066,Pako Forever,1962,11/02/2022, 21:15:13,844
GEOR20066,Pako Forever,1962,11/02/2022, 22:14:55,844
GEOR20066,Pako Forever,1964,11/02/2022, 23:16:01,844
GEOR20066,Pako Forever,1966,11/03/2022, 01:15:55,844
GEOR20066,Pako Forever,1968,11/03/2022, 03:26:57,844
GEOR20066,Pako Forever,1969,11/03/2022, 04:35:49,844
GEOR20066,Pako Forever,1969,11/03/2022, 05:20:20,844
GEOR20066,Pako Forever,1969,11/03/2022, 06:19:04,844
GEOR20066,Pako Forever,1969,11/03/2022, 07:12:46,844
GEOR20066,Pako Forever,1969,11/03/2022, 08:20:43,844
GEOR20066,Pako Forever,1969,11/03/2022, 09:15:04,844
GEOR20066,Pako Forever,1969,11/03/2022, 10:15:56,844
GEOR20066,Pako Forever,1970,11/03/2022, 11:12:27,844
GEOR20066,Pako Forever,1970,11/03/2022, 12:28:56,844
GEOR20066,Pako Forever,1971,11/03/2022, 13:41:21,844
GEOR20066,Pako Forever,1971,11/03/2022, 14:17:24,844
GEOR20066,Pako Forever,1971,11/03/2022, 15:20:28,844
GEOR20066,Pako Forever,1972,11/03/2022, 16:22:24,844
GEOR20066,Pako Forever,1973,11/03/2022, 17:18:57,844
GEOR20066,Pako Forever,1974,11/03/2022, 18:22:51,844
GEOR20066,Pako Forever,1974,11/03/2022, 19:11:40,844
GEOR20066,Pako Forever,1975,11/03/2022, 20:13:08,844
GEOR20066,Pako Forever,1977,11/03/2022, 21:12:28,844
GEOR20066,Pako Forever,1979,11/03/2022, 22:13:17,844
GEOR20066,Pako Forever,1979,11/03/2022, 23:16:13,844
GEOR20066,Pako Forever,1983,11/04/2022, 01:18:49,844
GEOR20066,Pako Forever,1983,11/04/2022, 03:40:17,844
GEOR20066,Pako Forever,1983,11/04/2022, 04:39:32,844
GEOR20066,Pako Forever,1984,11/04/2022, 05:21:28,844
GEOR20066,Pako Forever,1985,11/04/2022, 06:19:22,844
GEOR20066,Pako Forever,1985,11/04/2022, 07:13:36,844
GEOR20066,Pako Forever,1985,11/04/2022, 08:20:05,844
GEOR20066,Pako Forever,1985,11/04/2022, 09:14:06,844
GEOR20066,Pako Forever,1985,11/04/2022, 10:16:19,844
GEOR20066,Pako Forever,1985,11/04/2022, 11:12:36,844
GEOR20066,Pako Forever,1986,11/04/2022, 12:30:00,844
GEOR20066,Pako Forever,1986,11/04/2022, 13:38:11,844
GEOR20066,Pako Forever,1986,11/04/2022, 14:12:49,844
GEOR20066,Pako Forever,1987,11/04/2022, 15:15:26,844
GEOR20066,Pako Forever,1987,11/04/2022, 16:20:18,844
GEOR20066,Pako Forever,1987,11/04/2022, 17:18:13,844
GEOR20066,Pako Forever,1987,11/04/2022, 18:18:00,844
GEOR20066,Pako Forever,1987,11/04/2022, 19:12:29,844
GEOR20066,Pako Forever,1988,11/04/2022, 20:16:37,844
GEOR20066,Pako Forever,1989,11/04/2022, 21:13:04,844
GEOR20066,Pako Forever,1991,11/04/2022, 22:14:04,844
GEOR20066,Pako Forever,1991,11/04/2022, 23:16:58,844
GEOR20066,Pako Forever,1993,11/05/2022, 01:17:18,844
GEOR20066,Pako Forever,1994,11/05/2022, 03:18:33,844
GEOR20066,Pako Forever,1994,11/05/2022, 04:23:29,844
GEOR20066,Pako Forever,1994,11/05/2022, 05:13:05,844
GEOR20066,Pako Forever,1994,11/05/2022, 06:18:12,844
GEOR20066,Pako Forever,1994,11/05/2022, 07:13:20,844
GEOR20066,Pako Forever,1994,11/05/2022, 08:17:44,844
GEOR20066,Pako Forever,1994,11/05/2022, 09:14:09,844
GEOR20066,Pako Forever,1994,11/05/2022, 10:15:49,844
GEOR20066,Pako Forever,1994,11/05/2022, 11:11:43,844
GEOR20066,Pako Forever,1994,11/05/2022, 12:24:48,844
GEOR20066,Pako Forever,1995,11/05/2022, 13:25:26,844
GEOR20066,Pako Forever,1997,11/05/2022, 14:12:07,844
GEOR20066,Pako Forever,1997,11/05/2022, 15:13:54,844
GEOR20066,Pako Forever,1997,11/05/2022, 16:18:11,844
GEOR20066,Pako Forever,1997,11/05/2022, 17:13:23,844
GEOR20066,Pako Forever,1997,11/05/2022, 18:16:42,844
GEOR20066,Pako Forever,1998,11/05/2022, 19:12:08,844
GEOR20066,Pako Forever,1998,11/05/2022, 20:17:41,844
GEOR20066,Pako Forever,1998,11/05/2022, 21:13:09,844
GEOR20066,Pako Forever,1999,11/05/2022, 22:13:21,844
GEOR20066,Pako Forever,1999,11/05/2022, 23:14:55,844
GEOR20066,Pako Forever,2000,11/06/2022, 01:14:50,844
GEOR20066,Pako Forever,2001,11/06/2022, 03:22:03,844
GEOR20066,Pako Forever,2002,11/06/2022, 04:23:54,844
GEOR20066,Pako Forever,2002,11/06/2022, 05:13:17,844
GEOR20066,Pako Forever,2002,11/06/2022, 06:17:35,844
GEOR20066,Pako Forever,2002,11/06/2022, 07:13:33,844
GEOR20066,Pako Forever,2002,11/06/2022, 08:17:37,844
GEOR20066,Pako Forever,2003,11/06/2022, 09:15:02,844
GEOR20066,Pako Forever,2003,11/06/2022, 10:15:10,844
GEOR20066,Pako Forever,2003,11/06/2022, 11:11:47,844
GEOR20066,Pako Forever,2004,11/06/2022, 12:25:42,844
GEOR20066,Pako Forever,2004,11/06/2022, 13:26:14,844
GEOR20066,Pako Forever,2004,11/06/2022, 14:13:07,844
GEOR20066,Pako Forever,2004,11/06/2022, 15:15:51,844
GEOR20066,Pako Forever,2006,11/06/2022, 16:19:04,844
GEOR20066,Pako Forever,2008,11/06/2022, 17:14:12,844
GEOR20066,Pako Forever,2008,11/06/2022, 18:17:12,844
GEOR20066,Pako Forever,2008,11/06/2022, 19:11:38,844
GEOR20066,Pako Forever,2008,11/06/2022, 20:15:05,844
GEOR20066,Pako Forever,2009,11/06/2022, 21:13:20,844
GEOR20066,Pako Forever,2009,11/06/2022, 22:14:08,844
GEOR20066,Pako Forever,2011,11/06/2022, 23:14:35,844
GEOR20066,Pako Forever,2012,11/07/2022, 01:12:35,844
GEOR20066,Pako Forever,2012,11/07/2022, 03:25:31,844
GEOR20066,Pako Forever,2013,11/07/2022, 04:38:54,844
GEOR20066,Pako Forever,2014,11/07/2022, 05:23:49,844
GEOR20066,Pako Forever,2015,11/07/2022, 06:18:58,844
GEOR20066,Pako Forever,2016,11/07/2022, 07:14:29,844
GEOR20066,Pako Forever,2017,11/07/2022, 08:20:58,844
GEOR20066,Pako Forever,2017,11/07/2022, 09:14:56,844
GEOR20066,Pako Forever,2017,11/07/2022, 10:16:45,844
GEOR20066,Pako Forever,2018,11/07/2022, 11:13:05,844
GEOR20066,Pako Forever,2018,11/07/2022, 12:31:11,844
GEOR20066,Pako Forever,2018,11/07/2022, 13:41:03,844
GEOR20066,Pako Forever,2018,11/07/2022, 14:16:00,844
GEOR20066,Pako Forever,2018,11/07/2022, 15:15:24,844
GEOR20066,Pako Forever,2018,11/07/2022, 16:19:48,844
GEOR20066,Pako Forever,2018,11/07/2022, 17:23:31,844
GEOR20066,Pako Forever,2018,11/07/2022, 18:18:00,844
GEOR20066,Pako Forever,2018,11/07/2022, 19:12:12,844
GEOR20066,Pako Forever,2018,11/07/2022, 20:16:14,844
GEOR20066,Pako Forever,2018,11/07/2022, 21:14:58,844
GEOR20066,Pako Forever,2018,11/07/2022, 22:15:33,844
GEOR20066,Pako Forever,2018,11/07/2022, 23:17:29,844
GEOR20066,Pako Forever,2018,11/08/2022, 01:12:33,844
GEOR20066,Pako Forever,2018,11/08/2022, 03:23:26,844
GEOR20066,Pako Forever,2018,11/08/2022, 04:39:56,844
GEOR20066,Pako Forever,2018,11/08/2022, 05:22:48,844
GEOR20066,Pako Forever,2018,11/08/2022, 06:18:56,844
GEOR20066,Pako Forever,2018,11/08/2022, 07:13:44,844
GEOR20066,Pako Forever,2018,11/08/2022, 08:21:58,844
GEOR20066,Pako Forever,2018,11/08/2022, 09:15:20,844
GEOR20066,Pako Forever,2018,11/08/2022, 10:16:32,844
GEOR20066,Pako Forever,2018,11/08/2022, 11:12:52,844
GEOR20066,Pako Forever,2018,11/08/2022, 12:31:52,844
GEOR20066,Pako Forever,2019,11/08/2022, 13:40:01,844
GEOR20066,Pako Forever,2019,11/08/2022, 14:18:37,844
GEOR20066,Pako Forever,2019,11/08/2022, 15:15:24,844
GEOR20066,Pako Forever,2020,11/08/2022, 16:20:15,844
GEOR20066,Pako Forever,2021,11/08/2022, 17:22:34,844
GEOR20066,Pako Forever,2022,11/08/2022, 18:19:49,844
GEOR20066,Pako Forever,2022,11/08/2022, 19:19:40,844
GEOR20066,Pako Forever,2023,11/08/2022, 20:17:22,844
GEOR20066,Pako Forever,2024,11/08/2022, 21:13:57,844
GEOR20066,Pako Forever,2024,11/08/2022, 22:15:24,844
GEOR20066,Pako Forever,2024,11/08/2022, 23:16:06,844
GEOR20066,Pako Forever,2024,11/09/2022, 01:14:07,844
GEOR20066,Pako Forever,2025,11/09/2022, 03:29:40,844
GEOR20066,Pako Forever,2025,11/09/2022, 04:41:00,844
GEOR20066,Pako Forever,2025,11/09/2022, 05:26:26,844
GEOR20066,Pako Forever,2025,11/09/2022, 06:22:50,844
GEOR20066,Pako Forever,2025,11/09/2022, 07:15:22,844
GEOR20066,Pako Forever,2025,11/09/2022, 08:20:10,844
GEOR20066,Pako Forever,2025,11/09/2022, 09:14:47,844
GEOR20066,Pako Forever,2025,11/09/2022, 10:15:50,844
GEOR20066,Pako Forever,2025,11/09/2022, 11:13:42,844
GEOR20066,Pako Forever,2026,11/09/2022, 12:33:33,844
GEOR20066,Pako Forever,2026,11/09/2022, 13:42:24,844
GEOR20066,Pako Forever,2026,11/09/2022, 14:18:06,844
GEOR20066,Pako Forever,2026,11/09/2022, 15:15:41,844
GEOR20066,Pako Forever,2026,11/09/2022, 16:20:23,844
GEOR20066,Pako Forever,2026,11/09/2022, 17:19:26,844
GEOR20066,Pako Forever,2026,11/09/2022, 18:18:02,844
GEOR20066,Pako Forever,2027,11/09/2022, 19:12:00,844
GEOR20066,Pako Forever,2027,11/09/2022, 20:15:49,844
GEOR20066,Pako Forever,2027,11/09/2022, 21:15:16,844
GEOR20066,Pako Forever,2028,11/09/2022, 22:14:26,844
GEOR20066,Pako Forever,2028,11/09/2022, 23:16:28,844
GEOR20066,Pako Forever,2028,11/10/2022, 01:14:03,844
GEOR20066,Pako Forever,2028,11/10/2022, 03:24:05,844
GEOR20066,Pako Forever,2028,11/10/2022, 04:36:36,844
GEOR20066,Pako Forever,2029,11/10/2022, 05:22:51,844
GEOR20066,Pako Forever,2029,11/10/2022, 06:18:51,844
GEOR20066,Pako Forever,2030,11/10/2022, 07:13:34,844
GEOR20066,Pako Forever,2030,11/10/2022, 08:20:57,844
GEOR20066,Pako Forever,2030,11/10/2022, 09:15:46,844
GEOR20066,Pako Forever,2030,11/10/2022, 10:15:53,844
GEOR20066,Pako Forever,2031,11/10/2022, 11:13:46,844
GEOR20066,Pako Forever,2031,11/10/2022, 12:32:14,844
GEOR20066,Pako Forever,2031,11/10/2022, 13:46:05,844
GEOR20066,Pako Forever,2031,11/10/2022, 14:27:24,844
GEOR20066,Pako Forever,2031,11/10/2022, 15:14:42,844
GEOR20066,Pako Forever,2032,11/10/2022, 16:20:02,844
GEOR20066,Pako Forever,2032,11/10/2022, 17:18:29,844
GEOR20066,Pako Forever,2032,11/10/2022, 18:18:28,844
GEOR20066,Pako Forever,2032,11/10/2022, 19:12:25,844
GEOR20066,Pako Forever,2032,11/10/2022, 20:16:29,844
GEOR20066,Pako Forever,2034,11/10/2022, 21:14:48,844
GEOR20066,Pako Forever,2036,11/10/2022, 22:14:42,844
GEOR20066,Pako Forever,2037,11/10/2022, 23:15:50,844
GEOR20066,Pako Forever,2038,11/11/2022, 01:16:39,844
GEOR20066,Pako Forever,2039,11/11/2022, 03:25:26,844
GEOR20066,Pako Forever,2039,11/11/2022, 04:32:40,844
GEOR20066,Pako Forever,2039,11/11/2022, 05:19:38,844
GEOR20066,Pako Forever,2039,11/11/2022, 06:21:13,844
GEOR20066,Pako Forever,2039,11/11/2022, 07:14:51,844
GEOR20066,Pako Forever,2040,11/11/2022, 08:20:39,844
GEOR20066,Pako Forever,2040,11/11/2022, 09:14:48,844
GEOR20066,Pako Forever,2041,11/11/2022, 10:16:11,844
GEOR20066,Pako Forever,2041,11/11/2022, 11:13:28,844
GEOR20066,Pako Forever,2041,11/11/2022, 12:31:09,844
GEOR20066,Pako Forever,2041,11/11/2022, 13:39:23,844
GEOR20066,Pako Forever,2041,11/11/2022, 14:15:20,844
GEOR20066,Pako Forever,2042,11/11/2022, 15:16:16,844
GEOR20066,Pako Forever,2042,11/11/2022, 16:19:46,844
GEOR20066,Pako Forever,2042,11/11/2022, 17:17:16,844
GEOR20066,Pako Forever,2043,11/11/2022, 18:18:42,844
GEOR20066,Pako Forever,2043,11/11/2022, 19:12:14,844
GEOR20066,Pako Forever,2043,11/11/2022, 20:15:29,844
GEOR20066,Pako Forever,2043,11/11/2022, 21:13:53,844
GEOR20066,Pako Forever,2044,11/11/2022, 22:14:34,844
GEOR20066,Pako Forever,2044,11/11/2022, 23:15:23,844
GEOR20066,Pako Forever,2044,11/12/2022, 01:13:01,844
GEOR20066,Pako Forever,2044,11/12/2022, 03:20:55,844
GEOR20066,Pako Forever,2045,11/12/2022, 04:26:10,844
GEOR20066,Pako Forever,2045,11/12/2022, 05:14:28,844
GEOR20066,Pako Forever,2046,11/12/2022, 06:17:37,844
GEOR20066,Pako Forever,2046,11/12/2022, 07:14:14,844
GEOR20066,Pako Forever,2046,11/12/2022, 08:18:01,844
GEOR20066,Pako Forever,2046,11/12/2022, 09:14:33,844
GEOR20066,Pako Forever,2046,11/12/2022, 10:14:34,844
GEOR20066,Pako Forever,2047,11/12/2022, 11:12:16,844
GEOR20066,Pako Forever,2047,11/12/2022, 12:24:57,844
GEOR20066,Pako Forever,2047,11/12/2022, 13:26:13,844
GEOR20066,Pako Forever,2048,11/12/2022, 14:12:49,844
GEOR20066,Pako Forever,2048,11/12/2022, 15:15:13,844
GEOR20066,Pako Forever,2048,11/12/2022, 16:18:45,844
GEOR20066,Pako Forever,2048,11/12/2022, 17:14:43,844
GEOR20066,Pako Forever,2049,11/12/2022, 18:16:45,844
GEOR20066,Pako Forever,2049,11/12/2022, 19:11:37,844
GEOR20066,Pako Forever,2053,11/12/2022, 20:14:27,844
GEOR20066,Pako Forever,2053,11/12/2022, 21:13:04,844
GEOR20066,Pako Forever,2054,11/12/2022, 22:13:21,844
GEOR20066,Pako Forever,2055,11/12/2022, 23:14:25,844
GEOR20066,Pako Forever,2056,11/13/2022, 01:12:30,844
GEOR20066,Pako Forever,2056,11/13/2022, 03:22:54,844
GEOR20066,Pako Forever,2056,11/13/2022, 04:28:25,844
GEOR20066,Pako Forever,2056,11/13/2022, 05:15:37,844
GEOR20066,Pako Forever,2057,11/13/2022, 06:17:41,844
GEOR20066,Pako Forever,2057,11/13/2022, 07:13:24,844
GEOR20066,Pako Forever,2057,11/13/2022, 08:17:49,844
GEOR20066,Pako Forever,2057,11/13/2022, 09:14:03,844
GEOR20066,Pako Forever,2057,11/13/2022, 10:14:48,844
GEOR20066,Pako Forever,2057,11/13/2022, 11:12:39,844
GEOR20066,Pako Forever,2057,11/13/2022, 12:26:36,844
GEOR20066,Pako Forever,2058,11/13/2022, 13:26:44,844
GEOR20066,Pako Forever,2058,11/13/2022, 14:12:33,844
GEOR20066,Pako Forever,2058,11/13/2022, 15:14:32,844
GEOR20066,Pako Forever,2058,11/13/2022, 16:18:41,844
GEOR20066,Pako Forever,2058,11/13/2022, 17:14:38,844
GEOR20066,Pako Forever,2059,11/13/2022, 18:16:51,844
GEOR20066,Pako Forever,2060,11/13/2022, 19:11:48,844
GEOR20066,Pako Forever,2061,11/13/2022, 20:14:39,844
GEOR20066,Pako Forever,2063,11/13/2022, 21:13:02,844
GEOR20066,Pako Forever,2063,11/13/2022, 22:14:30,844
GEOR20066,Pako Forever,2063,11/13/2022, 23:15:47,844
GEOR20066,Pako Forever,2064,11/14/2022, 01:10:16,844
GEOR20066,Pako Forever,2066,11/14/2022, 03:23:37,844
GEOR20066,Pako Forever,2067,11/14/2022, 04:34:12,844
GEOR20066,Pako Forever,2067,11/14/2022, 05:21:53,844
GEOR20066,Pako Forever,2067,11/14/2022, 06:19:30,844
GEOR20066,Pako Forever,2067,11/14/2022, 07:13:54,844
GEOR20066,Pako Forever,2067,11/14/2022, 08:19:33,844
GEOR20066,Pako Forever,2067,11/14/2022, 09:15:14,844
GEOR20066,Pako Forever,2067,11/14/2022, 10:17:11,844
GEOR20066,Pako Forever,2067,11/14/2022, 11:13:41,844
GEOR20066,Pako Forever,2067,11/14/2022, 12:33:17,844
GEOR20066,Pako Forever,2070,11/14/2022, 13:45:12,844
GEOR20066,Pako Forever,2070,11/14/2022, 14:19:20,844
GEOR20066,Pako Forever,2071,11/14/2022, 15:16:30,844
GEOR20066,Pako Forever,2071,11/14/2022, 16:20:21,844
GEOR20066,Pako Forever,2071,11/14/2022, 17:27:22,844
GEOR20066,Pako Forever,2072,11/14/2022, 18:17:05,844
GEOR20066,Pako Forever,2073,11/14/2022, 19:11:59,844
GEOR20066,Pako Forever,2074,11/14/2022, 20:15:44,844
GEOR20066,Pako Forever,2079,11/14/2022, 21:13:58,844
GEOR20066,Pako Forever,2082,11/14/2022, 22:18:43,844
GEOR20066,Pako Forever,2083,11/14/2022, 23:14:35,844
GEOR20066,Pako Forever,2084,11/15/2022, 01:10:13,844
GEOR20066,Pako Forever,2084,11/15/2022, 03:12:22,844
GEOR20066,Pako Forever,2084,11/15/2022, 04:19:37,844
GEOR20066,Pako Forever,2084,11/15/2022, 05:12:59,844
GEOR20066,Pako Forever,2084,11/15/2022, 06:17:34,844
GEOR20066,Pako Forever,2084,11/15/2022, 07:13:23,844
GEOR20066,Pako Forever,2084,11/15/2022, 08:19:04,844
GEOR20066,Pako Forever,2084,11/15/2022, 09:14:20,844
GEOR20066,Pako Forever,2084,11/15/2022, 10:15:02,844
GEOR20066,Pako Forever,2084,11/15/2022, 11:12:05,844
GEOR20066,Pako Forever,2084,11/15/2022, 12:27:40,844
GEOR20066,Pako Forever,2084,11/15/2022, 13:32:53,844
GEOR20066,Pako Forever,2084,11/15/2022, 14:12:59,844
GEOR20066,Pako Forever,2084,11/15/2022, 15:14:50,844
GEOR20066,Pako Forever,2085,11/15/2022, 16:19:45,844
GEOR20066,Pako Forever,2085,11/15/2022, 17:15:00,844
GEOR20066,Pako Forever,2086,11/15/2022, 18:17:24,844
GEOR20066,Pako Forever,2086,11/15/2022, 19:11:23,844
GEOR20066,Pako Forever,2086,11/15/2022, 20:14:51,844
GEOR20066,Pako Forever,2086,11/15/2022, 21:12:55,844
GEOR20066,Pako Forever,2087,11/15/2022, 22:13:35,844
GEOR20066,Pako Forever,2088,11/15/2022, 23:13:57,844
GEOR20066,Pako Forever,2089,11/16/2022, 01:10:29,844
GEOR20066,Pako Forever,2091,11/16/2022, 03:14:24,844
GEOR20066,Pako Forever,2091,11/16/2022, 04:20:36,844
GEOR20066,Pako Forever,2091,11/16/2022, 05:12:58,844
GEOR20066,Pako Forever,2091,11/16/2022, 06:17:49,844
GEOR20066,Pako Forever,2091,11/16/2022, 07:13:31,844
GEOR20066,Pako Forever,2091,11/16/2022, 08:19:59,844
GEOR20066,Pako Forever,2091,11/16/2022, 09:14:05,844
GEOR20066,Pako Forever,2092,11/16/2022, 10:14:58,844
GEOR20066,Pako Forever,2093,11/16/2022, 11:12:16,844
GEOR20066,Pako Forever,2093,11/16/2022, 12:26:13,844
GEOR20066,Pako Forever,2093,11/16/2022, 13:34:45,844
GEOR20066,Pako Forever,2093,11/16/2022, 14:12:52,844
GEOR20066,Pako Forever,2093,11/16/2022, 15:14:30,844
GEOR20066,Pako Forever,2093,11/16/2022, 16:18:44,844
GEOR20066,Pako Forever,2094,11/16/2022, 17:13:31,844
GEOR20066,Pako Forever,2094,11/16/2022, 18:17:06,844
GEOR20066,Pako Forever,2095,11/16/2022, 19:11:41,844
GEOR20066,Pako Forever,2095,11/16/2022, 20:14:32,844
GEOR20066,Pako Forever,2096,11/16/2022, 21:12:27,844
GEOR20066,Pako Forever,2096,11/16/2022, 22:13:25,844
GEOR20066,Pako Forever,2096,11/16/2022, 23:13:53,844
GEOR20066,Pako Forever,2096,11/17/2022, 01:09:30,844
GEOR20066,Pako Forever,2098,11/17/2022, 03:09:53,844
GEOR20066,Pako Forever,2098,11/17/2022, 04:17:05,844
GEOR20066,Pako Forever,2098,11/17/2022, 05:14:06,844
GEOR20066,Pako Forever,2099,11/17/2022, 06:17:23,844
GEOR20066,Pako Forever,2099,11/17/2022, 07:12:57,844
GEOR20066,Pako Forever,2100,11/17/2022, 08:19:18,844
GEOR20066,Pako Forever,2100,11/17/2022, 09:13:59,844
GEOR20066,Pako Forever,2101,11/17/2022, 10:14:28,844
GEOR20066,Pako Forever,2101,11/17/2022, 11:11:50,844
GEOR20066,Pako Forever,2102,11/17/2022, 12:28:49,844
GEOR20066,Pako Forever,2102,11/17/2022, 13:31:28,844
GEOR20066,Pako Forever,2102,11/17/2022, 14:13:17,844
GEOR20066,Pako Forever,2102,11/17/2022, 15:14:40,844
GEOR20066,Pako Forever,2102,11/17/2022, 16:19:11,844
GEOR20066,Pako Forever,2104,11/17/2022, 17:15:11,844
GEOR20066,Pako Forever,2104,11/17/2022, 18:16:58,844
GEOR20066,Pako Forever,2106,11/17/2022, 19:11:50,844
GEOR20066,Pako Forever,2106,11/17/2022, 20:14:37,844
GEOR20066,Pako Forever,2106,11/17/2022, 21:12:41,844
GEOR20066,Pako Forever,2107,11/17/2022, 22:14:04,844
GEOR20066,Pako Forever,2107,11/17/2022, 23:14:46,844
GEOR20066,Pako Forever,2107,11/18/2022, 01:14:06,844
GEOR20066,Pako Forever,2107,11/18/2022, 03:12:08,844
GEOR20066,Pako Forever,2108,11/18/2022, 04:17:46,844
GEOR20066,Pako Forever,2108,11/18/2022, 05:13:27,844
GEOR20066,Pako Forever,2109,11/18/2022, 06:17:44,844
GEOR20066,Pako Forever,2110,11/18/2022, 07:13:30,844
GEOR20066,Pako Forever,2110,11/18/2022, 08:17:41,844
GEOR20066,Pako Forever,2110,11/18/2022, 09:13:48,844
GEOR20066,Pako Forever,2110,11/18/2022, 10:14:57,844
GEOR20066,Pako Forever,2111,11/18/2022, 11:11:59,844
GEOR20066,Pako Forever,2112,11/18/2022, 12:25:51,844
GEOR20066,Pako Forever,2113,11/18/2022, 13:31:49,844
GEOR20066,Pako Forever,2114,11/18/2022, 14:14:17,844
GEOR20066,Pako Forever,2116,11/18/2022, 15:14:08,844
GEOR20066,Pako Forever,2116,11/18/2022, 16:18:45,844
GEOR20066,Pako Forever,2117,11/18/2022, 17:13:56,844
GEOR20066,Pako Forever,2117,11/18/2022, 18:17:54,844
GEOR20066,Pako Forever,2117,11/18/2022, 19:11:50,844
GEOR20066,Pako Forever,2118,11/18/2022, 20:14:33,844
GEOR20066,Pako Forever,2118,11/18/2022, 21:12:36,844
GEOR20066,Pako Forever,2118,11/18/2022, 22:13:42,844
GEOR20066,Pako Forever,2120,11/18/2022, 23:13:44,844
GEOR20066,Pako Forever,2123,11/19/2022, 01:12:04,844
GEOR20066,Pako Forever,2123,11/19/2022, 03:07:17,844
GEOR20066,Pako Forever,2125,11/19/2022, 04:16:10,844
GEOR20066,Pako Forever,2127,11/19/2022, 05:12:31,844
GEOR20066,Pako Forever,2127,11/19/2022, 06:16:48,844
GEOR20066,Pako Forever,2128,11/19/2022, 07:12:14,844
GEOR20066,Pako Forever,2128,11/19/2022, 08:17:03,844
GEOR20066,Pako Forever,2128,11/19/2022, 09:13:20,844
GEOR20066,Pako Forever,2130,11/19/2022, 10:14:00,844
GEOR20066,Pako Forever,2130,11/19/2022, 11:11:06,844
GEOR20066,Pako Forever,2130,11/19/2022, 12:23:42,844
GEOR20066,Pako Forever,2130,11/19/2022, 13:23:37,844
GEOR20066,Pako Forever,2130,11/19/2022, 14:11:49,844
GEOR20066,Pako Forever,2130,11/19/2022, 15:13:21,844
GEOR20066,Pako Forever,2130,11/19/2022, 16:17:42,844
GEOR20066,Pako Forever,2130,11/19/2022, 17:12:12,844
GEOR20066,Pako Forever,2130,11/19/2022, 18:16:05,844
GEOR20066,Pako Forever,2131,11/19/2022, 19:11:02,844
GEOR20066,Pako Forever,2131,11/19/2022, 20:13:55,844
GEOR20066,Pako Forever,2131,11/19/2022, 21:12:03,844
GEOR20066,Pako Forever,2131,11/19/2022, 22:13:06,844
GEOR20066,Pako Forever,2131,11/19/2022, 23:13:33,844
GEOR20066,Pako Forever,2132,11/20/2022, 01:13:47,844
GEOR20066,Pako Forever,2135,11/20/2022, 03:15:40,844
GEOR20066,Pako Forever,2136,11/20/2022, 04:18:44,844
GEOR20066,Pako Forever,2136,11/20/2022, 05:12:37,844
GEOR20066,Pako Forever,2136,11/20/2022, 06:16:32,844
GEOR20066,Pako Forever,2136,11/20/2022, 07:12:21,844
GEOR20066,Pako Forever,2136,11/20/2022, 08:16:45,844
GEOR20066,Pako Forever,2136,11/20/2022, 09:13:10,844
GEOR20066,Pako Forever,2136,11/20/2022, 10:14:30,844
GEOR20066,Pako Forever,2136,11/20/2022, 11:10:57,844
GEOR20066,Pako Forever,2137,11/20/2022, 12:23:34,844
GEOR20066,Pako Forever,2137,11/20/2022, 13:23:53,844
GEOR20066,Pako Forever,2137,11/20/2022, 14:12:09,844
GEOR20066,Pako Forever,2137,11/20/2022, 15:13:22,844
GEOR20066,Pako Forever,2139,11/20/2022, 16:17:42,844
GEOR20066,Pako Forever,2139,11/20/2022, 17:12:09,844
GEOR20066,Pako Forever,2140,11/20/2022, 18:15:45,844
GEOR20066,Pako Forever,2141,11/20/2022, 19:10:50,844
GEOR20066,Pako Forever,2142,11/20/2022, 20:13:47,844
GEOR20066,Pako Forever,2142,11/20/2022, 21:11:48,844
GEOR20066,Pako Forever,2142,11/20/2022, 22:12:42,844
GEOR20066,Pako Forever,2142,11/20/2022, 23:14:18,844
GEOR20066,Pako Forever,2143,11/21/2022, 01:11:00,844
GEOR20066,Pako Forever,2145,11/21/2022, 03:13:22,844
GEOR20066,Pako Forever,2145,11/21/2022, 04:22:13,844
GEOR20066,Pako Forever,2145,11/21/2022, 05:13:26,844
GEOR20066,Pako Forever,2145,11/21/2022, 06:19:03,844
GEOR20066,Pako Forever,2145,11/21/2022, 07:13:30,844
GEOR20066,Pako Forever,2146,11/21/2022, 08:18:46,844
GEOR20066,Pako Forever,2146,11/21/2022, 09:14:32,844
GEOR20066,Pako Forever,2146,11/21/2022, 10:15:13,844
GEOR20066,Pako Forever,2146,11/21/2022, 11:12:05,844
GEOR20066,Pako Forever,2147,11/21/2022, 12:27:01,844
GEOR20066,Pako Forever,2147,11/21/2022, 13:37:57,844
GEOR20066,Pako Forever,2147,11/21/2022, 14:12:33,844
GEOR20066,Pako Forever,2147,11/21/2022, 15:14:51,844
GEOR20066,Pako Forever,2147,11/21/2022, 16:18:54,844
GEOR20066,Pako Forever,2147,11/21/2022, 17:15:38,844
GEOR20066,Pako Forever,2148,11/21/2022, 18:17:38,844
GEOR20066,Pako Forever,2148,11/21/2022, 19:11:26,844
GEOR20066,Pako Forever,2150,11/21/2022, 20:14:30,844
GEOR20066,Pako Forever,2150,11/21/2022, 21:14:33,844
GEOR20066,Pako Forever,2150,11/21/2022, 22:13:18,844
GEOR20066,Pako Forever,2150,11/21/2022, 23:14:32,844
GEOR20066,Pako Forever,2152,11/22/2022, 01:15:57,844
GEOR20066,Pako Forever,2153,11/22/2022, 03:08:38,844
GEOR20066,Pako Forever,2153,11/22/2022, 04:17:07,844
GEOR20066,Pako Forever,2153,11/22/2022, 05:13:27,844
GEOR20066,Pako Forever,2153,11/22/2022, 06:17:49,844
GEOR20066,Pako Forever,2153,11/22/2022, 07:13:59,844
GEOR20066,Pako Forever,2155,11/22/2022, 08:19:10,844
GEOR20066,Pako Forever,2155,11/22/2022, 09:14:18,844
GEOR20066,Pako Forever,2155,11/22/2022, 10:14:44,844
GEOR20066,Pako Forever,2155,11/22/2022, 11:11:58,844
GEOR20066,Pako Forever,2155,11/22/2022, 12:29:54,844
GEOR20066,Pako Forever,2155,11/22/2022, 13:32:13,844
GEOR20066,Pako Forever,2155,11/22/2022, 14:12:59,844
GEOR20066,Pako Forever,2156,11/22/2022, 15:14:54,844
GEOR20066,Pako Forever,2156,11/22/2022, 16:19:19,844
GEOR20066,Pako Forever,2157,11/22/2022, 17:15:16,844
GEOR20066,Pako Forever,2159,11/22/2022, 18:17:01,844
GEOR20066,Pako Forever,2161,11/22/2022, 19:11:38,844
GEOR20066,Pako Forever,2163,11/22/2022, 21:11:59,844
GEOR20066,Pako Forever,2164,11/22/2022, 22:13:30,844
GEOR20066,Pako Forever,2164,11/22/2022, 23:13:04,844
GEOR20066,Pako Forever,2164,11/23/2022, 01:03:12,844
GEOR20066,Pako Forever,2164,11/23/2022, 03:00:17,844
GEOR20066,Pako Forever,2164,11/23/2022, 03:35:51,844
GEOR20066,Pako Forever,2164,11/23/2022, 04:16:07,844
GEOR20066,Pako Forever,2164,11/23/2022, 05:12:16,844
GEOR20066,Pako Forever,2164,11/23/2022, 06:16:27,844
GEOR20066,Pako Forever,2164,11/23/2022, 07:12:23,844
GEOR20066,Pako Forever,2164,11/23/2022, 08:16:52,844
GEOR20066,Pako Forever,2164,11/23/2022, 09:13:08,844
GEOR20066,Pako Forever,2164,11/23/2022, 10:14:23,844
GEOR20066,Pako Forever,2164,11/23/2022, 11:11:20,844
GEOR20066,Pako Forever,2164,11/23/2022, 12:25:50,844
GEOR20066,Pako Forever,2164,11/23/2022, 13:27:01,844
GEOR20066,Pako Forever,2164,11/23/2022, 14:13:05,844
GEOR20066,Pako Forever,2165,11/23/2022, 15:13:35,844
GEOR20066,Pako Forever,2166,11/23/2022, 16:17:44,844
GEOR20066,Pako Forever,2166,11/23/2022, 17:11:40,844
GEOR20066,Pako Forever,2166,11/23/2022, 18:16:01,844
GEOR20066,Pako Forever,2166,11/23/2022, 19:10:55,844
GEOR20066,Pako Forever,2166,11/23/2022, 20:13:37,844
GEOR20066,Pako Forever,2166,11/23/2022, 21:11:44,844
GEOR20066,Pako Forever,2167,11/23/2022, 22:12:41,844
GEOR20066,Pako Forever,2167,11/23/2022, 23:13:06,844
GEOR20066,Pako Forever,2167,11/24/2022, 01:08:39,844
GEOR20066,Pako Forever,2169,11/24/2022, 02:50:58,844
GEOR20066,Pako Forever,2169,11/24/2022, 03:23:21,844
GEOR20066,Pako Forever,2169,11/24/2022, 04:16:07,844
GEOR20066,Pako Forever,2169,11/24/2022, 05:12:40,844
GEOR20066,Pako Forever,2170,11/24/2022, 06:16:27,844
GEOR20066,Pako Forever,2170,11/24/2022, 07:12:52,844
GEOR20066,Pako Forever,2170,11/24/2022, 08:17:10,844
GEOR20066,Pako Forever,2170,11/24/2022, 09:13:25,844
GEOR20066,Pako Forever,2172,11/24/2022, 10:13:53,844
GEOR20066,Pako Forever,2172,11/24/2022, 11:11:14,844
GEOR20066,Pako Forever,2173,11/24/2022, 12:26:16,844
GEOR20066,Pako Forever,2173,11/24/2022, 13:25:12,844
GEOR20066,Pako Forever,2173,11/24/2022, 14:12:03,844
GEOR20066,Pako Forever,2173,11/24/2022, 15:13:39,844
GEOR20066,Pako Forever,2173,11/24/2022, 16:17:26,844
GEOR20066,Pako Forever,2173,11/24/2022, 17:12:01,844
GEOR20066,Pako Forever,2173,11/24/2022, 18:16:20,844
GEOR20066,Pako Forever,2173,11/24/2022, 19:11:00,844
GEOR20066,Pako Forever,2173,11/24/2022, 20:13:26,844
GEOR20066,Pako Forever,2173,11/24/2022, 21:11:31,844
GEOR20066,Pako Forever,2173,11/24/2022, 22:12:14,844
GEOR20066,Pako Forever,2175,11/24/2022, 23:13:49,844
GEOR20066,Pako Forever,2175,11/25/2022, 01:03:41,844
GEOR20066,Pako Forever,2175,11/25/2022, 02:59:13,844
GEOR20066,Pako Forever,2175,11/25/2022, 03:37:04,844
GEOR20066,Pako Forever,2176,11/25/2022, 04:15:53,844
GEOR20066,Pako Forever,2177,11/25/2022, 05:12:33,844
GEOR20066,Pako Forever,2177,11/25/2022, 06:17:07,844
GEOR20066,Pako Forever,2177,11/25/2022, 07:12:06,844
GEOR20066,Pako Forever,2177,11/25/2022, 08:17:03,844
GEOR20066,Pako Forever,2177,11/25/2022, 09:12:52,844
GEOR20066,Pako Forever,2177,11/25/2022, 10:14:19,844
GEOR20066,Pako Forever,2177,11/25/2022, 11:11:36,844
GEOR20066,Pako Forever,2177,11/25/2022, 12:25:57,844
GEOR20066,Pako Forever,2177,11/25/2022, 13:23:09,844
GEOR20066,Pako Forever,2177,11/25/2022, 14:12:14,844
GEOR20066,Pako Forever,2177,11/25/2022, 15:13:17,844
GEOR20066,Pako Forever,2177,11/25/2022, 16:17:16,844
GEOR20066,Pako Forever,2177,11/25/2022, 17:11:39,844
GEOR20066,Pako Forever,2177,11/25/2022, 18:16:29,844
GEOR20066,Pako Forever,2178,11/25/2022, 19:10:28,844
GEOR20066,Pako Forever,2178,11/25/2022, 20:13:39,844
GEOR20066,Pako Forever,2178,11/25/2022, 21:11:51,844
GEOR20066,Pako Forever,2178,11/25/2022, 22:12:20,844
GEOR20066,Pako Forever,2181,11/25/2022, 23:12:47,844
GEOR20066,Pako Forever,2181,11/26/2022, 00:59:53,844
GEOR20066,Pako Forever,2181,11/26/2022, 02:26:51,844
GEOR20066,Pako Forever,2181,11/26/2022, 03:20:08,844
GEOR20066,Pako Forever,2181,11/26/2022, 04:15:21,844
GEOR20066,Pako Forever,2181,11/26/2022, 05:11:40,844
GEOR20066,Pako Forever,2181,11/26/2022, 06:16:09,844
GEOR20066,Pako Forever,2181,11/26/2022, 07:11:24,844
GEOR20066,Pako Forever,2181,11/26/2022, 08:16:05,844
GEOR20066,Pako Forever,2181,11/26/2022, 09:12:00,844
GEOR20066,Pako Forever,2181,11/26/2022, 10:12:57,844
GEOR20066,Pako Forever,2181,11/26/2022, 11:10:24,844
GEOR20066,Pako Forever,2181,11/26/2022, 12:22:00,844
GEOR20066,Pako Forever,2182,11/26/2022, 13:19:32,844
GEOR20066,Pako Forever,2182,11/26/2022, 14:10:56,844
GEOR20066,Pako Forever,2183,11/26/2022, 15:12:20,844
GEOR20066,Pako Forever,2184,11/26/2022, 16:16:28,844
GEOR20066,Pako Forever,2185,11/26/2022, 17:11:19,844
GEOR20066,Pako Forever,2185,11/26/2022, 18:15:01,844
GEOR20066,Pako Forever,2186,11/26/2022, 19:10:15,844
GEOR20066,Pako Forever,2187,11/26/2022, 20:13:03,844
GEOR20066,Pako Forever,2188,11/26/2022, 21:11:14,844
GEOR20066,Pako Forever,2188,11/26/2022, 22:11:56,844
GEOR20066,Pako Forever,2188,11/26/2022, 23:12:27,844
GEOR20066,Pako Forever,2188,11/27/2022, 01:07:56,844
GEOR20066,Pako Forever,2188,11/27/2022, 03:01:34,844
GEOR20066,Pako Forever,2188,11/27/2022, 04:15:15,844
GEOR20066,Pako Forever,2189,11/27/2022, 05:11:46,844
GEOR20066,Pako Forever,2190,11/27/2022, 06:16:05,844
GEOR20066,Pako Forever,2191,11/27/2022, 07:12:01,844
GEOR20066,Pako Forever,2191,11/27/2022, 08:15:27,844
GEOR20066,Pako Forever,2191,11/27/2022, 09:12:01,844
GEOR20066,Pako Forever,2193,11/27/2022, 10:12:54,844
GEOR20066,Pako Forever,2194,11/27/2022, 11:10:49,844
GEOR20066,Pako Forever,2194,11/27/2022, 12:22:07,844
GEOR20066,Pako Forever,2194,11/27/2022, 13:19:55,844
GEOR20066,Pako Forever,2194,11/27/2022, 14:11:14,844
GEOR20066,Pako Forever,2194,11/27/2022, 15:12:18,844
GEOR20066,Pako Forever,2194,11/27/2022, 16:16:30,844
GEOR20066,Pako Forever,2194,11/27/2022, 17:11:20,844
GEOR20066,Pako Forever,2195,11/27/2022, 18:15:16,844
GEOR20066,Pako Forever,2195,11/27/2022, 19:10:32,844
GEOR20066,Pako Forever,2198,11/27/2022, 20:13:03,844
GEOR20066,Pako Forever,2198,11/27/2022, 21:11:19,844
GEOR20066,Pako Forever,2198,11/27/2022, 22:12:37,844
GEOR20066,Pako Forever,2198,11/27/2022, 23:13:28,844
GEOR20066,Pako Forever,2199,11/28/2022, 01:01:28,844
GEOR20066,Pako Forever,2200,11/28/2022, 02:54:20,844
GEOR20066,Pako Forever,2201,11/28/2022, 03:26:38,844
GEOR20066,Pako Forever,2201,11/28/2022, 04:16:19,844
GEOR20066,Pako Forever,2201,11/28/2022, 05:12:52,844
GEOR20066,Pako Forever,2201,11/28/2022, 06:17:20,844
GEOR20066,Pako Forever,2201,11/28/2022, 07:12:50,844
GEOR20066,Pako Forever,2201,11/28/2022, 08:17:12,844
GEOR20066,Pako Forever,2203,11/28/2022, 09:13:33,844
GEOR20066,Pako Forever,2204,11/28/2022, 10:14:37,844
GEOR20066,Pako Forever,2204,11/28/2022, 11:11:32,844
GEOR20066,Pako Forever,2204,11/28/2022, 12:24:57,844
GEOR20066,Pako Forever,2205,11/28/2022, 13:24:15,844
GEOR20066,Pako Forever,2205,11/28/2022, 14:12:26,844
GEOR20066,Pako Forever,2205,11/28/2022, 15:12:57,844
GEOR20066,Pako Forever,2205,11/28/2022, 16:15:19,844
GEOR20066,Pako Forever,2206,11/28/2022, 17:12:26,844
GEOR20066,Pako Forever,2206,11/28/2022, 18:16:31,844
GEOR20066,Pako Forever,2206,11/28/2022, 19:10:42,844
GEOR20066,Pako Forever,2207,11/28/2022, 20:14:01,844
GEOR20066,Pako Forever,2207,11/28/2022, 21:12:08,844
GEOR20066,Pako Forever,2207,11/28/2022, 22:12:51,844
GEOR20066,Pako Forever,2207,11/28/2022, 23:13:32,844
GEOR20066,Pako Forever,2207,11/29/2022, 01:03:18,844
GEOR20066,Pako Forever,2208,11/29/2022, 02:50:42,844
GEOR20066,Pako Forever,2208,11/29/2022, 03:23:35,844
GEOR20066,Pako Forever,2208,11/29/2022, 04:16:16,844
GEOR20066,Pako Forever,2208,11/29/2022, 05:12:35,844
GEOR20066,Pako Forever,2208,11/29/2022, 06:16:58,844
GEOR20066,Pako Forever,2208,11/29/2022, 07:12:22,844
GEOR20066,Pako Forever,2208,11/29/2022, 08:17:31,844
GEOR20066,Pako Forever,2208,11/29/2022, 09:13:32,844
GEOR20066,Pako Forever,2209,11/29/2022, 10:14:08,844
GEOR20066,Pako Forever,2209,11/29/2022, 11:11:36,844
GEOR20066,Pako Forever,2209,11/29/2022, 12:25:17,844
GEOR20066,Pako Forever,2209,11/29/2022, 13:24:52,844
GEOR20066,Pako Forever,2209,11/29/2022, 14:12:11,844
GEOR20066,Pako Forever,2209,11/29/2022, 15:13:56,844
GEOR20066,Pako Forever,2209,11/29/2022, 16:18:17,844
GEOR20066,Pako Forever,2210,11/29/2022, 17:11:19,844
GEOR20066,Pako Forever,2210,11/29/2022, 18:16:04,844
GEOR20066,Pako Forever,2210,11/29/2022, 19:11:07,844
GEOR20066,Pako Forever,2210,11/29/2022, 20:13:49,844
GEOR20066,Pako Forever,2211,11/29/2022, 21:12:39,844
GEOR20066,Pako Forever,2212,11/29/2022, 22:12:10,844
GEOR20066,Pako Forever,2212,11/29/2022, 23:13:43,844
GEOR20066,Pako Forever,2214,11/30/2022, 01:04:25,844
GEOR20066,Pako Forever,2214,11/30/2022, 02:47:56,844
GEOR20066,Pako Forever,2214,11/30/2022, 03:21:06,844
GEOR20066,Pako Forever,2214,11/30/2022, 04:16:32,844
GEOR20066,Pako Forever,2214,11/30/2022, 05:12:50,844
GEOR20066,Pako Forever,2214,11/30/2022, 06:17:02,844
GEOR20066,Pako Forever,2214,11/30/2022, 07:12:27,844
GEOR20066,Pako Forever,2214,11/30/2022, 08:17:40,844
GEOR20066,Pako Forever,2214,11/30/2022, 09:13:19,844
GEOR20066,Pako Forever,2214,11/30/2022, 10:14:21,844
GEOR20066,Pako Forever,2214,11/30/2022, 11:11:57,844
GEOR20066,Pako Forever,2214,11/30/2022, 12:26:09,844
GEOR20066,Pako Forever,2214,11/30/2022, 13:27:30,844
GEOR20066,Pako Forever,2214,11/30/2022, 14:12:22,844
GEOR20066,Pako Forever,2214,11/30/2022, 15:14:14,844
GEOR20066,Pako Forever,2216,11/30/2022, 16:18:27,844
GEOR20066,Pako Forever,2216,11/30/2022, 17:12:29,844
GEOR20066,Pako Forever,2216,11/30/2022, 18:16:52,844
GEOR20066,Pako Forever,2216,11/30/2022, 19:11:10,844
GEOR20066,Pako Forever,2217,11/30/2022, 20:13:54,844
GEOR20066,Pako Forever,2218,11/30/2022, 21:12:19,844
GEOR20066,Pako Forever,2219,11/30/2022, 22:13:04,844
GEOR20066,Pako Forever,2220,11/30/2022, 23:13:52,844
GEOR20066,Pako Forever,2220,12/01/2022, 01:10:55,844
GEOR20066,Pako Forever,2220,12/01/2022, 03:07:09,844
GEOR20066,Pako Forever,2220,12/01/2022, 04:16:21,844
GEOR20066,Pako Forever,2220,12/01/2022, 05:13:07,844
GEOR20066,Pako Forever,2220,12/01/2022, 06:17:40,844
GEOR20066,Pako Forever,2223,12/01/2022, 07:12:41,844
GEOR20066,Pako Forever,2223,12/01/2022, 08:17:26,844
GEOR20066,Pako Forever,2223,12/01/2022, 09:13:30,844
GEOR20066,Pako Forever,2223,12/01/2022, 10:14:50,844
GEOR20066,Pako Forever,2223,12/01/2022, 11:11:35,844
GEOR20066,Pako Forever,2223,12/01/2022, 12:26:58,844
GEOR20066,Pako Forever,2224,12/01/2022, 13:31:20,844
GEOR20066,Pako Forever,2224,12/01/2022, 14:12:48,844
GEOR20066,Pako Forever,2225,12/01/2022, 15:14:03,844
GEOR20066,Pako Forever,2227,12/01/2022, 16:18:35,844
GEOR20066,Pako Forever,2228,12/01/2022, 17:12:20,844
GEOR20066,Pako Forever,2228,12/01/2022, 18:16:21,844
GEOR20066,Pako Forever,2228,12/01/2022, 19:11:31,844
GEOR20066,Pako Forever,2228,12/01/2022, 20:12:53,844
GEOR20066,Pako Forever,2228,12/01/2022, 21:10:49,844
GEOR20066,Pako Forever,2228,12/01/2022, 22:12:06,844
GEOR20066,Pako Forever,2228,12/01/2022, 23:13:35,844
GEOR20066,Pako Forever,2228,12/02/2022, 00:59:50,844
GEOR20066,Pako Forever,2228,12/02/2022, 02:23:47,844
GEOR20066,Pako Forever,2228,12/02/2022, 03:17:26,844
GEOR20066,Pako Forever,2228,12/02/2022, 04:14:46,844
GEOR20066,Pako Forever,2228,12/02/2022, 05:11:50,844
GEOR20066,Pako Forever,2228,12/02/2022, 06:15:57,844
GEOR20066,Pako Forever,2228,12/02/2022, 07:11:47,844
GEOR20066,Pako Forever,2228,12/02/2022, 08:15:36,844
GEOR20066,Pako Forever,2228,12/02/2022, 09:12:32,844
GEOR20066,Pako Forever,2229,12/02/2022, 10:14:03,844
GEOR20066,Pako Forever,2229,12/02/2022, 11:09:03,844
GEOR20066,Pako Forever,2229,12/02/2022, 12:22:50,844
GEOR20066,Pako Forever,2229,12/02/2022, 13:19:31,844
GEOR20066,Pako Forever,2229,12/02/2022, 14:11:22,844
GEOR20066,Pako Forever,2229,12/02/2022, 15:11:23,844
GEOR20066,Pako Forever,2229,12/02/2022, 16:16:36,844
GEOR20066,Pako Forever,2230,12/02/2022, 17:11:41,844
GEOR20066,Pako Forever,2230,12/02/2022, 18:15:22,844
GEOR20066,Pako Forever,2230,12/02/2022, 19:09:53,844
GEOR20066,Pako Forever,2230,12/02/2022, 20:13:05,844
GEOR20066,Pako Forever,2231,12/02/2022, 21:11:23,844
GEOR20066,Pako Forever,2231,12/02/2022, 22:12:15,844
GEOR20066,Pako Forever,2231,12/02/2022, 23:12:37,844
GEOR20066,Pako Forever,2233,12/03/2022, 00:57:55,844
GEOR20066,Pako Forever,2233,12/03/2022, 02:11:44,844
GEOR20066,Pako Forever,2233,12/03/2022, 03:13:19,844
GEOR20066,Pako Forever,2233,12/03/2022, 04:14:42,844
GEOR20066,Pako Forever,2233,12/03/2022, 05:11:15,844
GEOR20066,Pako Forever,2233,12/03/2022, 06:14:55,844
GEOR20066,Pako Forever,2233,12/03/2022, 07:10:46,844
GEOR20066,Pako Forever,2233,12/03/2022, 08:15:12,844
GEOR20066,Pako Forever,2233,12/03/2022, 09:11:33,844
GEOR20066,Pako Forever,2233,12/03/2022, 10:12:24,844
GEOR20066,Pako Forever,2233,12/03/2022, 11:09:38,844
GEOR20066,Pako Forever,2233,12/03/2022, 12:20:59,844
GEOR20066,Pako Forever,2233,12/03/2022, 13:16:30,844
GEOR20066,Pako Forever,2234,12/03/2022, 14:10:35,844
GEOR20066,Pako Forever,2235,12/03/2022, 15:11:52,844
GEOR20066,Pako Forever,2235,12/03/2022, 16:15:43,844
GEOR20066,Pako Forever,2235,12/03/2022, 17:10:32,844
GEOR20066,Pako Forever,2236,12/03/2022, 18:14:18,844
GEOR20066,Pako Forever,2238,12/03/2022, 19:09:30,844
GEOR20066,Pako Forever,2239,12/03/2022, 20:12:20,844
GEOR20066,Pako Forever,2242,12/03/2022, 21:10:53,844
GEOR20066,Pako Forever,2243,12/03/2022, 22:11:23,844
GEOR20066,Pako Forever,2243,12/03/2022, 23:11:58,844
GEOR20066,Pako Forever,2243,12/04/2022, 01:00:03,844
GEOR20066,Pako Forever,2243,12/04/2022, 02:21:27,844
GEOR20066,Pako Forever,2243,12/04/2022, 03:14:00,844
GEOR20066,Pako Forever,2243,12/04/2022, 04:14:50,844
GEOR20066,Pako Forever,2243,12/04/2022, 05:11:30,844
GEOR20066,Pako Forever,2244,12/04/2022, 06:14:59,844
GEOR20066,Pako Forever,2245,12/04/2022, 07:10:55,844
GEOR20066,Pako Forever,2245,12/04/2022, 08:15:04,844
GEOR20066,Pako Forever,2245,12/04/2022, 09:11:28,844
GEOR20066,Pako Forever,2245,12/04/2022, 10:13:04,844
GEOR20066,Pako Forever,2245,12/04/2022, 11:10:13,844
GEOR20066,Pako Forever,2245,12/04/2022, 12:22:19,844
GEOR20066,Pako Forever,2245,12/04/2022, 13:17:12,844
GEOR20066,Pako Forever,2246,12/04/2022, 14:10:59,844
GEOR20066,Pako Forever,2246,12/04/2022, 15:12:03,844
GEOR20066,Pako Forever,2246,12/04/2022, 16:15:49,844
GEOR20066,Pako Forever,2246,12/04/2022, 17:11:47,844
GEOR20066,Pako Forever,2248,12/04/2022, 18:14:17,844
GEOR20066,Pako Forever,2248,12/04/2022, 19:09:44,844
GEOR20066,Pako Forever,2249,12/04/2022, 20:12:34,844
GEOR20066,Pako Forever,2251,12/04/2022, 21:11:16,844
GEOR20066,Pako Forever,2251,12/04/2022, 22:11:22,844
GEOR20066,Pako Forever,2251,12/04/2022, 23:12:07,844
GEOR20066,Pako Forever,2251,12/05/2022, 00:59:05,844
GEOR20066,Pako Forever,2251,12/05/2022, 02:18:32,844
GEOR20066,Pako Forever,2251,12/05/2022, 03:13:47,844
GEOR20066,Pako Forever,2252,12/05/2022, 04:15:38,844
GEOR20066,Pako Forever,2253,12/05/2022, 05:12:46,844
GEOR20066,Pako Forever,2253,12/05/2022, 06:16:09,844
GEOR20066,Pako Forever,2253,12/05/2022, 07:12:24,844
GEOR20066,Pako Forever,2253,12/05/2022, 08:16:45,844
GEOR20066,Pako Forever,2254,12/05/2022, 09:12:56,844
GEOR20066,Pako Forever,2255,12/05/2022, 10:14:00,844
GEOR20066,Pako Forever,2255,12/05/2022, 11:10:44,844
GEOR20066,Pako Forever,2256,12/05/2022, 12:23:38,844
GEOR20066,Pako Forever,2256,12/05/2022, 13:21:09,844
GEOR20066,Pako Forever,2256,12/05/2022, 14:12:02,844
GEOR20066,Pako Forever,2256,12/05/2022, 15:18:52,844
GEOR20066,Pako Forever,2256,12/05/2022, 16:17:03,844
GEOR20066,Pako Forever,2256,12/05/2022, 17:11:35,844
GEOR20066,Pako Forever,2256,12/05/2022, 18:15:29,844
GEOR20066,Pako Forever,2257,12/05/2022, 19:10:38,844
GEOR20066,Pako Forever,2257,12/05/2022, 20:13:10,844
GEOR20066,Pako Forever,2257,12/05/2022, 21:11:37,844
GEOR20066,Pako Forever,2257,12/05/2022, 22:11:59,844
GEOR20066,Pako Forever,2257,12/05/2022, 23:12:36,844
GEOR20066,Pako Forever,2257,12/06/2022, 00:59:13,844
GEOR20066,Pako Forever,2257,12/06/2022, 02:19:22,844
GEOR20066,Pako Forever,2257,12/06/2022, 03:14:03,844
GEOR20066,Pako Forever,2257,12/06/2022, 04:14:38,844
GEOR20066,Pako Forever,2257,12/06/2022, 05:12:27,844
GEOR20066,Pako Forever,2257,12/06/2022, 06:15:57,844
GEOR20066,Pako Forever,2257,12/06/2022, 07:11:40,844
GEOR20066,Pako Forever,2258,12/06/2022, 08:16:13,844
GEOR20066,Pako Forever,2258,12/06/2022, 09:12:25,844
GEOR20066,Pako Forever,2258,12/06/2022, 10:13:23,844
GEOR20066,Pako Forever,2259,12/06/2022, 11:10:59,844
GEOR20066,Pako Forever,2259,12/06/2022, 12:24:36,844
GEOR20066,Pako Forever,2260,12/06/2022, 13:22:28,844
GEOR20066,Pako Forever,2261,12/06/2022, 14:11:44,844
GEOR20066,Pako Forever,2261,12/06/2022, 15:13:17,844
GEOR20066,Pako Forever,2261,12/06/2022, 16:17:37,844
GEOR20066,Pako Forever,2261,12/06/2022, 17:11:35,844
GEOR20066,Pako Forever,2261,12/06/2022, 18:15:32,844
GEOR20066,Pako Forever,2261,12/06/2022, 19:10:43,844
GEOR20066,Pako Forever,2261,12/06/2022, 20:12:50,844
GEOR20066,Pako Forever,2261,12/06/2022, 21:11:35,844
GEOR20066,Pako Forever,2261,12/06/2022, 22:12:16,844
GEOR20066,Pako Forever,2261,12/06/2022, 23:12:50,844
GEOR20066,Pako Forever,2261,12/07/2022, 01:01:44,844
GEOR20066,Pako Forever,2262,12/07/2022, 02:47:08,844
GEOR20066,Pako Forever,2262,12/07/2022, 03:18:27,844
GEOR20066,Pako Forever,2262,12/07/2022, 04:15:14,844
GEOR20066,Pako Forever,2262,12/07/2022, 05:11:59,844
GEOR20066,Pako Forever,2262,12/07/2022, 06:16:15,844
GEOR20066,Pako Forever,2262,12/07/2022, 07:11:43,844
GEOR20066,Pako Forever,2262,12/07/2022, 08:16:17,844
GEOR20066,Pako Forever,2263,12/07/2022, 09:12:49,844
GEOR20066,Pako Forever,2263,12/07/2022, 10:13:43,844
GEOR20066,Pako Forever,2263,12/07/2022, 11:10:39,844
GEOR20066,Pako Forever,2263,12/07/2022, 12:22:54,844
GEOR20066,Pako Forever,2263,12/07/2022, 13:20:51,844
GEOR20066,Pako Forever,2263,12/07/2022, 14:11:49,844
GEOR20066,Pako Forever,2263,12/07/2022, 15:13:00,844
GEOR20066,Pako Forever,2263,12/07/2022, 16:17:10,844
GEOR20066,Pako Forever,2263,12/07/2022, 17:11:56,844
GEOR20066,Pako Forever,2263,12/07/2022, 18:15:36,844
GEOR20066,Pako Forever,2263,12/07/2022, 19:10:15,844
GEOR20066,Pako Forever,2263,12/07/2022, 20:13:14,844
GEOR20066,Pako Forever,2263,12/07/2022, 21:12:19,844
GEOR20066,Pako Forever,2263,12/07/2022, 22:12:25,844
GEOR20066,Pako Forever,2263,12/07/2022, 23:12:45,844
GEOR20066,Pako Forever,2263,12/08/2022, 00:58:59,844
GEOR20066,Pako Forever,2263,12/08/2022, 02:21:10,844
GEOR20066,Pako Forever,2263,12/08/2022, 03:15:28,844
GEOR20066,Pako Forever,2263,12/08/2022, 04:15:19,844
GEOR20066,Pako Forever,2265,12/08/2022, 05:12:20,844
GEOR20066,Pako Forever,2265,12/08/2022, 06:16:31,844
GEOR20066,Pako Forever,2265,12/08/2022, 07:11:41,844
GEOR20066,Pako Forever,2266,12/08/2022, 08:16:16,844
GEOR20066,Pako Forever,2266,12/08/2022, 09:12:45,844
GEOR20066,Pako Forever,2267,12/08/2022, 10:14:09,844
GEOR20066,Pako Forever,2267,12/08/2022, 11:10:36,844
GEOR20066,Pako Forever,2267,12/08/2022, 12:23:10,844
GEOR20066,Pako Forever,2267,12/08/2022, 13:20:44,844
GEOR20066,Pako Forever,2267,12/08/2022, 14:11:32,844
GEOR20066,Pako Forever,2267,12/08/2022, 15:12:56,844
GEOR20066,Pako Forever,2268,12/08/2022, 16:17:13,844
GEOR20066,Pako Forever,2268,12/08/2022, 17:11:51,844
GEOR20066,Pako Forever,2268,12/08/2022, 18:15:27,844
GEOR20066,Pako Forever,2268,12/08/2022, 19:10:20,844
GEOR20066,Pako Forever,2268,12/08/2022, 20:12:00,844
GEOR20066,Pako Forever,2269,12/08/2022, 21:12:13,844
GEOR20066,Pako Forever,2269,12/08/2022, 22:12:11,844
GEOR20066,Pako Forever,2269,12/08/2022, 23:13:43,844
GEOR20066,Pako Forever,2269,12/09/2022, 01:00:36,844
GEOR20066,Pako Forever,2269,12/09/2022, 02:22:37,844
GEOR20066,Pako Forever,2269,12/09/2022, 03:15:31,844
GEOR20066,Pako Forever,2273,12/09/2022, 04:15:09,844
GEOR20066,Pako Forever,2273,12/09/2022, 05:11:53,844
GEOR20066,Pako Forever,2273,12/09/2022, 06:16:51,844
GEOR20066,Pako Forever,2273,12/09/2022, 07:11:37,844
GEOR20066,Pako Forever,2274,12/09/2022, 08:16:00,844
GEOR20066,Pako Forever,2274,12/09/2022, 09:13:03,844
GEOR20066,Pako Forever,2274,12/09/2022, 10:13:33,844
GEOR20066,Pako Forever,2274,12/09/2022, 11:10:43,844
GEOR20066,Pako Forever,2274,12/09/2022, 12:22:12,844
GEOR20066,Pako Forever,2274,12/09/2022, 13:19:56,844
GEOR20066,Pako Forever,2274,12/09/2022, 14:11:36,844
GEOR20066,Pako Forever,2275,12/09/2022, 15:12:27,844
GEOR20066,Pako Forever,2276,12/09/2022, 16:16:53,844
GEOR20066,Pako Forever,2276,12/09/2022, 17:11:56,844
GEOR20066,Pako Forever,2276,12/09/2022, 18:15:09,844
GEOR20066,Pako Forever,2276,12/09/2022, 19:10:59,844
GEOR20066,Pako Forever,2278,12/09/2022, 20:13:18,844
GEOR20066,Pako Forever,2279,12/09/2022, 21:11:40,844
GEOR20066,Pako Forever,2280,12/09/2022, 22:11:53,844
GEOR20066,Pako Forever,2280,12/09/2022, 23:13:12,844
GEOR20066,Pako Forever,2280,12/10/2022, 00:56:57,844
GEOR20066,Pako Forever,2280,12/10/2022, 02:14:18,844
GEOR20066,Pako Forever,2281,12/10/2022, 03:12:48,844
GEOR20066,Pako Forever,2281,12/10/2022, 04:14:55,844
GEOR20066,Pako Forever,2281,12/10/2022, 05:11:16,844
GEOR20066,Pako Forever,2281,12/10/2022, 06:15:26,844
GEOR20066,Pako Forever,2281,12/10/2022, 07:11:09,844
GEOR20066,Pako Forever,2282,12/10/2022, 08:15:11,844
GEOR20066,Pako Forever,2282,12/10/2022, 09:11:33,844
GEOR20066,Pako Forever,2282,12/10/2022, 10:12:31,844
GEOR20066,Pako Forever,2282,12/10/2022, 11:10:11,844
GEOR20066,Pako Forever,2283,12/10/2022, 12:21:20,844
GEOR20066,Pako Forever,2283,12/10/2022, 13:17:09,844
GEOR20066,Pako Forever,2283,12/10/2022, 14:10:53,844
GEOR20066,Pako Forever,2284,12/10/2022, 15:11:45,844
GEOR20066,Pako Forever,2284,12/10/2022, 16:15:53,844
GEOR20066,Pako Forever,2285,12/10/2022, 17:10:44,844
GEOR20066,Pako Forever,2285,12/10/2022, 18:14:30,844
GEOR20066,Pako Forever,2285,12/10/2022, 19:09:42,844
GEOR20066,Pako Forever,2285,12/10/2022, 20:12:37,844
GEOR20066,Pako Forever,2285,12/10/2022, 21:10:50,844
GEOR20066,Pako Forever,2285,12/10/2022, 22:11:19,844
GEOR20066,Pako Forever,2285,12/10/2022, 23:12:28,844
GEOR20066,Pako Forever,2285,12/11/2022, 01:05:36,844
GEOR20066,Pako Forever,2286,12/11/2022, 02:46:49,844
GEOR20066,Pako Forever,2287,12/11/2022, 03:18:32,844
GEOR20066,Pako Forever,2288,12/11/2022, 04:15:27,844
GEOR20066,Pako Forever,2288,12/11/2022, 05:11:23,844
GEOR20066,Pako Forever,2288,12/11/2022, 06:15:21,844
GEOR20066,Pako Forever,2288,12/11/2022, 07:11:05,844
GEOR20066,Pako Forever,2288,12/11/2022, 08:15:00,844
GEOR20066,Pako Forever,2288,12/11/2022, 09:11:44,844
GEOR20066,Pako Forever,2288,12/11/2022, 10:12:34,844
GEOR20066,Pako Forever,2289,12/11/2022, 11:10:08,844
GEOR20066,Pako Forever,2289,12/11/2022, 12:21:31,844
GEOR20066,Pako Forever,2289,12/11/2022, 13:17:31,844
GEOR20066,Pako Forever,2289,12/11/2022, 14:11:00,844
GEOR20066,Pako Forever,2289,12/11/2022, 15:12:00,844
GEOR20066,Pako Forever,2289,12/11/2022, 16:15:51,844
GEOR20066,Pako Forever,2290,12/11/2022, 17:10:40,844
GEOR20066,Pako Forever,2292,12/11/2022, 18:14:57,844
GEOR20066,Pako Forever,2293,12/11/2022, 19:09:59,844
GEOR20066,Pako Forever,2293,12/11/2022, 20:12:51,844
GEOR20066,Pako Forever,2296,12/11/2022, 21:10:53,844
GEOR20066,Pako Forever,2299,12/11/2022, 22:11:34,844
GEOR20066,Pako Forever,2300,12/11/2022, 23:12:11,844
GEOR20066,Pako Forever,2300,12/12/2022, 01:02:08,844
GEOR20066,Pako Forever,2305,12/12/2022, 02:45:50,844
GEOR20066,Pako Forever,2305,12/12/2022, 03:18:13,844
GEOR20066,Pako Forever,2305,12/12/2022, 04:15:26,844
GEOR20066,Pako Forever,2305,12/12/2022, 05:12:14,844
GEOR20066,Pako Forever,2305,12/12/2022, 06:16:39,844
GEOR20066,Pako Forever,2305,12/12/2022, 07:12:21,844
GEOR20066,Pako Forever,2305,12/12/2022, 08:16:49,844
GEOR20066,Pako Forever,2305,12/12/2022, 09:13:18,844
GEOR20066,Pako Forever,2306,12/12/2022, 10:14:15,844
GEOR20066,Pako Forever,2306,12/12/2022, 11:10:50,844
GEOR20066,Pako Forever,2306,12/12/2022, 12:23:41,844
GEOR20066,Pako Forever,2306,12/12/2022, 13:21:56,844
GEOR20066,Pako Forever,2307,12/12/2022, 14:12:04,844
GEOR20066,Pako Forever,2308,12/12/2022, 15:13:44,844
GEOR20066,Pako Forever,2308,12/12/2022, 16:17:23,844
GEOR20066,Pako Forever,2308,12/12/2022, 17:11:28,844
GEOR20066,Pako Forever,2309,12/12/2022, 18:15:52,844
GEOR20066,Pako Forever,2309,12/12/2022, 19:13:56,844
GEOR20066,Pako Forever,2309,12/12/2022, 20:12:33,844
GEOR20066,Pako Forever,2309,12/12/2022, 21:12:04,844
GEOR20066,Pako Forever,2309,12/12/2022, 22:12:30,844
GEOR20066,Pako Forever,2309,12/12/2022, 23:13:29,844
GEOR20066,Pako Forever,2311,12/13/2022, 01:04:31,844
GEOR20066,Pako Forever,2311,12/13/2022, 02:49:00,844
GEOR20066,Pako Forever,2311,12/13/2022, 03:20:54,844
GEOR20066,Pako Forever,2311,12/13/2022, 04:15:20,844
GEOR20066,Pako Forever,2311,12/13/2022, 05:12:03,844
GEOR20066,Pako Forever,2311,12/13/2022, 06:16:38,844
GEOR20066,Pako Forever,2312,12/13/2022, 07:11:51,844
GEOR20066,Pako Forever,2312,12/13/2022, 08:16:43,844
GEOR20066,Pako Forever,2312,12/13/2022, 09:13:13,844
GEOR20066,Pako Forever,2313,12/13/2022, 10:13:55,844
GEOR20066,Pako Forever,2313,12/13/2022, 11:11:00,844
GEOR20066,Pako Forever,2313,12/13/2022, 12:23:34,844
GEOR20066,Pako Forever,2314,12/13/2022, 13:21:04,844
GEOR20066,Pako Forever,2315,12/13/2022, 14:12:36,844
GEOR20066,Pako Forever,2315,12/13/2022, 15:16:12,844
GEOR20066,Pako Forever,2315,12/13/2022, 16:17:35,844
GEOR20066,Pako Forever,2315,12/13/2022, 17:11:11,844
GEOR20066,Pako Forever,2315,12/13/2022, 18:15:27,844
GEOR20066,Pako Forever,2316,12/13/2022, 19:10:29,844
GEOR20066,Pako Forever,2318,12/13/2022, 20:13:34,844
GEOR20066,Pako Forever,2318,12/13/2022, 21:11:46,844
GEOR20066,Pako Forever,2318,12/13/2022, 22:12:30,844
GEOR20066,Pako Forever,2318,12/13/2022, 23:13:00,844
GEOR20066,Pako Forever,2319,12/14/2022, 01:00:16,844
GEOR20066,Pako Forever,2320,12/14/2022, 02:25:48,844
GEOR20066,Pako Forever,2320,12/14/2022, 03:16:50,844
GEOR20066,Pako Forever,2320,12/14/2022, 04:15:35,844
GEOR20066,Pako Forever,2320,12/14/2022, 05:12:03,844
GEOR20066,Pako Forever,2320,12/14/2022, 06:16:14,844
GEOR20066,Pako Forever,2320,12/14/2022, 07:12:12,844
GEOR20066,Pako Forever,2320,12/14/2022, 08:16:19,844
GEOR20066,Pako Forever,2320,12/14/2022, 09:12:52,844
GEOR20066,Pako Forever,2320,12/14/2022, 10:13:44,844
GEOR20066,Pako Forever,2321,12/14/2022, 11:11:03,844
GEOR20066,Pako Forever,2321,12/14/2022, 12:24:06,844
GEOR20066,Pako Forever,2321,12/14/2022, 13:21:13,844
GEOR20066,Pako Forever,2321,12/14/2022, 14:11:46,844
GEOR20066,Pako Forever,2321,12/14/2022, 15:13:21,844
GEOR20066,Pako Forever,2321,12/14/2022, 16:17:05,844
GEOR20066,Pako Forever,2323,12/14/2022, 17:11:37,844
GEOR20066,Pako Forever,2323,12/14/2022, 18:15:38,844
GEOR20066,Pako Forever,2324,12/14/2022, 19:10:53,844
GEOR20066,Pako Forever,2324,12/14/2022, 20:13:26,844
GEOR20066,Pako Forever,2325,12/14/2022, 21:11:53,844
GEOR20066,Pako Forever,2326,12/14/2022, 22:11:34,844
GEOR20066,Pako Forever,2328,12/14/2022, 23:12:56,844
GEOR20066,Pako Forever,2328,12/15/2022, 01:01:46,844
GEOR20066,Pako Forever,2329,12/15/2022, 02:44:53,844
GEOR20066,Pako Forever,2329,12/15/2022, 03:17:09,844
GEOR20066,Pako Forever,2329,12/15/2022, 04:15:45,844
GEOR20066,Pako Forever,2332,12/15/2022, 05:12:08,844
GEOR20066,Pako Forever,2332,12/15/2022, 06:16:04,844
GEOR20066,Pako Forever,2332,12/15/2022, 07:12:02,844
GEOR20066,Pako Forever,2333,12/15/2022, 08:16:32,844
GEOR20066,Pako Forever,2333,12/15/2022, 09:13:03,844
GEOR20066,Pako Forever,2333,12/15/2022, 10:13:52,844
GEOR20066,Pako Forever,2333,12/15/2022, 11:10:38,844
GEOR20066,Pako Forever,2333,12/15/2022, 12:23:38,844
GEOR20066,Pako Forever,2333,12/15/2022, 13:21:39,844
GEOR20066,Pako Forever,2333,12/15/2022, 14:12:09,844
GEOR20066,Pako Forever,2333,12/15/2022, 15:13:21,844
GEOR20066,Pako Forever,2336,12/15/2022, 16:17:34,844
GEOR20066,Pako Forever,2336,12/15/2022, 17:11:33,844
GEOR20066,Pako Forever,2337,12/15/2022, 18:14:11,844
GEOR20066,Pako Forever,2338,12/15/2022, 19:10:04,844
GEOR20066,Pako Forever,2338,12/15/2022, 20:12:24,844
GEOR20066,Pako Forever,2338,12/15/2022, 21:10:49,844
GEOR20066,Pako Forever,2338,12/15/2022, 22:11:39,844
GEOR20066,Pako Forever,2338,12/15/2022, 23:13:11,844
GEOR20066,Pako Forever,2338,12/16/2022, 00:57:13,844
GEOR20066,Pako Forever,2338,12/16/2022, 02:08:14,844
GEOR20066,Pako Forever,2338,12/16/2022, 03:13:21,844
GEOR20066,Pako Forever,2338,12/16/2022, 04:14:35,844
GEOR20066,Pako Forever,2338,12/16/2022, 05:11:20,844
GEOR20066,Pako Forever,2338,12/16/2022, 06:15:17,844
GEOR20066,Pako Forever,2338,12/16/2022, 07:11:00,844
GEOR20066,Pako Forever,2338,12/16/2022, 08:15:04,844
GEOR20066,Pako Forever,2338,12/16/2022, 09:11:47,844
GEOR20066,Pako Forever,2338,12/16/2022, 10:12:53,844
GEOR20066,Pako Forever,2339,12/16/2022, 11:10:21,844
GEOR20066,Pako Forever,2339,12/16/2022, 12:20:49,844
GEOR20066,Pako Forever,2339,12/16/2022, 13:16:37,844
GEOR20066,Pako Forever,2339,12/16/2022, 14:10:57,844
GEOR20066,Pako Forever,2339,12/16/2022, 15:14:20,844
GEOR20066,Pako Forever,2339,12/16/2022, 16:15:55,844
GEOR20066,Pako Forever,2339,12/16/2022, 17:11:33,844
GEOR20066,Pako Forever,2340,12/16/2022, 18:14:34,844
GEOR20066,Pako Forever,2340,12/16/2022, 19:09:58,844
GEOR20066,Pako Forever,2341,12/16/2022, 20:12:37,844
GEOR20066,Pako Forever,2342,12/16/2022, 21:10:58,844
GEOR20066,Pako Forever,2342,12/16/2022, 22:11:27,844
GEOR20066,Pako Forever,2342,12/16/2022, 23:12:02,844
GEOR20066,Pako Forever,2343,12/17/2022, 00:55:50,844
GEOR20066,Pako Forever,2344,12/17/2022, 02:06:44,844
GEOR20066,Pako Forever,2346,12/17/2022, 03:12:26,844
GEOR20066,Pako Forever,2347,12/17/2022, 04:14:22,844
GEOR20066,Pako Forever,2347,12/17/2022, 05:10:29,844
GEOR20066,Pako Forever,2347,12/17/2022, 06:14:15,844
GEOR20066,Pako Forever,2347,12/17/2022, 07:10:19,844
GEOR20066,Pako Forever,2347,12/17/2022, 08:14:11,844
GEOR20066,Pako Forever,2347,12/17/2022, 09:11:13,844
GEOR20066,Pako Forever,2347,12/17/2022, 10:11:36,844
GEOR20066,Pako Forever,2347,12/17/2022, 11:09:27,844
GEOR20066,Pako Forever,2347,12/17/2022, 12:19:43,844
GEOR20066,Pako Forever,2347,12/17/2022, 13:13:56,844
GEOR20066,Pako Forever,2347,12/17/2022, 14:10:04,844
GEOR20066,Pako Forever,2347,12/17/2022, 15:11:01,844
GEOR20066,Pako Forever,2347,12/17/2022, 16:14:44,844
GEOR20066,Pako Forever,2347,12/17/2022, 17:10:04,844
GEOR20066,Pako Forever,2348,12/17/2022, 18:13:29,844
GEOR20066,Pako Forever,2348,12/17/2022, 19:09:28,844
GEOR20066,Pako Forever,2348,12/17/2022, 20:11:39,844
GEOR20066,Pako Forever,2348,12/17/2022, 21:10:11,844
GEOR20066,Pako Forever,2348,12/17/2022, 22:10:30,844
GEOR20066,Pako Forever,2349,12/17/2022, 23:11:17,844
GEOR20066,Pako Forever,2349,12/18/2022, 00:57:17,844
GEOR20066,Pako Forever,2349,12/18/2022, 02:10:07,844
GEOR20066,Pako Forever,2349,12/18/2022, 03:12:53,844
GEOR20066,Pako Forever,2349,12/18/2022, 04:14:05,844
GEOR20066,Pako Forever,2349,12/18/2022, 05:10:54,844
GEOR20066,Pako Forever,2349,12/18/2022, 06:14:18,844
GEOR20066,Pako Forever,2349,12/18/2022, 07:10:22,844
GEOR20066,Pako Forever,2350,12/18/2022, 08:14:12,844
GEOR20066,Pako Forever,2351,12/18/2022, 09:11:01,844
GEOR20066,Pako Forever,2351,12/18/2022, 10:11:44,844
GEOR20066,Pako Forever,2351,12/18/2022, 11:09:33,844
GEOR20066,Pako Forever,2351,12/18/2022, 12:20:04,844
GEOR20066,Pako Forever,2351,12/18/2022, 13:14:35,844
GEOR20066,Pako Forever,2351,12/18/2022, 14:10:05,844
GEOR20066,Pako Forever,2351,12/18/2022, 15:11:04,844
GEOR20066,Pako Forever,2351,12/18/2022, 16:14:58,844
GEOR20066,Pako Forever,2353,12/18/2022, 17:10:12,844
GEOR20066,Pako Forever,2355,12/18/2022, 18:13:24,844
GEOR20066,Pako Forever,2358,12/18/2022, 19:09:09,844
GEOR20066,Pako Forever,2359,12/18/2022, 20:11:57,844
GEOR20066,Pako Forever,2359,12/18/2022, 21:10:01,844
GEOR20066,Pako Forever,2359,12/18/2022, 22:10:38,844
GEOR20066,Pako Forever,2360,12/18/2022, 23:11:49,844
GEOR20066,Pako Forever,2360,12/19/2022, 00:55:18,844
GEOR20066,Pako Forever,2360,12/19/2022, 02:06:51,844
GEOR20066,Pako Forever,2360,12/19/2022, 03:13:18,844
GEOR20066,Pako Forever,2360,12/19/2022, 04:14:38,844
GEOR20066,Pako Forever,2360,12/19/2022, 05:12:08,844
GEOR20066,Pako Forever,2361,12/19/2022, 06:15:42,844
GEOR20066,Pako Forever,2361,12/19/2022, 07:11:40,844
GEOR20066,Pako Forever,2361,12/19/2022, 08:15:45,844
GEOR20066,Pako Forever,2362,12/19/2022, 09:12:57,844
GEOR20066,Pako Forever,2362,12/19/2022, 10:14:50,844
GEOR20066,Pako Forever,2362,12/19/2022, 11:10:33,844
GEOR20066,Pako Forever,2363,12/19/2022, 12:22:24,844
GEOR20066,Pako Forever,2363,12/19/2022, 13:18:44,844
GEOR20066,Pako Forever,2363,12/19/2022, 14:12:03,844
GEOR20066,Pako Forever,2363,12/19/2022, 15:14:58,844
GEOR20066,Pako Forever,2364,12/19/2022, 16:18:29,844
GEOR20066,Pako Forever,2364,12/19/2022, 17:10:24,844
GEOR20066,Pako Forever,2364,12/19/2022, 18:15:22,844
GEOR20066,Pako Forever,2364,12/19/2022, 19:10:04,844
GEOR20066,Pako Forever,2365,12/19/2022, 20:13:26,844
GEOR20066,Pako Forever,2365,12/19/2022, 21:11:42,844
GEOR20066,Pako Forever,2366,12/19/2022, 22:11:48,844
GEOR20066,Pako Forever,2366,12/19/2022, 23:12:21,844
GEOR20066,Pako Forever,2367,12/20/2022, 00:59:29,844
GEOR20066,Pako Forever,2367,12/20/2022, 02:15:09,844
GEOR20066,Pako Forever,2367,12/20/2022, 03:13:24,844
GEOR20066,Pako Forever,2367,12/20/2022, 04:14:36,844
GEOR20066,Pako Forever,2367,12/20/2022, 05:11:47,844
GEOR20066,Pako Forever,2367,12/20/2022, 06:16:38,844
GEOR20066,Pako Forever,2368,12/20/2022, 07:11:26,844
GEOR20066,Pako Forever,2368,12/20/2022, 08:15:37,844
GEOR20066,Pako Forever,2368,12/20/2022, 09:12:41,844
GEOR20066,Pako Forever,2368,12/20/2022, 10:13:32,844
GEOR20066,Pako Forever,2368,12/20/2022, 11:10:26,844
GEOR20066,Pako Forever,2368,12/20/2022, 12:22:26,844
GEOR20066,Pako Forever,2368,12/20/2022, 13:18:08,844
GEOR20066,Pako Forever,2368,12/20/2022, 14:12:05,844
GEOR20066,Pako Forever,2368,12/20/2022, 15:13:43,844
GEOR20066,Pako Forever,2368,12/20/2022, 16:17:21,844
GEOR20066,Pako Forever,2368,12/20/2022, 17:11:21,844
GEOR20066,Pako Forever,2368,12/20/2022, 18:14:32,844
GEOR20066,Pako Forever,2368,12/20/2022, 19:10:02,844
GEOR20066,Pako Forever,2368,12/20/2022, 20:12:52,844
GEOR20066,Pako Forever,2368,12/20/2022, 21:11:16,844
GEOR20066,Pako Forever,2371,12/20/2022, 22:11:49,844
GEOR20066,Pako Forever,2372,12/20/2022, 23:12:29,844
GEOR20066,Pako Forever,2373,12/21/2022, 00:55:23,844
GEOR20066,Pako Forever,2373,12/21/2022, 02:08:48,844
GEOR20066,Pako Forever,2373,12/21/2022, 03:13:27,844
GEOR20066,Pako Forever,2373,12/21/2022, 04:14:38,844
GEOR20066,Pako Forever,2373,12/21/2022, 05:11:33,844
GEOR20066,Pako Forever,2373,12/21/2022, 06:15:23,844
GEOR20066,Pako Forever,2373,12/21/2022, 07:11:28,844
GEOR20066,Pako Forever,2373,12/21/2022, 08:15:47,844
GEOR20066,Pako Forever,2374,12/21/2022, 09:12:01,844
GEOR20066,Pako Forever,2375,12/21/2022, 10:13:34,844
GEOR20066,Pako Forever,2375,12/21/2022, 11:10:31,844
GEOR20066,Pako Forever,2375,12/21/2022, 12:22:22,844
GEOR20066,Pako Forever,2375,12/21/2022, 13:18:25,844
GEOR20066,Pako Forever,2375,12/21/2022, 14:11:42,844
GEOR20066,Pako Forever,2375,12/21/2022, 15:13:09,844
GEOR20066,Pako Forever,2375,12/21/2022, 16:17:17,844
GEOR20066,Pako Forever,2375,12/21/2022, 17:11:08,844
GEOR20066,Pako Forever,2376,12/21/2022, 18:14:46,844
GEOR20066,Pako Forever,2378,12/21/2022, 19:10:13,844
GEOR20066,Pako Forever,2380,12/21/2022, 20:12:49,844
GEOR20066,Pako Forever,2380,12/21/2022, 21:11:27,844
GEOR20066,Pako Forever,2380,12/21/2022, 22:11:47,844
GEOR20066,Pako Forever,2381,12/21/2022, 23:12:36,844
GEOR20066,Pako Forever,2382,12/22/2022, 00:58:15,844
GEOR20066,Pako Forever,2382,12/22/2022, 02:12:35,844
GEOR20066,Pako Forever,2382,12/22/2022, 03:13:20,844
GEOR20066,Pako Forever,2382,12/22/2022, 04:14:50,844
GEOR20066,Pako Forever,2383,12/22/2022, 05:11:27,844
GEOR20066,Pako Forever,2383,12/22/2022, 06:15:24,844
GEOR20066,Pako Forever,2383,12/22/2022, 07:11:11,844
GEOR20066,Pako Forever,2384,12/22/2022, 08:15:13,844
GEOR20066,Pako Forever,2384,12/22/2022, 09:11:54,844
GEOR20066,Pako Forever,2384,12/22/2022, 10:12:57,844
GEOR20066,Pako Forever,2385,12/22/2022, 11:10:38,844
GEOR20066,Pako Forever,2385,12/22/2022, 12:22:18,844
GEOR20066,Pako Forever,2385,12/22/2022, 13:18:53,844
GEOR20066,Pako Forever,2385,12/22/2022, 14:11:40,844
GEOR20066,Pako Forever,2385,12/22/2022, 15:13:13,844
GEOR20066,Pako Forever,2385,12/22/2022, 16:16:14,844
GEOR20066,Pako Forever,2386,12/22/2022, 17:11:01,844
GEOR20066,Pako Forever,2386,12/22/2022, 18:15:04,844
GEOR20066,Pako Forever,2387,12/22/2022, 19:09:54,844
GEOR20066,Pako Forever,2387,12/22/2022, 20:12:39,844
GEOR20066,Pako Forever,2387,12/22/2022, 21:11:11,844
GEOR20066,Pako Forever,2387,12/22/2022, 22:11:46,844
GEOR20066,Pako Forever,2387,12/22/2022, 23:13:35,844
GEOR20066,Pako Forever,2390,12/23/2022, 00:56:36,844
GEOR20066,Pako Forever,2390,12/23/2022, 02:10:58,844
GEOR20066,Pako Forever,2390,12/23/2022, 03:13:20,844
GEOR20066,Pako Forever,2390,12/23/2022, 04:14:28,844
GEOR20066,Pako Forever,2390,12/23/2022, 05:11:32,844
GEOR20066,Pako Forever,2390,12/23/2022, 06:15:53,844
GEOR20066,Pako Forever,2390,12/23/2022, 07:11:20,844
GEOR20066,Pako Forever,2390,12/23/2022, 08:15:07,844
GEOR20066,Pako Forever,2390,12/23/2022, 09:11:43,844
GEOR20066,Pako Forever,2390,12/23/2022, 10:13:13,844
GEOR20066,Pako Forever,2390,12/23/2022, 11:10:24,844
GEOR20066,Pako Forever,2390,12/23/2022, 12:21:14,844
GEOR20066,Pako Forever,2390,12/23/2022, 13:17:07,844
GEOR20066,Pako Forever,2390,12/23/2022, 14:10:55,844
GEOR20066,Pako Forever,2390,12/23/2022, 15:12:08,844
GEOR20066,Pako Forever,2390,12/23/2022, 16:15:50,844
GEOR20066,Pako Forever,2390,12/23/2022, 17:11:05,844
GEOR20066,Pako Forever,2390,12/23/2022, 18:14:26,844
GEOR20066,Pako Forever,2391,12/23/2022, 19:10:17,844
GEOR20066,Pako Forever,2393,12/23/2022, 20:12:31,844
GEOR20066,Pako Forever,2394,12/23/2022, 21:10:47,844
GEOR20066,Pako Forever,2394,12/23/2022, 22:11:24,844
GEOR20066,Pako Forever,2394,12/23/2022, 23:12:07,844
GEOR20066,Pako Forever,2394,12/24/2022, 00:52:54,844
GEOR20066,Pako Forever,2394,12/24/2022, 02:03:48,844
GEOR20066,Pako Forever,2395,12/24/2022, 03:12:49,844
GEOR20066,Pako Forever,2395,12/24/2022, 04:14:39,844
GEOR20066,Pako Forever,2395,12/24/2022, 05:10:58,844
GEOR20066,Pako Forever,2395,12/24/2022, 06:14:04,844
GEOR20066,Pako Forever,2395,12/24/2022, 07:10:34,844
GEOR20066,Pako Forever,2395,12/24/2022, 08:14:25,844
GEOR20066,Pako Forever,2395,12/24/2022, 09:11:09,844
GEOR20066,Pako Forever,2395,12/24/2022, 10:12:01,844
GEOR20066,Pako Forever,2396,12/24/2022, 11:09:36,844
GEOR20066,Pako Forever,2396,12/24/2022, 12:19:58,844
GEOR20066,Pako Forever,2399,12/24/2022, 13:14:33,844
GEOR20066,Pako Forever,2399,12/24/2022, 14:10:27,844
GEOR20066,Pako Forever,2400,12/24/2022, 15:11:14,844
GEOR20066,Pako Forever,2400,12/24/2022, 16:15:11,844
GEOR20066,Pako Forever,2401,12/24/2022, 17:10:18,844
GEOR20066,Pako Forever,2401,12/24/2022, 18:13:31,844
GEOR20066,Pako Forever,2401,12/24/2022, 19:09:13,844
GEOR20066,Pako Forever,2401,12/24/2022, 20:11:44,844
GEOR20066,Pako Forever,2402,12/24/2022, 21:10:23,844
GEOR20066,Pako Forever,2402,12/24/2022, 22:10:52,844
GEOR20066,Pako Forever,2402,12/24/2022, 23:11:32,844
GEOR20066,Pako Forever,2403,12/25/2022, 01:00:12,844
GEOR20066,Pako Forever,2403,12/25/2022, 02:17:07,844
GEOR20066,Pako Forever,2404,12/25/2022, 03:12:38,844
GEOR20066,Pako Forever,2404,12/25/2022, 04:14:10,844
GEOR20066,Pako Forever,2404,12/25/2022, 05:10:59,844
GEOR20066,Pako Forever,2404,12/25/2022, 06:14:31,844
GEOR20066,Pako Forever,2404,12/25/2022, 07:10:45,844
GEOR20066,Pako Forever,2404,12/25/2022, 08:14:29,844
GEOR20066,Pako Forever,2404,12/25/2022, 09:11:14,844
GEOR20066,Pako Forever,2407,12/25/2022, 10:12:00,844
GEOR20066,Pako Forever,2407,12/25/2022, 11:09:30,844
GEOR20066,Pako Forever,2408,12/25/2022, 12:20:07,844
GEOR20066,Pako Forever,2408,12/25/2022, 13:14:50,844
GEOR20066,Pako Forever,2409,12/25/2022, 14:10:16,844
GEOR20066,Pako Forever,2409,12/25/2022, 15:11:30,844
GEOR20066,Pako Forever,2409,12/25/2022, 16:15:20,844
GEOR20066,Pako Forever,2409,12/25/2022, 17:10:12,844
GEOR20066,Pako Forever,2409,12/25/2022, 18:13:39,844
GEOR20066,Pako Forever,2409,12/25/2022, 19:09:26,844
GEOR20066,Pako Forever,2410,12/25/2022, 20:12:10,844
GEOR20066,Pako Forever,2411,12/25/2022, 21:10:17,844
GEOR20066,Pako Forever,2411,12/25/2022, 22:10:55,844
GEOR20066,Pako Forever,2412,12/25/2022, 23:11:52,844
GEOR20066,Pako Forever,2413,12/26/2022, 00:57:44,844
GEOR20066,Pako Forever,2413,12/26/2022, 02:12:52,844
GEOR20066,Pako Forever,2413,12/26/2022, 03:13:40,844
GEOR20066,Pako Forever,2413,12/26/2022, 04:14:51,844
GEOR20066,Pako Forever,2413,12/26/2022, 05:11:34,844
GEOR20066,Pako Forever,2413,12/26/2022, 06:15:39,844
GEOR20066,Pako Forever,2413,12/26/2022, 07:11:22,844
GEOR20066,Pako Forever,2414,12/26/2022, 08:15:34,844
GEOR20066,Pako Forever,2414,12/26/2022, 09:12:11,844
GEOR20066,Pako Forever,2414,12/26/2022, 10:12:53,844
GEOR20066,Pako Forever,2414,12/26/2022, 11:10:13,844
GEOR20066,Pako Forever,2415,12/26/2022, 12:21:19,844
GEOR20066,Pako Forever,2415,12/26/2022, 13:16:35,844
GEOR20066,Pako Forever,2415,12/26/2022, 14:11:02,844
GEOR20066,Pako Forever,2416,12/26/2022, 15:12:07,844
GEOR20066,Pako Forever,2416,12/26/2022, 16:15:41,844
GEOR20066,Pako Forever,2416,12/26/2022, 17:10:50,844
GEOR20066,Pako Forever,2416,12/26/2022, 18:14:27,844
GEOR20066,Pako Forever,2416,12/26/2022, 19:09:41,844
GEOR20066,Pako Forever,2418,12/26/2022, 20:12:30,844
GEOR20066,Pako Forever,2418,12/26/2022, 21:10:54,844
GEOR20066,Pako Forever,2420,12/26/2022, 22:11:13,844
GEOR20066,Pako Forever,2421,12/26/2022, 23:12:03,844
GEOR20066,Pako Forever,2421,12/27/2022, 00:57:30,844
GEOR20066,Pako Forever,2422,12/27/2022, 02:09:29,844
GEOR20066,Pako Forever,2423,12/27/2022, 03:13:17,844
GEOR20066,Pako Forever,2423,12/27/2022, 04:14:49,844
GEOR20066,Pako Forever,2423,12/27/2022, 05:11:30,844
GEOR20066,Pako Forever,2423,12/27/2022, 06:15:17,844
GEOR20066,Pako Forever,2423,12/27/2022, 07:11:26,844
GEOR20066,Pako Forever,2423,12/27/2022, 08:15:16,844
GEOR20066,Pako Forever,2424,12/27/2022, 09:11:54,844
GEOR20066,Pako Forever,2424,12/27/2022, 10:12:45,844
GEOR20066,Pako Forever,2424,12/27/2022, 11:10:07,844
GEOR20066,Pako Forever,2424,12/27/2022, 12:21:27,844
GEOR20066,Pako Forever,2424,12/27/2022, 13:16:30,844
GEOR20066,Pako Forever,2424,12/27/2022, 14:10:58,844
GEOR20066,Pako Forever,2424,12/27/2022, 15:12:16,844
GEOR20066,Pako Forever,2424,12/27/2022, 16:16:00,844
GEOR20066,Pako Forever,2424,12/27/2022, 17:10:51,844
GEOR20066,Pako Forever,2425,12/27/2022, 18:14:48,844
GEOR20066,Pako Forever,2425,12/27/2022, 19:10:06,844
GEOR20066,Pako Forever,2425,12/27/2022, 20:12:25,844
GEOR20066,Pako Forever,2425,12/27/2022, 21:10:59,844
GEOR20066,Pako Forever,2425,12/27/2022, 22:11:46,844
GEOR20066,Pako Forever,2427,12/27/2022, 23:12:40,844
GEOR20066,Pako Forever,2428,12/28/2022, 00:57:06,844
GEOR20066,Pako Forever,2428,12/28/2022, 02:10:34,844
GEOR20066,Pako Forever,2429,12/28/2022, 03:13:27,844
GEOR20066,Pako Forever,2429,12/28/2022, 04:14:26,844
GEOR20066,Pako Forever,2429,12/28/2022, 05:11:46,844
GEOR20066,Pako Forever,2429,12/28/2022, 06:15:30,844
GEOR20066,Pako Forever,2430,12/28/2022, 07:11:26,844
GEOR20066,Pako Forever,2430,12/28/2022, 08:15:12,844
GEOR20066,Pako Forever,2430,12/28/2022, 09:11:45,844
GEOR20066,Pako Forever,2432,12/28/2022, 10:13:00,844
GEOR20066,Pako Forever,2432,12/28/2022, 11:10:08,844
GEOR20066,Pako Forever,2434,12/28/2022, 12:21:26,844
GEOR20066,Pako Forever,2435,12/28/2022, 13:16:46,844
GEOR20066,Pako Forever,2435,12/28/2022, 14:10:59,844
GEOR20066,Pako Forever,2436,12/28/2022, 15:12:14,844
GEOR20066,Pako Forever,2437,12/28/2022, 16:15:36,844
GEOR20066,Pako Forever,2437,12/28/2022, 17:10:53,844
GEOR20066,Pako Forever,2437,12/28/2022, 18:14:26,844
GEOR20066,Pako Forever,2437,12/28/2022, 19:10:11,844
GEOR20066,Pako Forever,2437,12/28/2022, 20:12:42,844
GEOR20066,Pako Forever,2437,12/28/2022, 21:10:53,844
GEOR20066,Pako Forever,2437,12/28/2022, 22:11:37,844
GEOR20066,Pako Forever,2438,12/28/2022, 23:12:06,844
GEOR20066,Pako Forever,2438,12/29/2022, 00:58:45,844
GEOR20066,Pako Forever,2438,12/29/2022, 02:14:04,844
GEOR20066,Pako Forever,2438,12/29/2022, 03:13:27,844
GEOR20066,Pako Forever,2438,12/29/2022, 04:15:00,844
GEOR20066,Pako Forever,2439,12/29/2022, 05:11:29,844
GEOR20066,Pako Forever,2439,12/29/2022, 06:15:16,844
GEOR20066,Pako Forever,2439,12/29/2022, 07:11:19,844
GEOR20066,Pako Forever,2439,12/29/2022, 08:15:19,844
GEOR20066,Pako Forever,2439,12/29/2022, 09:11:37,844
GEOR20066,Pako Forever,2439,12/29/2022, 10:12:54,844
GEOR20066,Pako Forever,2439,12/29/2022, 11:10:16,844
GEOR20066,Pako Forever,2439,12/29/2022, 12:21:14,844
GEOR20066,Pako Forever,2439,12/29/2022, 13:16:40,844
GEOR20066,Pako Forever,2440,12/29/2022, 14:11:00,844
GEOR20066,Pako Forever,2440,12/29/2022, 15:12:12,844
GEOR20066,Pako Forever,2442,12/29/2022, 16:15:59,844
GEOR20066,Pako Forever,2442,12/29/2022, 17:11:03,844
GEOR20066,Pako Forever,2442,12/29/2022, 18:14:27,844
GEOR20066,Pako Forever,2443,12/29/2022, 19:09:56,844
GEOR20066,Pako Forever,2444,12/29/2022, 20:12:46,844
GEOR20066,Pako Forever,2444,12/29/2022, 21:11:09,844
GEOR20066,Pako Forever,2444,12/29/2022, 22:11:39,844
GEOR20066,Pako Forever,2444,12/29/2022, 23:13:07,844
GEOR20066,Pako Forever,2444,12/30/2022, 00:58:43,844
GEOR20066,Pako Forever,2444,12/30/2022, 02:14:03,844
GEOR20066,Pako Forever,2446,12/30/2022, 03:13:21,844
GEOR20066,Pako Forever,2448,12/30/2022, 04:14:21,844
GEOR20066,Pako Forever,2449,12/30/2022, 05:11:43,844
GEOR20066,Pako Forever,2449,12/30/2022, 06:15:39,844
GEOR20066,Pako Forever,2449,12/30/2022, 07:11:08,844
GEOR20066,Pako Forever,2450,12/30/2022, 08:14:43,844
GEOR20066,Pako Forever,2450,12/30/2022, 09:11:41,844
GEOR20066,Pako Forever,2450,12/30/2022, 10:12:34,844
GEOR20066,Pako Forever,2451,12/30/2022, 11:10:11,844
GEOR20066,Pako Forever,2451,12/30/2022, 12:20:35,844
GEOR20066,Pako Forever,2451,12/30/2022, 13:16:33,844
GEOR20066,Pako Forever,2453,12/30/2022, 14:10:49,844
GEOR20066,Pako Forever,2454,12/30/2022, 15:12:12,844
GEOR20066,Pako Forever,2454,12/30/2022, 16:15:06,844
GEOR20066,Pako Forever,2454,12/30/2022, 17:10:45,844
GEOR20066,Pako Forever,2454,12/30/2022, 18:14:21,844
GEOR20066,Pako Forever,2455,12/30/2022, 19:09:53,844
GEOR20066,Pako Forever,2455,12/30/2022, 20:12:19,844
GEOR20066,Pako Forever,2455,12/30/2022, 21:10:34,844
GEOR20066,Pako Forever,2456,12/30/2022, 22:11:09,844
GEOR20066,Pako Forever,2457,12/30/2022, 23:11:45,844
GEOR20066,Pako Forever,2457,12/31/2022, 00:57:09,844
GEOR20066,Pako Forever,2457,12/31/2022, 02:09:04,844
GEOR20066,Pako Forever,2457,12/31/2022, 03:12:55,844
GEOR20066,Pako Forever,2457,12/31/2022, 04:14:12,844
GEOR20066,Pako Forever,2457,12/31/2022, 05:10:52,844
GEOR20066,Pako Forever,2457,12/31/2022, 06:14:50,844
GEOR20066,Pako Forever,2457,12/31/2022, 07:10:35,844
GEOR20066,Pako Forever,2457,12/31/2022, 08:14:41,844
GEOR20066,Pako Forever,2457,12/31/2022, 09:11:27,844
GEOR20066,Pako Forever,2457,12/31/2022, 10:11:38,844
GEOR20066,Pako Forever,2457,12/31/2022, 11:09:34,844
GEOR20066,Pako Forever,2458,12/31/2022, 12:19:43,844
GEOR20066,Pako Forever,2458,12/31/2022, 13:14:18,844
GEOR20066,Pako Forever,2458,12/31/2022, 14:10:28,844
GEOR20066,Pako Forever,2458,12/31/2022, 15:11:20,844
GEOR20066,Pako Forever,2460,12/31/2022, 16:15:04,844
GEOR20066,Pako Forever,2460,12/31/2022, 17:09:59,844
GEOR20066,Pako Forever,2460,12/31/2022, 18:13:31,844
GEOR20066,Pako Forever,2460,12/31/2022, 19:09:14,844
GEOR20066,Pako Forever,2461,12/31/2022, 20:11:41,844
GEOR20066,Pako Forever,2461,12/31/2022, 21:10:20,844
GEOR20066,Pako Forever,2461,12/31/2022, 22:10:43,844
GEOR20066,Pako Forever,2461,12/31/2022, 23:11:21,844
GEOR20066,Pako Forever,2463,01/01/2023, 01:06:19,844
GEOR20066,Pako Forever,2465,01/01/2023, 02:48:44,844
GEOR20066,Pako Forever,2465,01/01/2023, 03:17:58,844
GEOR20066,Pako Forever,2465,01/01/2023, 04:14:09,844
GEOR20066,Pako Forever,2465,01/01/2023, 05:11:19,844
GEOR20066,Pako Forever,2465,01/01/2023, 06:14:31,844
GEOR20066,Pako Forever,2467,01/01/2023, 07:10:57,844
GEOR20066,Pako Forever,2467,01/01/2023, 08:14:48,844
GEOR20066,Pako Forever,2467,01/01/2023, 09:11:26,844
GEOR20066,Pako Forever,2468,01/01/2023, 10:12:02,844
GEOR20066,Pako Forever,2468,01/01/2023, 11:09:40,844
GEOR20066,Pako Forever,2468,01/01/2023, 12:20:53,844
GEOR20066,Pako Forever,2469,01/01/2023, 13:15:19,844
GEOR20066,Pako Forever,2469,01/01/2023, 14:10:31,844
GEOR20066,Pako Forever,2469,01/01/2023, 15:11:26,844
GEOR20066,Pako Forever,2469,01/01/2023, 16:15:07,844
GEOR20066,Pako Forever,2469,01/01/2023, 17:10:19,844
GEOR20066,Pako Forever,2470,01/01/2023, 18:13:43,844
GEOR20066,Pako Forever,2470,01/01/2023, 19:09:43,844
GEOR20066,Pako Forever,2470,01/01/2023, 20:12:10,844
GEOR20066,Pako Forever,2471,01/01/2023, 21:10:28,844
GEOR20066,Pako Forever,2472,01/01/2023, 22:11:09,844
GEOR20066,Pako Forever,2473,01/01/2023, 23:11:54,844
GEOR20066,Pako Forever,2473,01/02/2023, 00:58:04,844
GEOR20066,Pako Forever,2473,01/02/2023, 02:13:12,844
GEOR20066,Pako Forever,2475,01/02/2023, 03:13:14,844
GEOR20066,Pako Forever,2475,01/02/2023, 04:14:35,844
GEOR20066,Pako Forever,2475,01/02/2023, 05:11:38,844
GEOR20066,Pako Forever,2475,01/02/2023, 06:15:59,844
GEOR20066,Pako Forever,2475,01/02/2023, 07:11:29,844
GEOR20066,Pako Forever,2475,01/02/2023, 08:15:59,844
GEOR20066,Pako Forever,2475,01/02/2023, 09:12:21,844
GEOR20066,Pako Forever,2475,01/02/2023, 10:13:08,844
GEOR20066,Pako Forever,2475,01/02/2023, 11:10:12,844
GEOR20066,Pako Forever,2476,01/02/2023, 12:22:01,844
GEOR20066,Pako Forever,2476,01/02/2023, 13:18:37,844
GEOR20066,Pako Forever,2476,01/02/2023, 14:11:00,844
GEOR20066,Pako Forever,2477,01/02/2023, 15:12:39,844
GEOR20066,Pako Forever,2478,01/02/2023, 16:15:49,844
GEOR20066,Pako Forever,2479,01/02/2023, 17:10:55,844
GEOR20066,Pako Forever,2479,01/02/2023, 18:14:27,844
GEOR20066,Pako Forever,2479,01/02/2023, 19:09:45,844
GEOR20066,Pako Forever,2479,01/02/2023, 20:12:36,844
GEOR20066,Pako Forever,2479,01/02/2023, 21:10:24,844
GEOR20066,Pako Forever,2479,01/02/2023, 22:11:15,844
GEOR20066,Pako Forever,2479,01/02/2023, 23:11:58,844
GEOR20066,Pako Forever,2483,01/03/2023, 00:57:29,844
GEOR20066,Pako Forever,2486,01/03/2023, 02:10:57,844
GEOR20066,Pako Forever,2486,01/03/2023, 03:13:32,844
GEOR20066,Pako Forever,2486,01/03/2023, 04:14:32,844
GEOR20066,Pako Forever,2487,01/03/2023, 05:11:27,844
GEOR20066,Pako Forever,2487,01/03/2023, 06:14:15,844
GEOR20066,Pako Forever,2487,01/03/2023, 07:11:19,844
GEOR20066,Pako Forever,2487,01/03/2023, 08:15:55,844
GEOR20066,Pako Forever,2487,01/03/2023, 09:12:23,844
GEOR20066,Pako Forever,2487,01/03/2023, 10:13:01,844
GEOR20066,Pako Forever,2487,01/03/2023, 11:10:24,844
GEOR20066,Pako Forever,2487,01/03/2023, 12:23:42,844
GEOR20066,Pako Forever,2488,01/03/2023, 13:19:19,844
GEOR20066,Pako Forever,2488,01/03/2023, 14:11:27,844
GEOR20066,Pako Forever,2488,01/03/2023, 15:13:24,844
GEOR20066,Pako Forever,2488,01/03/2023, 16:16:56,844
GEOR20066,Pako Forever,2489,01/03/2023, 17:10:46,844
GEOR20066,Pako Forever,2489,01/03/2023, 18:15:01,844
GEOR20066,Pako Forever,2489,01/03/2023, 19:10:19,844
GEOR20066,Pako Forever,2489,01/03/2023, 20:13:20,844
GEOR20066,Pako Forever,2490,01/03/2023, 21:11:48,844
GEOR20066,Pako Forever,2490,01/03/2023, 22:12:01,844
GEOR20066,Pako Forever,2490,01/03/2023, 23:12:44,844
GEOR20066,Pako Forever,2490,01/04/2023, 00:59:15,844
GEOR20066,Pako Forever,2491,01/04/2023, 02:17:10,844
GEOR20066,Pako Forever,2492,01/04/2023, 03:13:19,844
GEOR20066,Pako Forever,2492,01/04/2023, 04:14:46,844
GEOR20066,Pako Forever,2493,01/04/2023, 05:11:42,844
GEOR20066,Pako Forever,2493,01/04/2023, 06:15:37,844
GEOR20066,Pako Forever,2493,01/04/2023, 07:11:17,844
GEOR20066,Pako Forever,2493,01/04/2023, 08:15:47,844
GEOR20066,Pako Forever,2493,01/04/2023, 09:12:20,844
GEOR20066,Pako Forever,2493,01/04/2023, 10:13:58,844
GEOR20066,Pako Forever,2493,01/04/2023, 11:11:01,844
GEOR20066,Pako Forever,2495,01/04/2023, 12:23:01,844
GEOR20066,Pako Forever,2496,01/04/2023, 13:19:46,844
GEOR20066,Pako Forever,2496,01/04/2023, 14:12:56,844
GEOR20066,Pako Forever,2497,01/04/2023, 15:14:54,844
GEOR20066,Pako Forever,2497,01/04/2023, 16:21:33,844
GEOR20066,Pako Forever,2497,01/04/2023, 17:13:58,844
GEOR20066,Pako Forever,2497,01/04/2023, 18:15:39,844
GEOR20066,Pako Forever,2497,01/04/2023, 19:11:48,844
GEOR20066,Pako Forever,2497,01/04/2023, 20:13:01,844
GEOR20066,Pako Forever,2497,01/04/2023, 21:11:43,844
GEOR20066,Pako Forever,2498,01/04/2023, 22:11:59,844
GEOR20066,Pako Forever,2502,01/04/2023, 23:12:28,844
GEOR20066,Pako Forever,2503,01/05/2023, 01:00:52,844
GEOR20066,Pako Forever,2503,01/05/2023, 02:19:45,844
GEOR20066,Pako Forever,2503,01/05/2023, 03:13:01,844
GEOR20066,Pako Forever,2504,01/05/2023, 04:15:00,844
GEOR20066,Pako Forever,2504,01/05/2023, 05:11:50,844
GEOR20066,Pako Forever,2505,01/05/2023, 06:14:31,844
GEOR20066,Pako Forever,2505,01/05/2023, 07:11:26,844
GEOR20066,Pako Forever,2505,01/05/2023, 08:16:25,844
GEOR20066,Pako Forever,2505,01/05/2023, 09:12:54,844
GEOR20066,Pako Forever,2505,01/05/2023, 10:13:32,844
GEOR20066,Pako Forever,2505,01/05/2023, 11:11:19,844
GEOR20066,Pako Forever,2506,01/05/2023, 12:22:56,844
GEOR20066,Pako Forever,2506,01/05/2023, 13:22:03,844
GEOR20066,Pako Forever,2506,01/05/2023, 14:12:14,844
GEOR20066,Pako Forever,2507,01/05/2023, 15:14:06,844
GEOR20066,Pako Forever,2507,01/05/2023, 16:18:37,844
GEOR20066,Pako Forever,2508,01/05/2023, 17:11:32,844
GEOR20066,Pako Forever,2508,01/05/2023, 18:15:26,844
GEOR20066,Pako Forever,2508,01/05/2023, 19:10:22,844
GEOR20066,Pako Forever,2509,01/05/2023, 20:13:19,844
GEOR20066,Pako Forever,2511,01/05/2023, 21:11:32,844
GEOR20066,Pako Forever,2511,01/05/2023, 22:12:12,844
GEOR20066,Pako Forever,2511,01/05/2023, 23:13:40,844
GEOR20066,Pako Forever,2511,01/06/2023, 01:00:44,844
GEOR20066,Pako Forever,2511,01/06/2023, 02:22:23,844
GEOR20066,Pako Forever,2511,01/06/2023, 03:13:34,844
GEOR20066,Pako Forever,2511,01/06/2023, 04:14:42,844
GEOR20066,Pako Forever,2511,01/06/2023, 05:11:40,844
GEOR20066,Pako Forever,2515,01/06/2023, 06:15:57,844
GEOR20066,Pako Forever,2516,01/06/2023, 07:11:42,844
GEOR20066,Pako Forever,2516,01/06/2023, 08:15:23,844
GEOR20066,Pako Forever,2516,01/06/2023, 09:12:15,844
GEOR20066,Pako Forever,2516,01/06/2023, 10:13:07,844
GEOR20066,Pako Forever,2516,01/06/2023, 11:11:03,844
GEOR20066,Pako Forever,2516,01/06/2023, 12:22:31,844
GEOR20066,Pako Forever,2516,01/06/2023, 13:18:57,844
GEOR20066,Pako Forever,2516,01/06/2023, 14:11:27,844
GEOR20066,Pako Forever,2516,01/06/2023, 15:13:28,844
GEOR20066,Pako Forever,2516,01/06/2023, 16:17:01,844
GEOR20066,Pako Forever,2516,01/06/2023, 17:12:08,844
GEOR20066,Pako Forever,2516,01/06/2023, 18:14:46,844
GEOR20066,Pako Forever,2516,01/06/2023, 19:10:24,844
GEOR20066,Pako Forever,2516,01/06/2023, 20:13:19,844
GEOR20066,Pako Forever,2517,01/06/2023, 21:10:55,844
GEOR20066,Pako Forever,2517,01/06/2023, 22:11:45,844
GEOR20066,Pako Forever,2517,01/06/2023, 23:12:17,844
GEOR20066,Pako Forever,2517,01/07/2023, 00:57:56,844
GEOR20066,Pako Forever,2518,01/07/2023, 02:14:15,844
GEOR20066,Pako Forever,2518,01/07/2023, 03:13:14,844
GEOR20066,Pako Forever,2518,01/07/2023, 04:14:13,844
GEOR20066,Pako Forever,2519,01/07/2023, 05:11:00,844
GEOR20066,Pako Forever,2520,01/07/2023, 06:14:21,844
GEOR20066,Pako Forever,2521,01/07/2023, 07:11:08,844
GEOR20066,Pako Forever,2521,01/07/2023, 08:14:39,844
GEOR20066,Pako Forever,2521,01/07/2023, 09:11:20,844
GEOR20066,Pako Forever,2521,01/07/2023, 10:11:48,844
GEOR20066,Pako Forever,2522,01/07/2023, 11:09:46,844
GEOR20066,Pako Forever,2522,01/07/2023, 12:20:00,844
GEOR20066,Pako Forever,2522,01/07/2023, 13:14:56,844
GEOR20066,Pako Forever,2522,01/07/2023, 14:10:24,844
GEOR20066,Pako Forever,2522,01/07/2023, 15:11:28,844
GEOR20066,Pako Forever,2522,01/07/2023, 16:15:00,844
GEOR20066,Pako Forever,2523,01/07/2023, 17:10:19,844
GEOR20066,Pako Forever,2523,01/07/2023, 18:13:51,844
GEOR20066,Pako Forever,2524,01/07/2023, 19:09:24,844
GEOR20066,Pako Forever,2525,01/07/2023, 20:12:17,844
GEOR20066,Pako Forever,2526,01/07/2023, 21:10:15,844
GEOR20066,Pako Forever,2526,01/07/2023, 22:10:56,844
GEOR20066,Pako Forever,2526,01/07/2023, 23:11:38,844
GEOR20066,Pako Forever,2527,01/08/2023, 01:03:22,844
GEOR20066,Pako Forever,2527,01/08/2023, 02:42:09,844
GEOR20066,Pako Forever,2528,01/08/2023, 03:13:16,844
GEOR20066,Pako Forever,2528,01/08/2023, 04:14:43,844
GEOR20066,Pako Forever,2530,01/08/2023, 05:11:08,844
GEOR20066,Pako Forever,2531,01/08/2023, 06:14:31,844
GEOR20066,Pako Forever,2531,01/08/2023, 07:10:40,844
GEOR20066,Pako Forever,2531,01/08/2023, 08:14:45,844
GEOR20066,Pako Forever,2531,01/08/2023, 09:11:33,844
GEOR20066,Pako Forever,2531,01/08/2023, 10:12:32,844
GEOR20066,Pako Forever,2531,01/08/2023, 11:09:44,844
GEOR20066,Pako Forever,2531,01/08/2023, 12:20:43,844
GEOR20066,Pako Forever,2531,01/08/2023, 13:15:47,844
GEOR20066,Pako Forever,2532,01/08/2023, 14:10:30,844
GEOR20066,Pako Forever,2532,01/08/2023, 15:11:59,844
GEOR20066,Pako Forever,2532,01/08/2023, 16:15:42,844
GEOR20066,Pako Forever,2532,01/08/2023, 17:10:29,844
GEOR20066,Pako Forever,2532,01/08/2023, 18:13:54,844
GEOR20066,Pako Forever,2533,01/08/2023, 19:09:48,844
GEOR20066,Pako Forever,2533,01/08/2023, 20:12:16,844
GEOR20066,Pako Forever,2534,01/08/2023, 21:10:31,844
GEOR20066,Pako Forever,2535,01/08/2023, 22:11:18,844
GEOR20066,Pako Forever,2535,01/08/2023, 23:12:06,844
GEOR20066,Pako Forever,2538,01/09/2023, 00:58:39,844
GEOR20066,Pako Forever,2539,01/09/2023, 02:16:05,844
GEOR20066,Pako Forever,2539,01/09/2023, 03:13:21,844
GEOR20066,Pako Forever,2540,01/09/2023, 04:15:05,844
GEOR20066,Pako Forever,2540,01/09/2023, 05:11:47,844
GEOR20066,Pako Forever,2540,01/09/2023, 06:15:51,844
GEOR20066,Pako Forever,2540,01/09/2023, 07:12:17,844
GEOR20066,Pako Forever,2540,01/09/2023, 08:16:32,844
GEOR20066,Pako Forever,2541,01/09/2023, 09:13:14,844
GEOR20066,Pako Forever,2542,01/09/2023, 10:14:22,844
GEOR20066,Pako Forever,2543,01/09/2023, 11:11:11,844
GEOR20066,Pako Forever,2543,01/09/2023, 12:23:52,844
GEOR20066,Pako Forever,2544,01/09/2023, 13:21:12,844
GEOR20066,Pako Forever,2545,01/09/2023, 14:14:44,844
GEOR20066,Pako Forever,2545,01/09/2023, 15:18:15,844
GEOR20066,Pako Forever,2547,01/09/2023, 16:21:49,844
GEOR20066,Pako Forever,2549,01/09/2023, 17:13:35,844
GEOR20066,Pako Forever,2549,01/09/2023, 18:15:54,844
GEOR20066,Pako Forever,2549,01/09/2023, 19:10:42,844
GEOR20066,Pako Forever,2553,01/09/2023, 20:14:12,844
GEOR20066,Pako Forever,2553,01/09/2023, 21:11:55,844
GEOR20066,Pako Forever,2554,01/09/2023, 22:12:11,844
GEOR20066,Pako Forever,2554,01/09/2023, 23:12:41,844
GEOR20066,Pako Forever,2556,01/10/2023, 01:02:02,844
GEOR20066,Pako Forever,2556,01/10/2023, 02:42:57,844
GEOR20066,Pako Forever,2556,01/10/2023, 03:14:02,844
GEOR20066,Pako Forever,2558,01/10/2023, 04:15:05,844
GEOR20066,Pako Forever,2558,01/10/2023, 05:11:56,844
GEOR20066,Pako Forever,2558,01/10/2023, 06:16:58,844
GEOR20066,Pako Forever,2558,01/10/2023, 07:11:29,844
GEOR20066,Pako Forever,2558,01/10/2023, 08:16:15,844
GEOR20066,Pako Forever,2558,01/10/2023, 09:12:39,844
GEOR20066,Pako Forever,2558,01/10/2023, 10:13:22,844
GEOR20066,Pako Forever,2558,01/10/2023, 11:11:29,844
GEOR20066,Pako Forever,2558,01/10/2023, 12:23:51,844
GEOR20066,Pako Forever,2558,01/10/2023, 13:21:10,844
GEOR20066,Pako Forever,2558,01/10/2023, 15:18:19,844
GEOR20066,Pako Forever,2559,01/10/2023, 16:18:41,844
GEOR20066,Pako Forever,2559,01/10/2023, 17:12:36,844
GEOR20066,Pako Forever,2559,01/10/2023, 18:15:13,844
GEOR20066,Pako Forever,2559,01/10/2023, 19:10:55,844
GEOR20066,Pako Forever,2560,01/10/2023, 20:13:04,844
GEOR20066,Pako Forever,2561,01/10/2023, 21:11:46,844
GEOR20066,Pako Forever,2561,01/10/2023, 22:12:34,844
GEOR20066,Pako Forever,2562,01/10/2023, 23:12:38,844
GEOR20066,Pako Forever,2563,01/11/2023, 01:00:17,844
GEOR20066,Pako Forever,2564,01/11/2023, 02:20:12,844
GEOR20066,Pako Forever,2564,01/11/2023, 03:13:00,844
GEOR20066,Pako Forever,2565,01/11/2023, 04:15:20,844
GEOR20066,Pako Forever,2567,01/11/2023, 05:11:58,844
GEOR20066,Pako Forever,2567,01/11/2023, 06:15:42,844
GEOR20066,Pako Forever,2567,01/11/2023, 07:11:56,844
GEOR20066,Pako Forever,2567,01/11/2023, 08:16:36,844
GEOR20066,Pako Forever,2567,01/11/2023, 09:14:38,844
GEOR20066,Pako Forever,2567,01/11/2023, 10:16:10,844
GEOR20066,Pako Forever,2567,01/11/2023, 11:10:57,844
GEOR20066,Pako Forever,2567,01/11/2023, 12:23:42,844
GEOR20066,Pako Forever,2568,01/11/2023, 13:23:09,844
GEOR20066,Pako Forever,2568,01/11/2023, 14:15:22,844
GEOR20066,Pako Forever,2568,01/11/2023, 15:24:30,844
GEOR20066,Pako Forever,2569,01/11/2023, 16:22:57,844
GEOR20066,Pako Forever,2570,01/11/2023, 17:17:16,844
GEOR20066,Pako Forever,2571,01/11/2023, 18:18:11,844
GEOR20066,Pako Forever,2571,01/11/2023, 19:11:10,844
GEOR20066,Pako Forever,2571,01/11/2023, 20:12:58,844
GEOR20066,Pako Forever,2571,01/11/2023, 21:12:00,844
GEOR20066,Pako Forever,2572,01/11/2023, 22:13:11,844
GEOR20066,Pako Forever,2572,01/11/2023, 23:13:34,844
GEOR20066,Pako Forever,2574,01/12/2023, 01:01:08,844
GEOR20066,Pako Forever,2575,01/12/2023, 02:19:43,844
GEOR20066,Pako Forever,2576,01/12/2023, 03:13:16,844
GEOR20066,Pako Forever,2576,01/12/2023, 04:14:58,844
GEOR20066,Pako Forever,2576,01/12/2023, 05:11:53,844
GEOR20066,Pako Forever,2577,01/12/2023, 06:15:55,844
GEOR20066,Pako Forever,2577,01/12/2023, 07:11:55,844
GEOR20066,Pako Forever,2579,01/12/2023, 08:16:50,844
GEOR20066,Pako Forever,2580,01/12/2023, 09:14:13,844
GEOR20066,Pako Forever,2580,01/12/2023, 10:14:57,844
GEOR20066,Pako Forever,2580,01/12/2023, 11:14:57,844
GEOR20066,Pako Forever,2580,01/12/2023, 12:25:38,844
GEOR20066,Pako Forever,2580,01/12/2023, 13:26:33,844
GEOR20066,Pako Forever,2581,01/12/2023, 14:15:57,844
GEOR20066,Pako Forever,2582,01/12/2023, 15:20:11,844
GEOR20066,Pako Forever,2582,01/12/2023, 16:31:20,844
GEOR20066,Pako Forever,2583,01/12/2023, 17:24:42,844
GEOR20066,Pako Forever,2583,01/12/2023, 18:16:25,844
GEOR20066,Pako Forever,2583,01/12/2023, 19:10:51,844
GEOR20066,Pako Forever,2584,01/12/2023, 20:14:12,844
GEOR20066,Pako Forever,2585,01/12/2023, 21:11:51,844
GEOR20066,Pako Forever,2585,01/12/2023, 22:12:37,844
GEOR20066,Pako Forever,2587,01/12/2023, 23:13:27,844
GEOR20066,Pako Forever,2587,01/13/2023, 01:01:05,844
GEOR20066,Pako Forever,2588,01/13/2023, 02:24:54,844
GEOR20066,Pako Forever,2589,01/13/2023, 03:14:52,844
GEOR20066,Pako Forever,2589,01/13/2023, 04:15:20,844
GEOR20066,Pako Forever,2591,01/13/2023, 05:11:51,844
GEOR20066,Pako Forever,2592,01/13/2023, 06:16:04,844
GEOR20066,Pako Forever,2592,01/13/2023, 07:11:38,844
GEOR20066,Pako Forever,2592,01/13/2023, 08:16:08,844
GEOR20066,Pako Forever,2592,01/13/2023, 09:13:56,844
GEOR20066,Pako Forever,2593,01/13/2023, 10:14:35,844
GEOR20066,Pako Forever,2593,01/13/2023, 11:10:49,844
GEOR20066,Pako Forever,2593,01/13/2023, 12:22:49,844
GEOR20066,Pako Forever,2593,01/13/2023, 13:20:18,844
GEOR20066,Pako Forever,2593,01/13/2023, 14:12:36,844
GEOR20066,Pako Forever,2594,01/13/2023, 15:13:42,844
GEOR20066,Pako Forever,2596,01/13/2023, 16:19:39,844
GEOR20066,Pako Forever,2596,01/13/2023, 17:11:31,844
GEOR20066,Pako Forever,2597,01/13/2023, 18:14:54,844
GEOR20066,Pako Forever,2598,01/13/2023, 19:10:04,844
GEOR20066,Pako Forever,2598,01/13/2023, 20:13:13,844
GEOR20066,Pako Forever,2598,01/13/2023, 21:11:05,844
GEOR20066,Pako Forever,2601,01/13/2023, 22:11:01,844
GEOR20066,Pako Forever,2601,01/13/2023, 23:12:15,844
GEOR20066,Pako Forever,2603,01/14/2023, 00:56:58,844
GEOR20066,Pako Forever,2604,01/14/2023, 02:09:07,844
GEOR20066,Pako Forever,2605,01/14/2023, 03:13:09,844
GEOR20066,Pako Forever,2605,01/14/2023, 04:14:08,844
GEOR20066,Pako Forever,2606,01/14/2023, 05:10:56,844
GEOR20066,Pako Forever,2606,01/14/2023, 06:14:12,844
GEOR20066,Pako Forever,2607,01/14/2023, 07:10:46,844
GEOR20066,Pako Forever,2607,01/14/2023, 08:14:52,844
GEOR20066,Pako Forever,2607,01/14/2023, 09:11:21,844
GEOR20066,Pako Forever,2607,01/14/2023, 10:12:24,844
GEOR20066,Pako Forever,2607,01/14/2023, 11:09:32,844
GEOR20066,Pako Forever,2607,01/14/2023, 12:20:17,844
GEOR20066,Pako Forever,2607,01/14/2023, 13:14:47,844
GEOR20066,Pako Forever,2609,01/14/2023, 14:10:42,844
GEOR20066,Pako Forever,2609,01/14/2023, 15:11:28,844
GEOR20066,Pako Forever,2610,01/14/2023, 16:14:57,844
GEOR20066,Pako Forever,2611,01/14/2023, 17:10:32,844
GEOR20066,Pako Forever,2612,01/14/2023, 18:13:48,844
GEOR20066,Pako Forever,2612,01/14/2023, 19:09:25,844
GEOR20066,Pako Forever,2613,01/14/2023, 20:11:37,844
GEOR20066,Pako Forever,2613,01/14/2023, 21:10:17,844
GEOR20066,Pako Forever,2613,01/14/2023, 22:11:01,844
GEOR20066,Pako Forever,2613,01/14/2023, 23:11:42,844
GEOR20066,Pako Forever,2615,01/15/2023, 01:02:55,844
GEOR20066,Pako Forever,2615,01/15/2023, 02:41:02,844
GEOR20066,Pako Forever,2615,01/15/2023, 03:13:13,844
GEOR20066,Pako Forever,2616,01/15/2023, 04:14:17,844
GEOR20066,Pako Forever,2616,01/15/2023, 05:11:09,844
GEOR20066,Pako Forever,2616,01/15/2023, 06:14:37,844
GEOR20066,Pako Forever,2617,01/15/2023, 07:10:40,844
GEOR20066,Pako Forever,2617,01/15/2023, 08:14:49,844
GEOR20066,Pako Forever,2617,01/15/2023, 09:11:21,844
GEOR20066,Pako Forever,2618,01/15/2023, 10:12:08,844
GEOR20066,Pako Forever,2619,01/15/2023, 11:09:57,844
GEOR20066,Pako Forever,2620,01/15/2023, 12:20:10,844
GEOR20066,Pako Forever,2620,01/15/2023, 13:15:18,844
GEOR20066,Pako Forever,2620,01/15/2023, 14:10:46,844
GEOR20066,Pako Forever,2620,01/15/2023, 15:11:41,844
GEOR20066,Pako Forever,2620,01/15/2023, 16:14:59,844
GEOR20066,Pako Forever,2620,01/15/2023, 17:10:34,844
GEOR20066,Pako Forever,2622,01/15/2023, 18:13:54,844
GEOR20066,Pako Forever,2623,01/15/2023, 19:09:46,844
GEOR20066,Pako Forever,2625,01/15/2023, 20:12:08,844
GEOR20066,Pako Forever,2627,01/15/2023, 21:10:33,844
GEOR20066,Pako Forever,2627,01/15/2023, 22:11:12,844
GEOR20066,Pako Forever,2627,01/15/2023, 23:12:26,844
GEOR20066,Pako Forever,2627,01/16/2023, 00:59:12,844
GEOR20066,Pako Forever,2627,01/16/2023, 02:18:41,844
GEOR20066,Pako Forever,2629,01/16/2023, 03:13:04,844
GEOR20066,Pako Forever,2629,01/16/2023, 04:15:16,844
GEOR20066,Pako Forever,2629,01/16/2023, 05:11:47,844
GEOR20066,Pako Forever,2629,01/16/2023, 06:16:21,844
GEOR20066,Pako Forever,2629,01/16/2023, 07:12:03,844
GEOR20066,Pako Forever,2629,01/16/2023, 08:16:28,844
GEOR20066,Pako Forever,2630,01/16/2023, 09:12:54,844
GEOR20066,Pako Forever,2631,01/16/2023, 10:13:45,844
GEOR20066,Pako Forever,2631,01/16/2023, 11:10:49,844
GEOR20066,Pako Forever,2631,01/16/2023, 12:23:03,844
GEOR20066,Pako Forever,2631,01/16/2023, 13:21:19,844
GEOR20066,Pako Forever,2631,01/16/2023, 14:12:07,844
GEOR20066,Pako Forever,2631,01/16/2023, 15:13:07,844
GEOR20066,Pako Forever,2631,01/16/2023, 16:16:19,844
GEOR20066,Pako Forever,2631,01/16/2023, 17:11:26,844
GEOR20066,Pako Forever,2633,01/16/2023, 18:14:35,844
GEOR20066,Pako Forever,2633,01/16/2023, 19:10:04,844
GEOR20066,Pako Forever,2634,01/16/2023, 20:12:31,844
GEOR20066,Pako Forever,2634,01/16/2023, 21:10:59,844
GEOR20066,Pako Forever,2635,01/16/2023, 22:11:41,844
GEOR20066,Pako Forever,2636,01/16/2023, 23:12:13,844
GEOR20066,Pako Forever,2637,01/17/2023, 00:59:34,844
GEOR20066,Pako Forever,2637,01/17/2023, 02:17:53,844
GEOR20066,Pako Forever,2638,01/17/2023, 03:13:08,844
GEOR20066,Pako Forever,2638,01/17/2023, 04:14:51,844
GEOR20066,Pako Forever,2638,01/17/2023, 05:11:27,844
GEOR20066,Pako Forever,2638,01/17/2023, 06:15:29,844
GEOR20066,Pako Forever,2639,01/17/2023, 07:11:38,844
GEOR20066,Pako Forever,2639,01/17/2023, 08:16:18,844
GEOR20066,Pako Forever,2639,01/17/2023, 09:12:18,844
GEOR20066,Pako Forever,2639,01/17/2023, 10:13:30,844
GEOR20066,Pako Forever,2639,01/17/2023, 11:10:44,844
GEOR20066,Pako Forever,2639,01/17/2023, 12:25:56,844
GEOR20066,Pako Forever,2639,01/17/2023, 13:19:42,844
GEOR20066,Pako Forever,2641,01/17/2023, 14:11:23,844
GEOR20066,Pako Forever,2641,01/17/2023, 15:12:46,844
GEOR20066,Pako Forever,2642,01/17/2023, 16:16:08,844
GEOR20066,Pako Forever,2642,01/17/2023, 17:11:20,844
GEOR20066,Pako Forever,2643,01/17/2023, 18:15:04,844
GEOR20066,Pako Forever,2644,01/17/2023, 19:10:09,844
GEOR20066,Pako Forever,2644,01/17/2023, 20:12:11,844
GEOR20066,Pako Forever,2644,01/17/2023, 21:11:19,844
GEOR20066,Pako Forever,2644,01/17/2023, 22:12:15,844
GEOR20066,Pako Forever,2645,01/17/2023, 23:12:20,844
GEOR20066,Pako Forever,2645,01/18/2023, 01:02:12,844
GEOR20066,Pako Forever,2645,01/18/2023, 02:41:52,844
GEOR20066,Pako Forever,2645,01/18/2023, 03:14:15,844
GEOR20066,Pako Forever,2645,01/18/2023, 04:14:57,844
GEOR20066,Pako Forever,2645,01/18/2023, 05:12:01,844
GEOR20066,Pako Forever,2646,01/18/2023, 06:16:15,844
GEOR20066,Pako Forever,2646,01/18/2023, 07:11:51,844
GEOR20066,Pako Forever,2646,01/18/2023, 08:16:01,844
GEOR20066,Pako Forever,2646,01/18/2023, 09:12:41,844
GEOR20066,Pako Forever,2646,01/18/2023, 10:13:45,844
GEOR20066,Pako Forever,2646,01/18/2023, 11:10:56,844
GEOR20066,Pako Forever,2646,01/18/2023, 12:22:51,844
GEOR20066,Pako Forever,2646,01/18/2023, 13:19:20,844
GEOR20066,Pako Forever,2646,01/18/2023, 14:11:34,844
GEOR20066,Pako Forever,2649,01/18/2023, 15:12:58,844
GEOR20066,Pako Forever,2649,01/18/2023, 16:16:29,844
GEOR20066,Pako Forever,2649,01/18/2023, 17:11:09,844
GEOR20066,Pako Forever,2649,01/18/2023, 18:14:48,844
GEOR20066,Pako Forever,2649,01/18/2023, 19:10:10,844
GEOR20066,Pako Forever,2650,01/18/2023, 20:12:32,844
GEOR20066,Pako Forever,2650,01/18/2023, 21:13:06,844
GEOR20066,Pako Forever,2650,01/18/2023, 22:12:12,844
GEOR20066,Pako Forever,2651,01/18/2023, 23:12:49,844
GEOR20066,Pako Forever,2652,01/19/2023, 01:01:22,844
GEOR20066,Pako Forever,2652,01/19/2023, 02:24:55,844
GEOR20066,Pako Forever,2652,01/19/2023, 03:15:04,844
GEOR20066,Pako Forever,2652,01/19/2023, 04:15:33,844
GEOR20066,Pako Forever,2652,01/19/2023, 05:12:09,844
GEOR20066,Pako Forever,2653,01/19/2023, 06:15:43,844
GEOR20066,Pako Forever,2654,01/19/2023, 07:11:41,844
GEOR20066,Pako Forever,2654,01/19/2023, 08:16:03,844
GEOR20066,Pako Forever,2654,01/19/2023, 09:13:15,844
GEOR20066,Pako Forever,2655,01/19/2023, 10:13:52,844
GEOR20066,Pako Forever,2656,01/19/2023, 11:11:04,844
GEOR20066,Pako Forever,2656,01/19/2023, 12:23:41,844
GEOR20066,Pako Forever,2656,01/19/2023, 13:21:26,844
GEOR20066,Pako Forever,2657,01/19/2023, 14:12:25,844
GEOR20066,Pako Forever,2657,01/19/2023, 15:13:55,844
GEOR20066,Pako Forever,2657,01/19/2023, 16:16:58,844
GEOR20066,Pako Forever,2657,01/19/2023, 17:12:22,844
GEOR20066,Pako Forever,2657,01/19/2023, 18:15:34,844
GEOR20066,Pako Forever,2658,01/19/2023, 19:10:28,844
GEOR20066,Pako Forever,2658,01/19/2023, 20:13:10,844
GEOR20066,Pako Forever,2658,01/19/2023, 21:11:05,844
GEOR20066,Pako Forever,2658,01/19/2023, 22:12:13,844
GEOR20066,Pako Forever,2658,01/19/2023, 23:13:11,844
GEOR20066,Pako Forever,2659,01/20/2023, 01:01:16,844
GEOR20066,Pako Forever,2660,01/20/2023, 02:24:51,844
GEOR20066,Pako Forever,2661,01/20/2023, 03:15:40,844
GEOR20066,Pako Forever,2661,01/20/2023, 04:15:03,844
GEOR20066,Pako Forever,2663,01/20/2023, 05:12:04,844
GEOR20066,Pako Forever,2663,01/20/2023, 06:16:03,844
GEOR20066,Pako Forever,2664,01/20/2023, 07:11:43,844
GEOR20066,Pako Forever,2664,01/20/2023, 08:15:50,844
GEOR20066,Pako Forever,2665,01/20/2023, 09:12:44,844
GEOR20066,Pako Forever,2665,01/20/2023, 10:13:40,844
GEOR20066,Pako Forever,2666,01/20/2023, 11:10:52,844
GEOR20066,Pako Forever,2666,01/20/2023, 12:23:40,844
GEOR20066,Pako Forever,2667,01/20/2023, 13:20:20,844
GEOR20066,Pako Forever,2668,01/20/2023, 14:12:05,844
GEOR20066,Pako Forever,2668,01/20/2023, 15:13:15,844
GEOR20066,Pako Forever,2668,01/20/2023, 16:16:46,844
GEOR20066,Pako Forever,2668,01/20/2023, 17:11:56,844
GEOR20066,Pako Forever,2669,01/20/2023, 18:15:05,844
GEOR20066,Pako Forever,2671,01/20/2023, 19:10:12,844
GEOR20066,Pako Forever,2671,01/20/2023, 20:13:10,844
GEOR20066,Pako Forever,2672,01/20/2023, 21:11:04,844
GEOR20066,Pako Forever,2672,01/20/2023, 22:11:49,844
GEOR20066,Pako Forever,2674,01/20/2023, 23:12:00,844
GEOR20066,Pako Forever,2675,01/21/2023, 01:00:07,844
GEOR20066,Pako Forever,2677,01/21/2023, 02:17:11,844
GEOR20066,Pako Forever,2678,01/21/2023, 03:13:16,844
GEOR20066,Pako Forever,2678,01/21/2023, 04:14:21,844
GEOR20066,Pako Forever,2678,01/21/2023, 05:11:07,844
GEOR20066,Pako Forever,2678,01/21/2023, 06:14:25,844
GEOR20066,Pako Forever,2678,01/21/2023, 07:10:40,844
GEOR20066,Pako Forever,2678,01/21/2023, 08:14:39,844
GEOR20066,Pako Forever,2678,01/21/2023, 09:11:25,844
GEOR20066,Pako Forever,2678,01/21/2023, 10:11:49,844
GEOR20066,Pako Forever,2678,01/21/2023, 11:10:00,844
GEOR20066,Pako Forever,2678,01/21/2023, 12:20:17,844
GEOR20066,Pako Forever,2679,01/21/2023, 13:15:15,844
GEOR20066,Pako Forever,2679,01/21/2023, 14:10:25,844
GEOR20066,Pako Forever,2679,01/21/2023, 15:11:35,844
GEOR20066,Pako Forever,2679,01/21/2023, 16:15:02,844
GEOR20066,Pako Forever,2679,01/21/2023, 17:10:22,844
GEOR20066,Pako Forever,2680,01/21/2023, 18:13:42,844
GEOR20066,Pako Forever,2681,01/21/2023, 19:09:22,844
GEOR20066,Pako Forever,2685,01/21/2023, 20:12:04,844
GEOR20066,Pako Forever,2686,01/21/2023, 21:10:28,844
GEOR20066,Pako Forever,2687,01/21/2023, 22:10:53,844
GEOR20066,Pako Forever,2687,01/21/2023, 23:11:46,844
GEOR20066,Pako Forever,2687,01/22/2023, 01:02:56,844
GEOR20066,Pako Forever,2688,01/22/2023, 02:42:05,844
GEOR20066,Pako Forever,2688,01/22/2023, 03:13:21,844
GEOR20066,Pako Forever,2690,01/22/2023, 04:14:33,844
GEOR20066,Pako Forever,2690,01/22/2023, 05:11:19,844
GEOR20066,Pako Forever,2690,01/22/2023, 06:14:28,844
GEOR20066,Pako Forever,2692,01/22/2023, 07:10:45,844
GEOR20066,Pako Forever,2693,01/22/2023, 08:14:50,844
GEOR20066,Pako Forever,2694,01/22/2023, 09:11:12,844
GEOR20066,Pako Forever,2694,01/22/2023, 10:11:56,844
GEOR20066,Pako Forever,2694,01/22/2023, 11:10:17,844
GEOR20066,Pako Forever,2694,01/22/2023, 12:20:38,844
GEOR20066,Pako Forever,2696,01/22/2023, 13:15:46,844
GEOR20066,Pako Forever,2696,01/22/2023, 14:10:20,844
GEOR20066,Pako Forever,2699,01/22/2023, 15:11:27,844
GEOR20066,Pako Forever,2701,01/22/2023, 16:14:51,844
GEOR20066,Pako Forever,2702,01/22/2023, 17:10:51,844
GEOR20066,Pako Forever,2702,01/22/2023, 18:14:06,844
GEOR20066,Pako Forever,2703,01/22/2023, 19:09:31,844
GEOR20066,Pako Forever,2704,01/22/2023, 20:12:21,844
GEOR20066,Pako Forever,2707,01/22/2023, 22:11:06,844
GEOR20066,Pako Forever,2708,01/22/2023, 23:12:00,844
GEOR20066,Pako Forever,2711,01/23/2023, 00:58:35,844
GEOR20066,Pako Forever,2712,01/23/2023, 02:16:07,844
GEOR20066,Pako Forever,2712,01/23/2023, 03:13:20,844
GEOR20066,Pako Forever,2714,01/23/2023, 04:15:05,844
GEOR20066,Pako Forever,2716,01/23/2023, 05:11:49,844
GEOR20066,Pako Forever,2716,01/23/2023, 06:15:08,844
GEOR20066,Pako Forever,2718,01/23/2023, 07:11:41,844
GEOR20066,Pako Forever,2718,01/23/2023, 08:16:10,844
GEOR20066,Pako Forever,2718,01/23/2023, 09:12:52,844
GEOR20066,Pako Forever,2718,01/23/2023, 10:13:30,844
GEOR20066,Pako Forever,2718,01/23/2023, 11:10:52,844
GEOR20066,Pako Forever,2720,01/23/2023, 12:22:27,844
GEOR20066,Pako Forever,2720,01/23/2023, 13:20:26,844
GEOR20066,Pako Forever,2720,01/23/2023, 14:12:05,844
GEOR20066,Pako Forever,2720,01/23/2023, 15:13:22,844
GEOR20066,Pako Forever,2722,01/23/2023, 16:16:31,844
GEOR20066,Pako Forever,2722,01/23/2023, 17:12:15,844
GEOR20066,Pako Forever,2723,01/23/2023, 18:14:06,844
GEOR20066,Pako Forever,2724,01/23/2023, 19:10:14,844
GEOR20066,Pako Forever,2724,01/23/2023, 20:12:55,844
GEOR20066,Pako Forever,2726,01/23/2023, 21:11:13,844
GEOR20066,Pako Forever,2727,01/23/2023, 22:11:39,844
GEOR20066,Pako Forever,2728,01/23/2023, 23:12:04,844
GEOR20066,Pako Forever,2728,01/24/2023, 01:01:48,844
GEOR20066,Pako Forever,2730,01/24/2023, 02:36:31,844
GEOR20066,Pako Forever,2730,01/24/2023, 03:13:13,844
GEOR20066,Pako Forever,2731,01/24/2023, 04:15:02,844
GEOR20066,Pako Forever,2731,01/24/2023, 05:11:07,844
GEOR20066,Pako Forever,2733,01/24/2023, 06:15:03,844
GEOR20066,Pako Forever,2735,01/24/2023, 07:11:30,844
GEOR20066,Pako Forever,2735,01/24/2023, 08:15:46,844
GEOR20066,Pako Forever,2735,01/24/2023, 09:12:17,844
GEOR20066,Pako Forever,2736,01/24/2023, 10:12:48,844
GEOR20066,Pako Forever,2736,01/24/2023, 11:10:24,844
GEOR20066,Pako Forever,2737,01/24/2023, 12:24:28,844
GEOR20066,Pako Forever,2737,01/24/2023, 13:18:57,844
GEOR20066,Pako Forever,2737,01/24/2023, 14:11:37,844
GEOR20066,Pako Forever,2738,01/24/2023, 15:12:33,844
GEOR20066,Pako Forever,2738,01/24/2023, 16:16:37,844
GEOR20066,Pako Forever,2738,01/24/2023, 17:11:11,844
GEOR20066,Pako Forever,2739,01/24/2023, 18:14:41,844
GEOR20066,Pako Forever,2740,01/24/2023, 19:10:06,844
GEOR20066,Pako Forever,2740,01/24/2023, 20:12:48,844
GEOR20066,Pako Forever,2741,01/24/2023, 21:10:55,844
GEOR20066,Pako Forever,2742,01/24/2023, 22:11:28,844
GEOR20066,Pako Forever,2742,01/24/2023, 23:12:12,844
GEOR20066,Pako Forever,2744,01/25/2023, 00:58:18,844
GEOR20066,Pako Forever,2745,01/25/2023, 02:16:18,844
GEOR20066,Pako Forever,2745,01/25/2023, 03:13:17,844
GEOR20066,Pako Forever,2746,01/25/2023, 04:14:43,844
GEOR20066,Pako Forever,2748,01/25/2023, 05:11:33,844
GEOR20066,Pako Forever,2749,01/25/2023, 06:15:35,844
GEOR20066,Pako Forever,2750,01/25/2023, 07:16:08,844
GEOR20066,Pako Forever,2751,01/25/2023, 08:15:18,844
GEOR20066,Pako Forever,2751,01/25/2023, 09:12:02,844
GEOR20066,Pako Forever,2752,01/25/2023, 10:13:05,844
GEOR20066,Pako Forever,2753,01/25/2023, 11:10:33,844
GEOR20066,Pako Forever,2754,01/25/2023, 12:24:40,844
GEOR20066,Pako Forever,2754,01/25/2023, 13:19:05,844
GEOR20066,Pako Forever,2754,01/25/2023, 14:11:31,844
GEOR20066,Pako Forever,2755,01/25/2023, 15:12:48,844
GEOR20066,Pako Forever,2755,01/25/2023, 16:16:36,844
GEOR20066,Pako Forever,2757,01/25/2023, 17:11:12,844
GEOR20066,Pako Forever,2757,01/25/2023, 18:13:45,844
GEOR20066,Pako Forever,2758,01/25/2023, 19:10:01,844
GEOR20066,Pako Forever,2759,01/25/2023, 20:13:01,844
GEOR20066,Pako Forever,2759,01/25/2023, 21:09:31,844
GEOR20066,Pako Forever,2759,01/25/2023, 22:12:29,844
GEOR20066,Pako Forever,2760,01/25/2023, 23:12:34,844
GEOR20066,Pako Forever,2760,01/26/2023, 00:59:03,844
GEOR20066,Pako Forever,2760,01/26/2023, 02:16:55,844
GEOR20066,Pako Forever,2761,01/26/2023, 03:13:29,844
GEOR20066,Pako Forever,2761,01/26/2023, 04:14:53,844
GEOR20066,Pako Forever,2761,01/26/2023, 05:11:50,844
GEOR20066,Pako Forever,2761,01/26/2023, 06:15:36,844
GEOR20066,Pako Forever,2761,01/26/2023, 07:11:54,844
GEOR20066,Pako Forever,2762,01/26/2023, 08:15:34,844
GEOR20066,Pako Forever,2762,01/26/2023, 09:12:20,844
GEOR20066,Pako Forever,2762,01/26/2023, 10:13:26,844
GEOR20066,Pako Forever,2762,01/26/2023, 11:10:36,844
GEOR20066,Pako Forever,2763,01/26/2023, 12:24:35,844
GEOR20066,Pako Forever,2763,01/26/2023, 13:20:58,844
GEOR20066,Pako Forever,2763,01/26/2023, 14:11:18,844
GEOR20066,Pako Forever,2763,01/26/2023, 15:12:39,844
GEOR20066,Pako Forever,2765,01/26/2023, 16:15:14,844
GEOR20066,Pako Forever,2765,01/26/2023, 17:11:16,844
GEOR20066,Pako Forever,2766,01/26/2023, 18:14:40,844
GEOR20066,Pako Forever,2766,01/26/2023, 19:10:11,844
GEOR20066,Pako Forever,2766,01/26/2023, 20:12:13,844
GEOR20066,Pako Forever,2766,01/26/2023, 21:10:58,844
GEOR20066,Pako Forever,2767,01/26/2023, 22:11:50,844
GEOR20066,Pako Forever,2768,01/26/2023, 23:13:09,844
GEOR20066,Pako Forever,2769,01/27/2023, 01:01:39,844
GEOR20066,Pako Forever,2770,01/27/2023, 02:41:12,844
GEOR20066,Pako Forever,2770,01/27/2023, 03:13:18,844
GEOR20066,Pako Forever,2770,01/27/2023, 04:15:02,844
GEOR20066,Pako Forever,2770,01/27/2023, 05:11:27,844
GEOR20066,Pako Forever,2772,01/27/2023, 06:15:32,844
GEOR20066,Pako Forever,2772,01/27/2023, 07:11:40,844
GEOR20066,Pako Forever,2773,01/27/2023, 08:15:39,844
GEOR20066,Pako Forever,2773,01/27/2023, 09:12:20,844
GEOR20066,Pako Forever,2773,01/27/2023, 10:13:02,844
GEOR20066,Pako Forever,2774,01/27/2023, 11:10:51,844
GEOR20066,Pako Forever,2774,01/27/2023, 12:21:45,844
GEOR20066,Pako Forever,2774,01/27/2023, 13:18:32,844
GEOR20066,Pako Forever,2775,01/27/2023, 14:11:33,844
GEOR20066,Pako Forever,2775,01/27/2023, 15:12:48,844
GEOR20066,Pako Forever,2775,01/27/2023, 16:16:08,844
GEOR20066,Pako Forever,2775,01/27/2023, 17:11:31,844
GEOR20066,Pako Forever,2776,01/27/2023, 18:14:58,844
GEOR20066,Pako Forever,2776,01/27/2023, 19:10:08,844
GEOR20066,Pako Forever,2776,01/27/2023, 20:12:47,844
GEOR20066,Pako Forever,2776,01/27/2023, 21:10:50,844
GEOR20066,Pako Forever,2776,01/27/2023, 22:11:50,844
GEOR20066,Pako Forever,2778,01/27/2023, 23:12:08,844
GEOR20066,Pako Forever,2781,01/28/2023, 01:00:10,844
GEOR20066,Pako Forever,2784,01/28/2023, 02:20:51,844
GEOR20066,Pako Forever,2784,01/28/2023, 03:12:57,844
GEOR20066,Pako Forever,2784,01/28/2023, 04:14:28,844
GEOR20066,Pako Forever,2785,01/28/2023, 05:11:04,844
GEOR20066,Pako Forever,2785,01/28/2023, 06:14:29,844
GEOR20066,Pako Forever,2785,01/28/2023, 07:10:46,844
GEOR20066,Pako Forever,2785,01/28/2023, 08:14:33,844
GEOR20066,Pako Forever,2785,01/28/2023, 09:12:00,844
GEOR20066,Pako Forever,2786,01/28/2023, 10:12:29,844
GEOR20066,Pako Forever,2786,01/28/2023, 11:09:54,844
GEOR20066,Pako Forever,2787,01/28/2023, 12:20:35,844
GEOR20066,Pako Forever,2790,01/28/2023, 13:15:58,844
GEOR20066,Pako Forever,2790,01/28/2023, 14:10:43,844
GEOR20066,Pako Forever,2792,01/28/2023, 15:11:40,844
GEOR20066,Pako Forever,2792,01/28/2023, 16:14:52,844
GEOR20066,Pako Forever,2792,01/28/2023, 17:10:47,844
GEOR20066,Pako Forever,2794,01/28/2023, 18:13:44,844
GEOR20066,Pako Forever,2794,01/28/2023, 19:09:39,844
GEOR20066,Pako Forever,2795,01/28/2023, 20:11:54,844
GEOR20066,Pako Forever,2795,01/28/2023, 21:10:37,844
GEOR20066,Pako Forever,2796,01/28/2023, 22:11:03,844
GEOR20066,Pako Forever,2797,01/28/2023, 23:11:40,844
GEOR20066,Pako Forever,2798,01/29/2023, 01:05:05,844
GEOR20066,Pako Forever,2799,01/29/2023, 02:43:40,844
GEOR20066,Pako Forever,2800,01/29/2023, 03:14:01,844
GEOR20066,Pako Forever,2800,01/29/2023, 04:14:15,844
GEOR20066,Pako Forever,2800,01/29/2023, 05:11:19,844
GEOR20066,Pako Forever,2800,01/29/2023, 06:14:18,844
GEOR20066,Pako Forever,2801,01/29/2023, 07:10:47,844
GEOR20066,Pako Forever,2801,01/29/2023, 08:14:38,844
GEOR20066,Pako Forever,2801,01/29/2023, 09:11:17,844
GEOR20066,Pako Forever,2801,01/29/2023, 10:11:56,844
GEOR20066,Pako Forever,2801,01/29/2023, 11:10:01,844
GEOR20066,Pako Forever,2801,01/29/2023, 12:20:48,844
GEOR20066,Pako Forever,2801,01/29/2023, 13:15:23,844
GEOR20066,Pako Forever,2802,01/29/2023, 14:10:46,844
GEOR20066,Pako Forever,2803,01/29/2023, 15:11:49,844
GEOR20066,Pako Forever,2804,01/29/2023, 16:14:50,844
GEOR20066,Pako Forever,2805,01/29/2023, 17:10:48,844
GEOR20066,Pako Forever,2808,01/29/2023, 18:13:45,844
GEOR20066,Pako Forever,2809,01/29/2023, 19:09:54,844
GEOR20066,Pako Forever,2809,01/29/2023, 20:12:26,844
GEOR20066,Pako Forever,2810,01/29/2023, 21:10:25,844
GEOR20066,Pako Forever,2812,01/29/2023, 22:11:23,844
GEOR20066,Pako Forever,2812,01/29/2023, 23:12:25,844
GEOR20066,Pako Forever,2814,01/30/2023, 00:56:54,844
GEOR20066,Pako Forever,2814,01/30/2023, 02:12:47,844
GEOR20066,Pako Forever,2814,01/30/2023, 03:13:35,844
GEOR20066,Pako Forever,2814,01/30/2023, 04:14:51,844
GEOR20066,Pako Forever,2814,01/30/2023, 05:12:08,844
GEOR20066,Pako Forever,2814,01/30/2023, 06:16:20,844
GEOR20066,Pako Forever,2814,01/30/2023, 07:11:52,844
GEOR20066,Pako Forever,2815,01/30/2023, 08:16:20,844
GEOR20066,Pako Forever,2815,01/30/2023, 09:13:13,844
GEOR20066,Pako Forever,2815,01/30/2023, 10:13:38,844
GEOR20066,Pako Forever,2815,01/30/2023, 11:10:44,844
GEOR20066,Pako Forever,2815,01/30/2023, 12:22:57,844
GEOR20066,Pako Forever,2815,01/30/2023, 13:22:24,844
GEOR20066,Pako Forever,2816,01/30/2023, 14:11:53,844
GEOR20066,Pako Forever,2817,01/30/2023, 15:13:25,844
GEOR20066,Pako Forever,2817,01/30/2023, 16:16:40,844
GEOR20066,Pako Forever,2817,01/30/2023, 17:12:18,844
GEOR20066,Pako Forever,2817,01/30/2023, 18:15:16,844
GEOR20066,Pako Forever,2817,01/30/2023, 19:10:28,844
GEOR20066,Pako Forever,2817,01/30/2023, 20:12:55,844
GEOR20066,Pako Forever,2818,01/30/2023, 21:11:07,844
GEOR20066,Pako Forever,2818,01/30/2023, 22:11:43,844
GEOR20066,Pako Forever,2821,01/30/2023, 23:13:03,844
GEOR20066,Pako Forever,2823,01/31/2023, 01:02:45,844
GEOR20066,Pako Forever,2823,01/31/2023, 02:43:29,844
GEOR20066,Pako Forever,2823,01/31/2023, 03:14:45,844
GEOR20066,Pako Forever,2825,01/31/2023, 04:15:03,844
GEOR20066,Pako Forever,2825,01/31/2023, 05:11:33,844
GEOR20066,Pako Forever,2826,01/31/2023, 06:16:24,844
GEOR20066,Pako Forever,2826,01/31/2023, 07:11:29,844
GEOR20066,Pako Forever,2826,01/31/2023, 08:16:11,844
GEOR20066,Pako Forever,2827,01/31/2023, 09:12:45,844
GEOR20066,Pako Forever,2828,01/31/2023, 10:13:25,844
GEOR20066,Pako Forever,2828,01/31/2023, 11:10:38,844
GEOR20066,Pako Forever,2828,01/31/2023, 12:22:47,844
GEOR20066,Pako Forever,2828,01/31/2023, 13:23:38,844
GEOR20066,Pako Forever,2829,01/31/2023, 14:12:02,844
GEOR20066,Pako Forever,2829,01/31/2023, 15:13:14,844
GEOR20066,Pako Forever,2830,01/31/2023, 16:16:56,844
GEOR20066,Pako Forever,2832,01/31/2023, 17:11:49,844
GEOR20066,Pako Forever,2833,01/31/2023, 18:15:00,844
GEOR20066,Pako Forever,2835,01/31/2023, 19:10:25,844
GEOR20066,Pako Forever,2835,01/31/2023, 20:13:27,844
GEOR20066,Pako Forever,2835,01/31/2023, 21:11:15,844
GEOR20066,Pako Forever,2835,01/31/2023, 22:11:59,844
GEOR20066,Pako Forever,2838,01/31/2023, 23:12:59,844
GEOR20066,Pako Forever,2838,02/01/2023, 01:09:51,844
GEOR20066,Pako Forever,2839,02/01/2023, 02:53:17,844
GEOR20066,Pako Forever,2839,02/01/2023, 03:22:17,844
GEOR20066,Pako Forever,2839,02/01/2023, 04:15:16,844
GEOR20066,Pako Forever,2839,02/01/2023, 05:12:13,844
GEOR20066,Pako Forever,2839,02/01/2023, 06:16:20,844
GEOR20066,Pako Forever,2840,02/01/2023, 07:12:02,844
GEOR20066,Pako Forever,2840,02/01/2023, 08:15:52,844
GEOR20066,Pako Forever,2840,02/01/2023, 09:13:06,844
GEOR20066,Pako Forever,2840,02/01/2023, 10:14:04,844
GEOR20066,Pako Forever,2840,02/01/2023, 11:11:14,844
GEOR20066,Pako Forever,2841,02/01/2023, 12:24:42,844
GEOR20066,Pako Forever,2841,02/01/2023, 13:20:46,844
GEOR20066,Pako Forever,2841,02/01/2023, 14:12:03,844
GEOR20066,Pako Forever,2842,02/01/2023, 15:13:05,844
GEOR20066,Pako Forever,2842,02/01/2023, 16:15:34,844
GEOR20066,Pako Forever,2843,02/01/2023, 17:11:44,844
GEOR20066,Pako Forever,2844,02/01/2023, 18:15:22,844
GEOR20066,Pako Forever,2846,02/01/2023, 19:10:29,844
GEOR20066,Pako Forever,2847,02/01/2023, 20:13:08,844
GEOR20066,Pako Forever,2847,02/01/2023, 21:11:20,844
GEOR20066,Pako Forever,2848,02/01/2023, 22:12:18,844
GEOR20066,Pako Forever,2848,02/01/2023, 23:13:00,844
GEOR20066,Pako Forever,2851,02/02/2023, 01:00:57,844
GEOR20066,Pako Forever,2855,02/02/2023, 02:23:36,844
GEOR20066,Pako Forever,2855,02/02/2023, 03:14:08,844
GEOR20066,Pako Forever,2856,02/02/2023, 04:15:16,844
GEOR20066,Pako Forever,2856,02/02/2023, 05:11:52,844
GEOR20066,Pako Forever,2856,02/02/2023, 06:15:42,844
GEOR20066,Pako Forever,2856,02/02/2023, 07:11:35,844
GEOR20066,Pako Forever,2856,02/02/2023, 08:15:54,844
GEOR20066,Pako Forever,2856,02/02/2023, 09:12:43,844
GEOR20066,Pako Forever,2856,02/02/2023, 10:13:35,844
GEOR20066,Pako Forever,2856,02/02/2023, 11:10:53,844
GEOR20066,Pako Forever,2856,02/02/2023, 12:24:22,844
GEOR20066,Pako Forever,2856,02/02/2023, 13:21:10,844
GEOR20066,Pako Forever,2856,02/02/2023, 14:11:29,844
GEOR20066,Pako Forever,2856,02/02/2023, 15:13:00,844
GEOR20066,Pako Forever,2856,02/02/2023, 16:16:48,844
GEOR20066,Pako Forever,2857,02/02/2023, 17:11:43,844
GEOR20066,Pako Forever,2857,02/02/2023, 18:15:23,844
GEOR20066,Pako Forever,2857,02/02/2023, 19:09:17,844
GEOR20066,Pako Forever,2859,02/02/2023, 20:13:12,844
GEOR20066,Pako Forever,2861,02/02/2023, 21:10:59,844
GEOR20066,Pako Forever,2861,02/02/2023, 22:11:47,844
GEOR20066,Pako Forever,2863,02/02/2023, 23:13:03,844
GEOR20066,Pako Forever,2865,02/03/2023, 01:03:27,844
GEOR20066,Pako Forever,2865,02/03/2023, 02:45:44,844
GEOR20066,Pako Forever,2865,02/03/2023, 03:16:31,844
GEOR20066,Pako Forever,2867,02/03/2023, 04:15:03,844
GEOR20066,Pako Forever,2867,02/03/2023, 05:11:58,844
GEOR20066,Pako Forever,2868,02/03/2023, 06:16:02,844
GEOR20066,Pako Forever,2868,02/03/2023, 07:11:50,844
GEOR20066,Pako Forever,2868,02/03/2023, 08:15:42,844
GEOR20066,Pako Forever,2868,02/03/2023, 09:12:40,844
GEOR20066,Pako Forever,2868,02/03/2023, 10:13:26,844
GEOR20066,Pako Forever,2868,02/03/2023, 11:11:15,844
GEOR20066,Pako Forever,2868,02/03/2023, 12:22:41,844
GEOR20066,Pako Forever,2868,02/03/2023, 13:19:50,844
GEOR20066,Pako Forever,2868,02/03/2023, 14:11:47,844
GEOR20066,Pako Forever,2868,02/03/2023, 15:13:04,844
GEOR20066,Pako Forever,2868,02/03/2023, 16:16:21,844
GEOR20066,Pako Forever,2869,02/03/2023, 17:11:44,844
GEOR20066,Pako Forever,2869,02/03/2023, 19:10:35,844
GEOR20066,Pako Forever,2869,02/03/2023, 20:13:00,844
GEOR20066,Pako Forever,2869,02/03/2023, 21:10:49,844
GEOR20066,Pako Forever,2869,02/03/2023, 22:11:49,844
GEOR20066,Pako Forever,2874,02/03/2023, 23:12:24,844
GEOR20066,Pako Forever,2877,02/04/2023, 00:58:38,844
GEOR20066,Pako Forever,2878,02/04/2023, 02:13:53,844
GEOR20066,Pako Forever,2879,02/04/2023, 03:13:36,844
GEOR20066,Pako Forever,2879,02/04/2023, 04:14:26,844
GEOR20066,Pako Forever,2880,02/04/2023, 05:11:14,844
GEOR20066,Pako Forever,2880,02/04/2023, 06:14:45,844
GEOR20066,Pako Forever,2881,02/04/2023, 07:10:57,844
GEOR20066,Pako Forever,2881,02/04/2023, 08:14:41,844
GEOR20066,Pako Forever,2881,02/04/2023, 09:11:17,844
GEOR20066,Pako Forever,2881,02/04/2023, 10:12:13,844
GEOR20066,Pako Forever,2881,02/04/2023, 11:10:33,844
GEOR20066,Pako Forever,2881,02/04/2023, 12:20:42,844
GEOR20066,Pako Forever,2881,02/04/2023, 13:15:24,844
GEOR20066,Pako Forever,2883,02/04/2023, 14:10:38,844
GEOR20066,Pako Forever,2884,02/04/2023, 15:11:36,844
GEOR20066,Pako Forever,2885,02/04/2023, 16:15:24,844
GEOR20066,Pako Forever,2885,02/04/2023, 17:10:39,844
GEOR20066,Pako Forever,2888,02/04/2023, 18:13:54,844
GEOR20066,Pako Forever,2888,02/04/2023, 19:09:47,844
GEOR20066,Pako Forever,2889,02/04/2023, 20:12:07,844
GEOR20066,Pako Forever,2889,02/04/2023, 21:10:47,844
GEOR20066,Pako Forever,2889,02/04/2023, 22:11:03,844
GEOR20066,Pako Forever,2889,02/04/2023, 23:11:53,844
GEOR20066,Pako Forever,2889,02/05/2023, 01:05:12,844
GEOR20066,Pako Forever,2889,02/05/2023, 02:47:11,844
GEOR20066,Pako Forever,2889,02/05/2023, 03:16:50,844
GEOR20066,Pako Forever,2890,02/05/2023, 04:14:25,844
GEOR20066,Pako Forever,2891,02/05/2023, 05:11:23,844
GEOR20066,Pako Forever,2891,02/05/2023, 06:14:36,844
GEOR20066,Pako Forever,2891,02/05/2023, 07:10:46,844
GEOR20066,Pako Forever,2892,02/05/2023, 08:14:26,844
GEOR20066,Pako Forever,2893,02/05/2023, 09:11:32,844
GEOR20066,Pako Forever,2893,02/05/2023, 10:12:19,844
GEOR20066,Pako Forever,2893,02/05/2023, 11:09:58,844
GEOR20066,Pako Forever,2894,02/05/2023, 12:20:44,844
GEOR20066,Pako Forever,2894,02/05/2023, 13:15:44,844
GEOR20066,Pako Forever,2895,02/05/2023, 14:10:31,844
GEOR20066,Pako Forever,2895,02/05/2023, 15:11:44,844
GEOR20066,Pako Forever,2895,02/05/2023, 16:15:05,844
GEOR20066,Pako Forever,2896,02/05/2023, 17:10:30,844
GEOR20066,Pako Forever,2897,02/05/2023, 18:13:54,844
GEOR20066,Pako Forever,2898,02/05/2023, 19:09:41,844
GEOR20066,Pako Forever,2899,02/05/2023, 20:12:23,844
GEOR20066,Pako Forever,2899,02/05/2023, 21:10:39,844
GEOR20066,Pako Forever,2899,02/05/2023, 22:11:30,844
GEOR20066,Pako Forever,2899,02/05/2023, 23:12:30,844
GEOR20066,Pako Forever,2900,02/06/2023, 00:58:42,844
GEOR20066,Pako Forever,2900,02/06/2023, 02:15:21,844
GEOR20066,Pako Forever,2900,02/06/2023, 03:13:24,844
GEOR20066,Pako Forever,2900,02/06/2023, 04:15:25,844
GEOR20066,Pako Forever,2900,02/06/2023, 05:12:17,844
GEOR20066,Pako Forever,2900,02/06/2023, 06:16:02,844
GEOR20066,Pako Forever,2900,02/06/2023, 07:12:00,844
GEOR20066,Pako Forever,2901,02/06/2023, 08:16:26,844
GEOR20066,Pako Forever,2901,02/06/2023, 09:13:11,844
GEOR20066,Pako Forever,2901,02/06/2023, 10:13:56,844
GEOR20066,Pako Forever,2901,02/06/2023, 11:10:54,844
GEOR20066,Pako Forever,2902,02/06/2023, 12:23:23,844
GEOR20066,Pako Forever,2902,02/06/2023, 13:26:56,844
GEOR20066,Pako Forever,2902,02/06/2023, 14:12:02,844
GEOR20066,Pako Forever,2902,02/06/2023, 15:13:11,844
GEOR20066,Pako Forever,2904,02/06/2023, 16:16:42,844
GEOR20066,Pako Forever,2904,02/06/2023, 17:10:50,844
GEOR20066,Pako Forever,2904,02/06/2023, 18:15:07,844
GEOR20066,Pako Forever,2905,02/06/2023, 19:10:29,844
GEOR20066,Pako Forever,2905,02/06/2023, 20:13:31,844
GEOR20066,Pako Forever,2906,02/06/2023, 21:11:48,844
GEOR20066,Pako Forever,2906,02/06/2023, 22:11:43,844
GEOR20066,Pako Forever,2906,02/06/2023, 23:12:09,844
GEOR20066,Pako Forever,2906,02/07/2023, 01:00:03,844
GEOR20066,Pako Forever,2906,02/07/2023, 02:17:19,844
GEOR20066,Pako Forever,2907,02/07/2023, 03:13:32,844
GEOR20066,Pako Forever,2907,02/07/2023, 04:14:49,844
GEOR20066,Pako Forever,2907,02/07/2023, 05:11:52,844
GEOR20066,Pako Forever,2907,02/07/2023, 06:15:41,844
GEOR20066,Pako Forever,2907,02/07/2023, 07:11:46,844
GEOR20066,Pako Forever,2907,02/07/2023, 08:16:02,844
GEOR20066,Pako Forever,2907,02/07/2023, 09:12:42,844
GEOR20066,Pako Forever,2907,02/07/2023, 10:13:35,844
GEOR20066,Pako Forever,2907,02/07/2023, 11:10:44,844
GEOR20066,Pako Forever,2907,02/07/2023, 12:23:42,844
GEOR20066,Pako Forever,2907,02/07/2023, 13:20:13,844
GEOR20066,Pako Forever,2908,02/07/2023, 14:11:51,844
GEOR20066,Pako Forever,2909,02/07/2023, 15:13:01,844
GEOR20066,Pako Forever,2909,02/07/2023, 16:16:55,844
GEOR20066,Pako Forever,2909,02/07/2023, 17:12:13,844
GEOR20066,Pako Forever,2910,02/07/2023, 18:15:28,844
GEOR20066,Pako Forever,2910,02/07/2023, 19:11:01,844
GEOR20066,Pako Forever,2910,02/07/2023, 20:13:11,844
GEOR20066,Pako Forever,2911,02/07/2023, 21:11:28,844
GEOR20066,Pako Forever,2911,02/07/2023, 22:12:09,844
GEOR20066,Pako Forever,2911,02/07/2023, 23:12:28,844
GEOR20066,Pako Forever,2911,02/08/2023, 01:01:14,844
GEOR20066,Pako Forever,2912,02/08/2023, 02:25:32,844
GEOR20066,Pako Forever,2912,02/08/2023, 03:16:15,844
GEOR20066,Pako Forever,2912,02/08/2023, 04:15:27,844
GEOR20066,Pako Forever,2914,02/08/2023, 05:12:11,844
GEOR20066,Pako Forever,2914,02/08/2023, 06:16:06,844
GEOR20066,Pako Forever,2914,02/08/2023, 07:12:11,844
GEOR20066,Pako Forever,2914,02/08/2023, 08:16:40,844
GEOR20066,Pako Forever,2915,02/08/2023, 09:13:42,844
GEOR20066,Pako Forever,2915,02/08/2023, 10:15:10,844
GEOR20066,Pako Forever,2915,02/08/2023, 11:11:11,844
GEOR20066,Pako Forever,2915,02/08/2023, 12:23:24,844
GEOR20066,Pako Forever,2916,02/08/2023, 13:21:15,844
GEOR20066,Pako Forever,2917,02/08/2023, 14:12:02,844
GEOR20066,Pako Forever,2917,02/08/2023, 15:13:18,844
GEOR20066,Pako Forever,2917,02/08/2023, 16:17:10,844
GEOR20066,Pako Forever,2918,02/08/2023, 17:12:13,844
GEOR20066,Pako Forever,2918,02/08/2023, 18:15:57,844
GEOR20066,Pako Forever,2918,02/08/2023, 19:10:52,844
GEOR20066,Pako Forever,2918,02/08/2023, 20:13:33,844
GEOR20066,Pako Forever,2919,02/08/2023, 21:11:50,844
GEOR20066,Pako Forever,2920,02/08/2023, 22:12:12,844
GEOR20066,Pako Forever,2921,02/08/2023, 23:12:40,844
GEOR20066,Pako Forever,2921,02/09/2023, 01:00:03,844
GEOR20066,Pako Forever,2921,02/09/2023, 02:24:31,844
GEOR20066,Pako Forever,2921,02/09/2023, 03:16:06,844
GEOR20066,Pako Forever,2921,02/09/2023, 04:14:51,844
GEOR20066,Pako Forever,2921,02/09/2023, 05:12:06,844
GEOR20066,Pako Forever,2922,02/09/2023, 06:16:47,844
GEOR20066,Pako Forever,2922,02/09/2023, 07:12:10,844
GEOR20066,Pako Forever,2922,02/09/2023, 08:16:28,844
GEOR20066,Pako Forever,2922,02/09/2023, 09:13:02,844
GEOR20066,Pako Forever,2922,02/09/2023, 10:12:43,844
GEOR20066,Pako Forever,2922,02/09/2023, 11:11:21,844
GEOR20066,Pako Forever,2923,02/09/2023, 12:25:25,844
GEOR20066,Pako Forever,2923,02/09/2023, 13:22:38,844
GEOR20066,Pako Forever,2923,02/09/2023, 14:12:34,844
GEOR20066,Pako Forever,2923,02/09/2023, 15:13:34,844
GEOR20066,Pako Forever,2924,02/09/2023, 16:17:18,844
GEOR20066,Pako Forever,2924,02/09/2023, 17:12:11,844
GEOR20066,Pako Forever,2925,02/09/2023, 18:15:48,844
GEOR20066,Pako Forever,2926,02/09/2023, 19:10:40,844
GEOR20066,Pako Forever,2926,02/09/2023, 20:13:39,844
GEOR20066,Pako Forever,2926,02/09/2023, 21:11:48,844
GEOR20066,Pako Forever,2926,02/09/2023, 22:12:44,844
GEOR20066,Pako Forever,2926,02/09/2023, 23:14:00,844
GEOR20066,Pako Forever,2926,02/10/2023, 01:04:12,844
GEOR20066,Pako Forever,2927,02/10/2023, 02:50:05,844
GEOR20066,Pako Forever,2928,02/10/2023, 03:21:02,844
GEOR20066,Pako Forever,2928,02/10/2023, 04:15:31,844
GEOR20066,Pako Forever,2929,02/10/2023, 05:12:33,844
GEOR20066,Pako Forever,2929,02/10/2023, 06:16:52,844
GEOR20066,Pako Forever,2929,02/10/2023, 07:12:15,844
GEOR20066,Pako Forever,2929,02/10/2023, 08:16:17,844
GEOR20066,Pako Forever,2929,02/10/2023, 09:13:16,844
GEOR20066,Pako Forever,2929,02/10/2023, 10:14:09,844
GEOR20066,Pako Forever,2929,02/10/2023, 11:11:20,844
GEOR20066,Pako Forever,2930,02/10/2023, 12:22:47,844
GEOR20066,Pako Forever,2931,02/10/2023, 13:21:06,844
GEOR20066,Pako Forever,2931,02/10/2023, 14:12:09,844
GEOR20066,Pako Forever,2931,02/10/2023, 15:13:08,844
GEOR20066,Pako Forever,2931,02/10/2023, 16:16:54,844
GEOR20066,Pako Forever,2932,02/10/2023, 17:12:21,844
GEOR20066,Pako Forever,2932,02/10/2023, 18:15:54,844
GEOR20066,Pako Forever,2934,02/10/2023, 19:10:40,844
GEOR20066,Pako Forever,2935,02/10/2023, 20:13:29,844
GEOR20066,Pako Forever,2935,02/10/2023, 21:11:23,844
GEOR20066,Pako Forever,2935,02/10/2023, 22:12:26,844
GEOR20066,Pako Forever,2935,02/10/2023, 23:12:32,844
GEOR20066,Pako Forever,2935,02/11/2023, 00:56:17,844
GEOR20066,Pako Forever,2935,02/11/2023, 02:14:49,844
GEOR20066,Pako Forever,2935,02/11/2023, 03:13:16,844
GEOR20066,Pako Forever,2937,02/11/2023, 04:14:50,844
GEOR20066,Pako Forever,2938,02/11/2023, 05:11:32,844
GEOR20066,Pako Forever,2938,02/11/2023, 06:14:59,844
GEOR20066,Pako Forever,2939,02/11/2023, 07:11:17,844
GEOR20066,Pako Forever,2939,02/11/2023, 08:15:25,844
GEOR20066,Pako Forever,2939,02/11/2023, 09:11:59,844
GEOR20066,Pako Forever,2939,02/11/2023, 10:12:15,844
GEOR20066,Pako Forever,2939,02/11/2023, 11:10:07,844
GEOR20066,Pako Forever,2939,02/11/2023, 12:20:54,844
GEOR20066,Pako Forever,2939,02/11/2023, 13:16:41,844
GEOR20066,Pako Forever,2940,02/11/2023, 14:10:42,844
GEOR20066,Pako Forever,2940,02/11/2023, 15:11:58,844
GEOR20066,Pako Forever,2940,02/11/2023, 16:15:21,844
GEOR20066,Pako Forever,2940,02/11/2023, 17:10:39,844
GEOR20066,Pako Forever,2941,02/11/2023, 18:14:16,844
GEOR20066,Pako Forever,2941,02/11/2023, 19:09:56,844
GEOR20066,Pako Forever,2941,02/11/2023, 20:12:28,844
GEOR20066,Pako Forever,2941,02/11/2023, 21:10:40,844
GEOR20066,Pako Forever,2943,02/11/2023, 22:11:38,844
GEOR20066,Pako Forever,2944,02/11/2023, 23:11:53,844
GEOR20066,Pako Forever,2944,02/12/2023, 01:05:18,844
GEOR20066,Pako Forever,2946,02/12/2023, 02:44:45,844
GEOR20066,Pako Forever,2946,02/12/2023, 03:15:51,844
GEOR20066,Pako Forever,2946,02/12/2023, 04:14:37,844
GEOR20066,Pako Forever,2947,02/12/2023, 05:11:53,844
GEOR20066,Pako Forever,2947,02/12/2023, 06:14:54,844
GEOR20066,Pako Forever,2947,02/12/2023, 07:11:00,844
GEOR20066,Pako Forever,2951,02/12/2023, 08:15:04,844
GEOR20066,Pako Forever,2952,02/12/2023, 09:11:54,844
GEOR20066,Pako Forever,2952,02/12/2023, 10:12:26,844
GEOR20066,Pako Forever,2952,02/12/2023, 11:10:18,844
GEOR20066,Pako Forever,2954,02/12/2023, 12:21:40,844
GEOR20066,Pako Forever,2954,02/12/2023, 13:17:13,844
GEOR20066,Pako Forever,2955,02/12/2023, 14:10:52,844
GEOR20066,Pako Forever,2955,02/12/2023, 15:12:02,844
GEOR20066,Pako Forever,2956,02/12/2023, 16:15:27,844
GEOR20066,Pako Forever,2956,02/12/2023, 17:10:37,844
GEOR20066,Pako Forever,2957,02/12/2023, 18:14:20,844
GEOR20066,Pako Forever,2958,02/12/2023, 19:10:03,844
GEOR20066,Pako Forever,2959,02/12/2023, 20:12:44,844
GEOR20066,Pako Forever,2959,02/12/2023, 21:10:40,844
GEOR20066,Pako Forever,2959,02/12/2023, 22:11:35,844
GEOR20066,Pako Forever,2960,02/12/2023, 23:12:13,844
GEOR20066,Pako Forever,2963,02/13/2023, 01:02:51,844
GEOR20066,Pako Forever,2964,02/13/2023, 02:44:57,844
GEOR20066,Pako Forever,2964,02/13/2023, 03:18:16,844
GEOR20066,Pako Forever,2964,02/13/2023, 04:15:32,844
GEOR20066,Pako Forever,2964,02/13/2023, 05:12:29,844
GEOR20066,Pako Forever,2966,02/13/2023, 06:16:46,844
GEOR20066,Pako Forever,2967,02/13/2023, 07:12:28,844
GEOR20066,Pako Forever,2967,02/13/2023, 08:17:20,844
GEOR20066,Pako Forever,2967,02/13/2023, 09:13:47,844
GEOR20066,Pako Forever,2967,02/13/2023, 10:14:22,844
GEOR20066,Pako Forever,2968,02/13/2023, 11:11:21,844
GEOR20066,Pako Forever,2969,02/13/2023, 12:24:14,844
GEOR20066,Pako Forever,2969,02/13/2023, 13:21:59,844
GEOR20066,Pako Forever,2969,02/13/2023, 14:12:16,844
GEOR20066,Pako Forever,2971,02/13/2023, 15:13:51,844
GEOR20066,Pako Forever,2971,02/13/2023, 16:17:20,844
GEOR20066,Pako Forever,2972,02/13/2023, 17:12:23,844
GEOR20066,Pako Forever,2974,02/13/2023, 18:16:09,844
GEOR20066,Pako Forever,2975,02/13/2023, 19:10:32,844
GEOR20066,Pako Forever,2976,02/13/2023, 20:13:45,844
GEOR20066,Pako Forever,2976,02/13/2023, 21:12:11,844
GEOR20066,Pako Forever,2977,02/13/2023, 22:12:30,844
GEOR20066,Pako Forever,2977,02/13/2023, 23:13:08,844
GEOR20066,Pako Forever,2977,02/14/2023, 01:03:07,844
GEOR20066,Pako Forever,2978,02/14/2023, 02:45:58,844
GEOR20066,Pako Forever,2978,02/14/2023, 03:16:38,844
GEOR20066,Pako Forever,2979,02/14/2023, 04:15:33,844
GEOR20066,Pako Forever,2980,02/14/2023, 05:12:41,844
GEOR20066,Pako Forever,2980,02/14/2023, 06:16:49,844
GEOR20066,Pako Forever,2980,02/14/2023, 07:12:46,844
GEOR20066,Pako Forever,2980,02/14/2023, 08:16:47,844
GEOR20066,Pako Forever,2980,02/14/2023, 09:13:27,844
GEOR20066,Pako Forever,2980,02/14/2023, 10:14:25,844
GEOR20066,Pako Forever,2981,02/14/2023, 11:11:23,844
GEOR20066,Pako Forever,2981,02/14/2023, 12:25:16,844
GEOR20066,Pako Forever,2981,02/14/2023, 13:23:48,844
GEOR20066,Pako Forever,2982,02/14/2023, 14:12:19,844
GEOR20066,Pako Forever,2982,02/14/2023, 15:13:27,844
GEOR20066,Pako Forever,2982,02/14/2023, 16:18:06,844
GEOR20066,Pako Forever,2982,02/14/2023, 17:12:47,844
GEOR20066,Pako Forever,2983,02/14/2023, 18:15:56,844
GEOR20066,Pako Forever,2983,02/14/2023, 19:10:55,844
GEOR20066,Pako Forever,2983,02/14/2023, 20:13:36,844
GEOR20066,Pako Forever,2983,02/14/2023, 21:11:54,844
GEOR20066,Pako Forever,2983,02/14/2023, 22:12:26,844
GEOR20066,Pako Forever,2983,02/14/2023, 23:12:45,844
GEOR20066,Pako Forever,2983,02/15/2023, 01:03:20,844
GEOR20066,Pako Forever,2984,02/15/2023, 02:46:34,844
GEOR20066,Pako Forever,2984,02/15/2023, 03:18:00,844
GEOR20066,Pako Forever,2984,02/15/2023, 04:15:43,844
GEOR20066,Pako Forever,2984,02/15/2023, 05:12:57,844
GEOR20066,Pako Forever,2986,02/15/2023, 06:16:57,844
GEOR20066,Pako Forever,2986,02/15/2023, 07:12:12,844
GEOR20066,Pako Forever,2987,02/15/2023, 08:16:50,844
GEOR20066,Pako Forever,2987,02/15/2023, 09:13:21,844
GEOR20066,Pako Forever,2987,02/15/2023, 10:14:17,844
GEOR20066,Pako Forever,2987,02/15/2023, 11:11:20,844
GEOR20066,Pako Forever,2987,02/15/2023, 12:24:38,844
GEOR20066,Pako Forever,2987,02/15/2023, 13:22:54,844
GEOR20066,Pako Forever,2987,02/15/2023, 14:12:35,844
GEOR20066,Pako Forever,2987,02/15/2023, 15:13:47,844
GEOR20066,Pako Forever,2987,02/15/2023, 16:17:50,844
GEOR20066,Pako Forever,2987,02/15/2023, 17:12:36,844
GEOR20066,Pako Forever,2988,02/15/2023, 18:15:47,844
GEOR20066,Pako Forever,2988,02/15/2023, 19:11:12,844
GEOR20066,Pako Forever,2989,02/15/2023, 20:13:49,844
GEOR20066,Pako Forever,2989,02/15/2023, 21:11:55,844
GEOR20066,Pako Forever,2990,02/15/2023, 22:12:40,844
GEOR20066,Pako Forever,2990,02/15/2023, 23:13:15,844
GEOR20066,Pako Forever,2992,02/16/2023, 01:02:34,844
GEOR20066,Pako Forever,2994,02/16/2023, 02:44:56,844
GEOR20066,Pako Forever,2994,02/16/2023, 03:16:17,844
GEOR20066,Pako Forever,2994,02/16/2023, 04:15:36,844
GEOR20066,Pako Forever,2994,02/16/2023, 05:12:24,844
GEOR20066,Pako Forever,2994,02/16/2023, 06:16:12,844
GEOR20066,Pako Forever,2994,02/16/2023, 07:12:03,844
GEOR20066,Pako Forever,2994,02/16/2023, 08:16:28,844
GEOR20066,Pako Forever,2994,02/16/2023, 09:13:23,844
GEOR20066,Pako Forever,2994,02/16/2023, 10:13:59,844
GEOR20066,Pako Forever,2994,02/16/2023, 11:11:18,844
GEOR20066,Pako Forever,2995,02/16/2023, 12:24:24,844
GEOR20066,Pako Forever,2995,02/16/2023, 13:22:33,844
GEOR20066,Pako Forever,2995,02/16/2023, 14:12:17,844
GEOR20066,Pako Forever,2995,02/16/2023, 15:13:38,844
GEOR20066,Pako Forever,2996,02/16/2023, 16:17:40,844
GEOR20066,Pako Forever,2996,02/16/2023, 17:11:33,844
GEOR20066,Pako Forever,2998,02/16/2023, 18:15:03,844
GEOR20066,Pako Forever,2998,02/16/2023, 19:09:45,844
GEOR20066,Pako Forever,2998,02/16/2023, 20:13:36,844
GEOR20066,Pako Forever,2999,02/16/2023, 21:11:50,844
GEOR20066,Pako Forever,2999,02/16/2023, 22:12:31,844
GEOR20066,Pako Forever,2999,02/16/2023, 23:13:27,844
GEOR20066,Pako Forever,2999,02/17/2023, 01:05:52,844
GEOR20066,Pako Forever,3001,02/17/2023, 02:48:35,844
GEOR20066,Pako Forever,3002,02/17/2023, 03:19:05,844
GEOR20066,Pako Forever,3002,02/17/2023, 04:15:42,844
GEOR20066,Pako Forever,3002,02/17/2023, 05:12:21,844
GEOR20066,Pako Forever,3002,02/17/2023, 06:16:37,844
GEOR20066,Pako Forever,3002,02/17/2023, 07:12:00,844
GEOR20066,Pako Forever,3002,02/17/2023, 08:16:32,844
GEOR20066,Pako Forever,3002,02/17/2023, 09:13:10,844
GEOR20066,Pako Forever,3002,02/17/2023, 10:14:04,844
GEOR20066,Pako Forever,3002,02/17/2023, 11:11:04,844
GEOR20066,Pako Forever,3003,02/17/2023, 12:23:12,844
GEOR20066,Pako Forever,3003,02/17/2023, 13:20:52,844
GEOR20066,Pako Forever,3003,02/17/2023, 14:11:51,844
GEOR20066,Pako Forever,3005,02/17/2023, 15:13:18,844
GEOR20066,Pako Forever,3005,02/17/2023, 16:16:34,844
GEOR20066,Pako Forever,3006,02/17/2023, 17:12:03,844
GEOR20066,Pako Forever,3008,02/17/2023, 18:15:36,844
GEOR20066,Pako Forever,3008,02/17/2023, 19:10:51,844
GEOR20066,Pako Forever,3008,02/17/2023, 20:13:23,844
GEOR20066,Pako Forever,3009,02/17/2023, 21:11:16,844
GEOR20066,Pako Forever,3009,02/17/2023, 22:12:22,844
GEOR20066,Pako Forever,3011,02/17/2023, 23:12:50,844
GEOR20066,Pako Forever,3011,02/18/2023, 01:01:20,844
GEOR20066,Pako Forever,3011,02/18/2023, 02:21:57,844
GEOR20066,Pako Forever,3012,02/18/2023, 03:13:23,844
GEOR20066,Pako Forever,3012,02/18/2023, 05:11:27,844
GEOR20066,Pako Forever,3013,02/18/2023, 06:15:03,844
GEOR20066,Pako Forever,3014,02/18/2023, 07:11:13,844
GEOR20066,Pako Forever,3014,02/18/2023, 08:15:17,844
GEOR20066,Pako Forever,3014,02/18/2023, 09:11:57,844
GEOR20066,Pako Forever,3014,02/18/2023, 10:12:28,844
GEOR20066,Pako Forever,3014,02/18/2023, 11:11:11,844
GEOR20066,Pako Forever,3015,02/18/2023, 12:21:20,844
GEOR20066,Pako Forever,3015,02/18/2023, 13:16:56,844
GEOR20066,Pako Forever,3016,02/18/2023, 14:10:43,844
GEOR20066,Pako Forever,3016,02/18/2023, 15:12:00,844
GEOR20066,Pako Forever,3016,02/18/2023, 16:15:31,844
GEOR20066,Pako Forever,3016,02/18/2023, 17:11:17,844
GEOR20066,Pako Forever,3018,02/18/2023, 18:14:34,844
GEOR20066,Pako Forever,3019,02/18/2023, 19:09:51,844
GEOR20066,Pako Forever,3019,02/18/2023, 20:12:39,844
GEOR20066,Pako Forever,3019,02/18/2023, 21:10:49,844
GEOR20066,Pako Forever,3019,02/18/2023, 22:11:43,844
GEOR20066,Pako Forever,3019,02/18/2023, 23:12:09,844
GEOR20066,Pako Forever,3020,02/19/2023, 01:03:47,844
GEOR20066,Pako Forever,3020,02/19/2023, 02:45:52,844
GEOR20066,Pako Forever,3020,02/19/2023, 03:17:02,844
GEOR20066,Pako Forever,3020,02/19/2023, 04:14:58,844
GEOR20066,Pako Forever,3021,02/19/2023, 05:11:50,844
GEOR20066,Pako Forever,3023,02/19/2023, 06:15:25,844
GEOR20066,Pako Forever,3024,02/19/2023, 07:11:21,844
GEOR20066,Pako Forever,3024,02/19/2023, 08:15:10,844
GEOR20066,Pako Forever,3026,02/19/2023, 09:12:00,844
GEOR20066,Pako Forever,3027,02/19/2023, 10:12:44,844
GEOR20066,Pako Forever,3027,02/19/2023, 11:10:19,844
GEOR20066,Pako Forever,3029,02/19/2023, 12:21:58,844
GEOR20066,Pako Forever,3029,02/19/2023, 13:17:33,844
GEOR20066,Pako Forever,3029,02/19/2023, 14:10:54,844
GEOR20066,Pako Forever,3031,02/19/2023, 15:12:06,844
GEOR20066,Pako Forever,3031,02/19/2023, 16:15:25,844
GEOR20066,Pako Forever,3031,02/19/2023, 17:11:00,844
GEOR20066,Pako Forever,3031,02/19/2023, 18:14:29,844
GEOR20066,Pako Forever,3033,02/19/2023, 19:09:58,844
GEOR20066,Pako Forever,3034,02/19/2023, 20:12:50,844
GEOR20066,Pako Forever,3035,02/19/2023, 21:11:06,844
GEOR20066,Pako Forever,3035,02/19/2023, 22:11:39,844
GEOR20066,Pako Forever,3036,02/19/2023, 23:12:53,844
GEOR20066,Pako Forever,3037,02/20/2023, 01:03:56,844
GEOR20066,Pako Forever,3037,02/20/2023, 02:48:29,844
GEOR20066,Pako Forever,3037,02/20/2023, 03:18:45,844
GEOR20066,Pako Forever,3037,02/20/2023, 04:15:35,844
GEOR20066,Pako Forever,3037,02/20/2023, 05:12:21,844
GEOR20066,Pako Forever,3038,02/20/2023, 06:16:47,844
GEOR20066,Pako Forever,3038,02/20/2023, 07:12:35,844
GEOR20066,Pako Forever,3038,02/20/2023, 08:17:24,844
GEOR20066,Pako Forever,3038,02/20/2023, 09:13:41,844
GEOR20066,Pako Forever,3038,02/20/2023, 10:15:12,844
GEOR20066,Pako Forever,3038,02/20/2023, 11:11:06,844
GEOR20066,Pako Forever,3038,02/20/2023, 12:24:11,844
GEOR20066,Pako Forever,3038,02/20/2023, 13:21:37,844
GEOR20066,Pako Forever,3038,02/20/2023, 14:12:06,844
GEOR20066,Pako Forever,3038,02/20/2023, 15:13:31,844
GEOR20066,Pako Forever,3038,02/20/2023, 16:16:57,844
GEOR20066,Pako Forever,3038,02/20/2023, 17:11:53,844
GEOR20066,Pako Forever,3038,02/20/2023, 18:15:36,844
GEOR20066,Pako Forever,3040,02/20/2023, 19:10:30,844
GEOR20066,Pako Forever,3043,02/20/2023, 20:13:26,844
GEOR20066,Pako Forever,3046,02/20/2023, 21:11:41,844
GEOR20066,Pako Forever,3046,02/20/2023, 22:12:09,844
GEOR20066,Pako Forever,3047,02/20/2023, 23:12:36,844
GEOR20066,Pako Forever,3049,02/21/2023, 01:04:36,844
GEOR20066,Pako Forever,3050,02/21/2023, 02:47:43,844
GEOR20066,Pako Forever,3050,02/21/2023, 03:18:43,844
GEOR20066,Pako Forever,3051,02/21/2023, 04:15:43,844
GEOR20066,Pako Forever,3051,02/21/2023, 05:12:13,844
GEOR20066,Pako Forever,3051,02/21/2023, 06:16:22,844
GEOR20066,Pako Forever,3051,02/21/2023, 07:12:30,844
GEOR20066,Pako Forever,3051,02/21/2023, 08:16:29,844
GEOR20066,Pako Forever,3052,02/21/2023, 09:13:25,844
GEOR20066,Pako Forever,3052,02/21/2023, 10:13:53,844
GEOR20066,Pako Forever,3055,02/21/2023, 11:11:21,844
GEOR20066,Pako Forever,3055,02/21/2023, 12:24:12,844
GEOR20066,Pako Forever,3055,02/21/2023, 13:21:32,844
GEOR20066,Pako Forever,3055,02/21/2023, 14:12:12,844
GEOR20066,Pako Forever,3055,02/21/2023, 15:13:36,844
GEOR20066,Pako Forever,3055,02/21/2023, 16:15:57,844
GEOR20066,Pako Forever,3055,02/21/2023, 17:12:05,844
GEOR20066,Pako Forever,3055,02/21/2023, 18:15:59,844
GEOR20066,Pako Forever,3055,02/21/2023, 19:11:19,844
GEOR20066,Pako Forever,3056,02/21/2023, 20:14:04,844
GEOR20066,Pako Forever,3056,02/21/2023, 21:11:39,844
GEOR20066,Pako Forever,3057,02/21/2023, 22:12:44,844
GEOR20066,Pako Forever,3057,02/21/2023, 23:12:55,844
GEOR20066,Pako Forever,3058,02/22/2023, 01:00:36,844
GEOR20066,Pako Forever,3058,02/22/2023, 02:24:52,844
GEOR20066,Pako Forever,3058,02/22/2023, 03:16:55,844
GEOR20066,Pako Forever,3058,02/22/2023, 04:15:44,844
GEOR20066,Pako Forever,3058,02/22/2023, 05:12:36,844
GEOR20066,Pako Forever,3059,02/22/2023, 06:16:51,844
GEOR20066,Pako Forever,3059,02/22/2023, 07:12:04,844
GEOR20066,Pako Forever,3059,02/22/2023, 08:16:39,844
GEOR20066,Pako Forever,3059,02/22/2023, 09:13:28,844
GEOR20066,Pako Forever,3059,02/22/2023, 10:14:14,844
GEOR20066,Pako Forever,3060,02/22/2023, 11:11:18,844
GEOR20066,Pako Forever,3060,02/22/2023, 12:24:24,844
GEOR20066,Pako Forever,3060,02/22/2023, 13:22:32,844
GEOR20066,Pako Forever,3060,02/22/2023, 14:12:18,844
GEOR20066,Pako Forever,3060,02/22/2023, 15:13:50,844
GEOR20066,Pako Forever,3060,02/22/2023, 16:17:30,844
GEOR20066,Pako Forever,3060,02/22/2023, 17:12:09,844
GEOR20066,Pako Forever,3060,02/22/2023, 18:15:58,844
GEOR20066,Pako Forever,3060,02/22/2023, 19:10:56,844
GEOR20066,Pako Forever,3060,02/22/2023, 20:13:51,844
GEOR20066,Pako Forever,3060,02/22/2023, 21:11:46,844
GEOR20066,Pako Forever,3061,02/22/2023, 22:11:14,844
GEOR20066,Pako Forever,3062,02/22/2023, 23:11:41,844
GEOR20066,Pako Forever,3064,02/23/2023, 01:00:04,844
GEOR20066,Pako Forever,3064,02/23/2023, 02:22:25,844
GEOR20066,Pako Forever,3064,02/23/2023, 03:15:05,844
GEOR20066,Pako Forever,3064,02/23/2023, 04:15:39,844
GEOR20066,Pako Forever,3064,02/23/2023, 05:12:18,844
GEOR20066,Pako Forever,3065,02/23/2023, 06:16:19,844
GEOR20066,Pako Forever,3065,02/23/2023, 07:12:01,844
GEOR20066,Pako Forever,3065,02/23/2023, 08:16:26,844
GEOR20066,Pako Forever,3065,02/23/2023, 09:13:38,844
GEOR20066,Pako Forever,3065,02/23/2023, 10:14:01,844
GEOR20066,Pako Forever,3065,02/23/2023, 11:11:24,844
GEOR20066,Pako Forever,3066,02/23/2023, 12:25:55,844
GEOR20066,Pako Forever,3066,02/23/2023, 13:25:30,844
GEOR20066,Pako Forever,3066,02/23/2023, 14:13:11,844
GEOR20066,Pako Forever,3066,02/23/2023, 15:13:41,844
GEOR20066,Pako Forever,3066,02/23/2023, 16:17:54,844
GEOR20066,Pako Forever,3066,02/23/2023, 17:12:26,844
GEOR20066,Pako Forever,3066,02/23/2023, 18:16:33,844
GEOR20066,Pako Forever,3066,02/23/2023, 19:10:52,844
GEOR20066,Pako Forever,3069,02/23/2023, 20:13:55,844
GEOR20066,Pako Forever,3069,02/23/2023, 21:12:08,844
GEOR20066,Pako Forever,3070,02/23/2023, 22:12:47,844
GEOR20066,Pako Forever,3071,02/23/2023, 23:13:42,844
GEOR20066,Pako Forever,3072,02/24/2023, 01:02:14,844
GEOR20066,Pako Forever,3072,02/24/2023, 02:44:11,844
GEOR20066,Pako Forever,3072,02/24/2023, 03:16:24,844
GEOR20066,Pako Forever,3072,02/24/2023, 04:15:34,844
GEOR20066,Pako Forever,3073,02/24/2023, 05:12:28,844
GEOR20066,Pako Forever,3073,02/24/2023, 06:17:10,844
GEOR20066,Pako Forever,3073,02/24/2023, 07:12:12,844
GEOR20066,Pako Forever,3073,02/24/2023, 08:16:36,844
GEOR20066,Pako Forever,3073,02/24/2023, 09:13:17,844
GEOR20066,Pako Forever,3073,02/24/2023, 10:14:07,844
GEOR20066,Pako Forever,3073,02/24/2023, 11:11:27,844
GEOR20066,Pako Forever,3073,02/24/2023, 12:23:59,844
GEOR20066,Pako Forever,3073,02/24/2023, 13:21:58,844
GEOR20066,Pako Forever,3073,02/24/2023, 14:12:17,844
GEOR20066,Pako Forever,3074,02/24/2023, 15:11:54,844
GEOR20066,Pako Forever,3074,02/24/2023, 16:16:53,844
GEOR20066,Pako Forever,3074,02/24/2023, 17:12:37,844
GEOR20066,Pako Forever,3075,02/24/2023, 18:15:53,844
GEOR20066,Pako Forever,3076,02/24/2023, 19:10:50,844
GEOR20066,Pako Forever,3077,02/24/2023, 20:14:00,844
GEOR20066,Pako Forever,3077,02/24/2023, 21:10:14,844
GEOR20066,Pako Forever,3078,02/24/2023, 22:12:37,844
GEOR20066,Pako Forever,3078,02/24/2023, 23:12:46,844
GEOR20066,Pako Forever,3079,02/25/2023, 01:02:17,844
GEOR20066,Pako Forever,3079,02/25/2023, 02:45:51,844
GEOR20066,Pako Forever,3080,02/25/2023, 03:16:40,844
GEOR20066,Pako Forever,3080,02/25/2023, 04:15:18,844
GEOR20066,Pako Forever,3081,02/25/2023, 05:12:08,844
GEOR20066,Pako Forever,3081,02/25/2023, 06:15:21,844
GEOR20066,Pako Forever,3081,02/25/2023, 07:11:33,844
GEOR20066,Pako Forever,3081,02/25/2023, 08:15:17,844
GEOR20066,Pako Forever,3082,02/25/2023, 09:12:13,844
GEOR20066,Pako Forever,3083,02/25/2023, 10:12:36,844
GEOR20066,Pako Forever,3084,02/25/2023, 11:10:25,844
GEOR20066,Pako Forever,3084,02/25/2023, 12:21:27,844
GEOR20066,Pako Forever,3084,02/25/2023, 13:17:19,844
GEOR20066,Pako Forever,3085,02/25/2023, 14:10:55,844
GEOR20066,Pako Forever,3086,02/25/2023, 15:12:00,844
GEOR20066,Pako Forever,3087,02/25/2023, 16:15:28,844
GEOR20066,Pako Forever,3087,02/25/2023, 17:11:25,844
GEOR20066,Pako Forever,3087,02/25/2023, 18:14:56,844
GEOR20066,Pako Forever,3088,02/25/2023, 19:10:07,844
GEOR20066,Pako Forever,3088,02/25/2023, 20:12:55,844
GEOR20066,Pako Forever,3091,02/25/2023, 21:11:08,844
GEOR20066,Pako Forever,3091,02/25/2023, 22:11:49,844
GEOR20066,Pako Forever,3092,02/25/2023, 23:12:27,844
GEOR20066,Pako Forever,3094,02/26/2023, 01:09:22,844
GEOR20066,Pako Forever,3095,02/26/2023, 02:54:32,844
GEOR20066,Pako Forever,3095,02/26/2023, 03:24:18,844
GEOR20066,Pako Forever,3095,02/26/2023, 04:15:22,844
GEOR20066,Pako Forever,3096,02/26/2023, 05:11:55,844
GEOR20066,Pako Forever,3096,02/26/2023, 06:15:42,844
GEOR20066,Pako Forever,3096,02/26/2023, 07:11:48,844
GEOR20066,Pako Forever,3096,02/26/2023, 08:15:23,844
GEOR20066,Pako Forever,3096,02/26/2023, 09:12:25,844
GEOR20066,Pako Forever,3096,02/26/2023, 10:12:55,844
GEOR20066,Pako Forever,3099,02/26/2023, 11:10:29,844
GEOR20066,Pako Forever,3099,02/26/2023, 12:22:43,844
GEOR20066,Pako Forever,3099,02/26/2023, 13:18:57,844
GEOR20066,Pako Forever,3099,02/26/2023, 14:11:15,844
GEOR20066,Pako Forever,3101,02/26/2023, 15:12:17,844
GEOR20066,Pako Forever,3101,02/26/2023, 16:15:40,844
GEOR20066,Pako Forever,3102,02/26/2023, 17:11:02,844
GEOR20066,Pako Forever,3102,02/26/2023, 18:14:43,844
GEOR20066,Pako Forever,3102,02/26/2023, 19:10:19,844
GEOR20066,Pako Forever,3102,02/26/2023, 20:13:10,844
GEOR20066,Pako Forever,3103,02/26/2023, 21:10:40,844
GEOR20066,Pako Forever,3103,02/26/2023, 22:11:50,844
GEOR20066,Pako Forever,3105,02/26/2023, 23:12:36,844
GEOR20066,Pako Forever,3105,02/27/2023, 01:03:01,844
GEOR20066,Pako Forever,3108,02/27/2023, 02:47:05,844
GEOR20066,Pako Forever,3108,02/27/2023, 03:18:23,844
GEOR20066,Pako Forever,3108,02/27/2023, 04:15:56,844
GEOR20066,Pako Forever,3108,02/27/2023, 05:12:30,844
GEOR20066,Pako Forever,3108,02/27/2023, 06:17:21,844
GEOR20066,Pako Forever,3108,02/27/2023, 07:12:41,844
GEOR20066,Pako Forever,3109,02/27/2023, 08:17:38,844
GEOR20066,Pako Forever,3110,02/27/2023, 09:14:07,844
GEOR20066,Pako Forever,3110,02/27/2023, 10:14:54,844
GEOR20066,Pako Forever,3110,02/27/2023, 11:11:30,844
GEOR20066,Pako Forever,3110,02/27/2023, 12:25:35,844
GEOR20066,Pako Forever,3110,02/27/2023, 13:23:27,844
GEOR20066,Pako Forever,3110,02/27/2023, 14:12:30,844
GEOR20066,Pako Forever,3110,02/27/2023, 15:13:46,844
GEOR20066,Pako Forever,3110,02/27/2023, 16:17:46,844
GEOR20066,Pako Forever,3110,02/27/2023, 17:12:29,844
GEOR20066,Pako Forever,3110,02/27/2023, 18:16:24,844
GEOR20066,Pako Forever,3111,02/27/2023, 19:10:43,844
GEOR20066,Pako Forever,3111,02/27/2023, 20:14:00,844
GEOR20066,Pako Forever,3111,02/27/2023, 21:12:13,844
GEOR20066,Pako Forever,3114,02/27/2023, 22:12:51,844
GEOR20066,Pako Forever,3115,02/27/2023, 23:13:28,844
GEOR20066,Pako Forever,3116,02/28/2023, 01:02:38,844
GEOR20066,Pako Forever,3118,02/28/2023, 02:45:36,844
GEOR20066,Pako Forever,3118,02/28/2023, 03:17:23,844
GEOR20066,Pako Forever,3118,02/28/2023, 04:15:34,844
GEOR20066,Pako Forever,3118,02/28/2023, 05:12:39,844
GEOR20066,Pako Forever,3118,02/28/2023, 06:17:08,844
GEOR20066,Pako Forever,3119,02/28/2023, 07:12:33,844
GEOR20066,Pako Forever,3120,02/28/2023, 08:17:21,844
GEOR20066,Pako Forever,3120,02/28/2023, 09:13:40,844
GEOR20066,Pako Forever,3120,02/28/2023, 10:14:17,844
GEOR20066,Pako Forever,3120,02/28/2023, 11:11:24,844
GEOR20066,Pako Forever,3120,02/28/2023, 12:24:31,844
GEOR20066,Pako Forever,3120,02/28/2023, 13:23:14,844
GEOR20066,Pako Forever,3120,02/28/2023, 14:12:34,844
GEOR20066,Pako Forever,3121,02/28/2023, 15:13:33,844
GEOR20066,Pako Forever,3121,02/28/2023, 16:17:23,844
GEOR20066,Pako Forever,3121,02/28/2023, 17:12:27,844
GEOR20066,Pako Forever,3121,02/28/2023, 18:16:18,844
GEOR20066,Pako Forever,3122,02/28/2023, 19:10:57,844
GEOR20066,Pako Forever,3122,02/28/2023, 20:14:05,844
GEOR20066,Pako Forever,3122,02/28/2023, 21:12:04,844
GEOR20066,Pako Forever,3123,02/28/2023, 22:12:44,844
GEOR20066,Pako Forever,3123,02/28/2023, 23:12:58,844
GEOR20066,Pako Forever,3123,03/01/2023, 01:09:40,844
GEOR20066,Pako Forever,3123,03/01/2023, 02:57:01,844
GEOR20066,Pako Forever,3123,03/01/2023, 03:27:41,844
GEOR20066,Pako Forever,3123,03/01/2023, 04:15:42,844
GEOR20066,Pako Forever,3123,03/01/2023, 05:12:35,844
GEOR20066,Pako Forever,3125,03/01/2023, 06:17:37,844
GEOR20066,Pako Forever,3125,03/01/2023, 07:12:37,844
GEOR20066,Pako Forever,3125,03/01/2023, 08:17:28,844
GEOR20066,Pako Forever,3125,03/01/2023, 09:13:40,844
GEOR20066,Pako Forever,3125,03/01/2023, 10:14:20,844
GEOR20066,Pako Forever,3125,03/01/2023, 11:11:37,844
GEOR20066,Pako Forever,3125,03/01/2023, 12:25:29,844
GEOR20066,Pako Forever,3125,03/01/2023, 13:23:12,844
GEOR20066,Pako Forever,3125,03/01/2023, 14:12:21,844
GEOR20066,Pako Forever,3125,03/01/2023, 15:14:08,844
GEOR20066,Pako Forever,3126,03/01/2023, 16:18:03,844
GEOR20066,Pako Forever,3127,03/01/2023, 17:12:15,844
GEOR20066,Pako Forever,3127,03/01/2023, 18:16:12,844
GEOR20066,Pako Forever,3127,03/01/2023, 19:11:19,844
GEOR20066,Pako Forever,3127,03/01/2023, 20:13:56,844
GEOR20066,Pako Forever,3128,03/01/2023, 21:12:14,844
GEOR20066,Pako Forever,3128,03/01/2023, 22:12:22,844
GEOR20066,Pako Forever,3129,03/01/2023, 23:13:15,844
GEOR20066,Pako Forever,3129,03/02/2023, 01:07:16,844
GEOR20066,Pako Forever,3130,03/02/2023, 02:51:12,844
GEOR20066,Pako Forever,3130,03/02/2023, 03:21:44,844
GEOR20066,Pako Forever,3130,03/02/2023, 04:16:00,844
GEOR20066,Pako Forever,3130,03/02/2023, 05:12:39,844
GEOR20066,Pako Forever,3131,03/02/2023, 06:16:48,844
GEOR20066,Pako Forever,3132,03/02/2023, 07:12:38,844
GEOR20066,Pako Forever,3132,03/02/2023, 08:16:56,844
GEOR20066,Pako Forever,3133,03/02/2023, 09:13:22,844
GEOR20066,Pako Forever,3133,03/02/2023, 10:14:23,844
GEOR20066,Pako Forever,3133,03/02/2023, 11:11:29,844
GEOR20066,Pako Forever,3133,03/02/2023, 12:23:08,844
GEOR20066,Pako Forever,3133,03/02/2023, 13:24:15,844
GEOR20066,Pako Forever,3134,03/02/2023, 14:12:39,844
GEOR20066,Pako Forever,3135,03/02/2023, 15:13:35,844
GEOR20066,Pako Forever,3136,03/02/2023, 16:17:47,844
GEOR20066,Pako Forever,3136,03/02/2023, 17:12:22,844
GEOR20066,Pako Forever,3136,03/02/2023, 18:17:14,844
GEOR20066,Pako Forever,3136,03/02/2023, 19:10:24,844
GEOR20066,Pako Forever,3137,03/02/2023, 20:14:16,844
GEOR20066,Pako Forever,3137,03/02/2023, 21:11:49,844
GEOR20066,Pako Forever,3138,03/02/2023, 22:11:41,844
GEOR20066,Pako Forever,3139,03/02/2023, 23:13:40,844
GEOR20066,Pako Forever,3140,03/03/2023, 02:53:24,844
GEOR20066,Pako Forever,3141,03/03/2023, 04:28:07,844
GEOR20066,Pako Forever,3141,03/03/2023, 05:17:05,844
GEOR20066,Pako Forever,3142,03/03/2023, 06:16:29,844
GEOR20066,Pako Forever,3142,03/03/2023, 07:12:16,844
GEOR20066,Pako Forever,3142,03/03/2023, 08:16:23,844
GEOR20066,Pako Forever,3142,03/03/2023, 09:13:22,844
GEOR20066,Pako Forever,3142,03/03/2023, 10:13:59,844
GEOR20066,Pako Forever,3142,03/03/2023, 11:11:03,844
GEOR20066,Pako Forever,3142,03/03/2023, 12:23:20,844
GEOR20066,Pako Forever,3142,03/03/2023, 13:20:44,844
GEOR20066,Pako Forever,3142,03/03/2023, 14:11:52,844
GEOR20066,Pako Forever,3142,03/03/2023, 15:13:30,844
GEOR20066,Pako Forever,3143,03/03/2023, 16:17:00,844
GEOR20066,Pako Forever,3143,03/03/2023, 17:12:13,844
GEOR20066,Pako Forever,3144,03/03/2023, 18:16:21,844
GEOR20066,Pako Forever,3144,03/03/2023, 19:10:43,844
GEOR20066,Pako Forever,3144,03/03/2023, 20:13:45,844
GEOR20066,Pako Forever,3146,03/03/2023, 21:10:38,844
GEOR20066,Pako Forever,3146,03/03/2023, 22:12:33,844
GEOR20066,Pako Forever,3146,03/03/2023, 23:13:30,844
GEOR20066,Pako Forever,3146,03/04/2023, 01:00:39,844
GEOR20066,Pako Forever,3147,03/04/2023, 02:22:12,844
GEOR20066,Pako Forever,3147,03/04/2023, 03:14:22,844
GEOR20066,Pako Forever,3147,03/04/2023, 04:15:28,844
GEOR20066,Pako Forever,3147,03/04/2023, 05:11:39,844
GEOR20066,Pako Forever,3147,03/04/2023, 06:15:34,844
GEOR20066,Pako Forever,3147,03/04/2023, 07:11:46,844
GEOR20066,Pako Forever,3147,03/04/2023, 08:15:14,844
GEOR20066,Pako Forever,3149,03/04/2023, 09:12:00,844
GEOR20066,Pako Forever,3149,03/04/2023, 10:12:51,844
GEOR20066,Pako Forever,3149,03/04/2023, 11:10:14,844
GEOR20066,Pako Forever,3149,03/04/2023, 12:21:55,844
GEOR20066,Pako Forever,3150,03/04/2023, 13:17:20,844
GEOR20066,Pako Forever,3150,03/04/2023, 14:11:03,844
GEOR20066,Pako Forever,3150,03/04/2023, 15:12:10,844
GEOR20066,Pako Forever,3152,03/04/2023, 16:15:35,844
GEOR20066,Pako Forever,3153,03/04/2023, 17:10:48,844
GEOR20066,Pako Forever,3153,03/04/2023, 18:14:31,844
GEOR20066,Pako Forever,3154,03/04/2023, 19:10:29,844
GEOR20066,Pako Forever,3154,03/04/2023, 20:12:17,844
GEOR20066,Pako Forever,3156,03/04/2023, 21:10:54,844
GEOR20066,Pako Forever,3156,03/04/2023, 22:11:33,844
GEOR20066,Pako Forever,3157,03/04/2023, 23:12:14,844
GEOR20066,Pako Forever,3158,03/05/2023, 01:11:08,844
GEOR20066,Pako Forever,3158,03/05/2023, 02:57:50,844
GEOR20066,Pako Forever,3158,03/05/2023, 03:27:04,844
GEOR20066,Pako Forever,3158,03/05/2023, 04:14:59,844
GEOR20066,Pako Forever,3158,03/05/2023, 05:11:47,844
GEOR20066,Pako Forever,3158,03/05/2023, 06:15:13,844
GEOR20066,Pako Forever,3158,03/05/2023, 07:11:38,844
GEOR20066,Pako Forever,3159,03/05/2023, 08:15:03,844
GEOR20066,Pako Forever,3159,03/05/2023, 09:12:12,844
GEOR20066,Pako Forever,3160,03/05/2023, 10:12:55,844
GEOR20066,Pako Forever,3160,03/05/2023, 11:10:10,844
GEOR20066,Pako Forever,3160,03/05/2023, 12:22:06,844
GEOR20066,Pako Forever,3160,03/05/2023, 13:17:20,844
GEOR20066,Pako Forever,3160,03/05/2023, 14:11:09,844
GEOR20066,Pako Forever,3160,03/05/2023, 15:12:07,844
GEOR20066,Pako Forever,3160,03/05/2023, 16:15:24,844
GEOR20066,Pako Forever,3161,03/05/2023, 17:11:03,844
GEOR20066,Pako Forever,3161,03/05/2023, 18:14:41,844
GEOR20066,Pako Forever,3161,03/05/2023, 19:09:58,844
GEOR20066,Pako Forever,3162,03/05/2023, 20:12:48,844
GEOR20066,Pako Forever,3163,03/05/2023, 21:11:01,844
GEOR20066,Pako Forever,3163,03/05/2023, 22:11:58,844
GEOR20066,Pako Forever,3163,03/05/2023, 23:12:12,844
GEOR20066,Pako Forever,3164,03/06/2023, 01:03:08,844
GEOR20066,Pako Forever,3165,03/06/2023, 02:49:02,844
GEOR20066,Pako Forever,3165,03/06/2023, 03:19:24,844
GEOR20066,Pako Forever,3165,03/06/2023, 04:15:51,844
GEOR20066,Pako Forever,3165,03/06/2023, 05:12:27,844
GEOR20066,Pako Forever,3166,03/06/2023, 06:17:11,844
GEOR20066,Pako Forever,3166,03/06/2023, 07:12:31,844
GEOR20066,Pako Forever,3166,03/06/2023, 08:17:30,844
GEOR20066,Pako Forever,3166,03/06/2023, 09:14:06,844
GEOR20066,Pako Forever,3166,03/06/2023, 10:14:25,844
GEOR20066,Pako Forever,3166,03/06/2023, 11:11:27,844
GEOR20066,Pako Forever,3167,03/06/2023, 12:25:04,844
GEOR20066,Pako Forever,3167,03/06/2023, 13:22:44,844
GEOR20066,Pako Forever,3169,03/06/2023, 14:12:26,844
GEOR20066,Pako Forever,3169,03/06/2023, 15:13:46,844
GEOR20066,Pako Forever,3169,03/06/2023, 16:17:33,844
GEOR20066,Pako Forever,3169,03/06/2023, 17:12:43,844
GEOR20066,Pako Forever,3169,03/06/2023, 18:16:35,844
GEOR20066,Pako Forever,3169,03/06/2023, 19:10:55,844
GEOR20066,Pako Forever,3169,03/06/2023, 20:13:53,844
GEOR20066,Pako Forever,3169,03/06/2023, 21:12:13,844
GEOR20066,Pako Forever,3170,03/06/2023, 22:12:51,844
GEOR20066,Pako Forever,3170,03/06/2023, 23:13:13,844
GEOR20066,Pako Forever,3172,03/07/2023, 01:07:40,844
GEOR20066,Pako Forever,3172,03/07/2023, 02:56:38,844
GEOR20066,Pako Forever,3172,03/07/2023, 03:27:41,844
GEOR20066,Pako Forever,3173,03/07/2023, 04:15:53,844
GEOR20066,Pako Forever,3174,03/07/2023, 05:12:38,844
GEOR20066,Pako Forever,3174,03/07/2023, 06:16:30,844
GEOR20066,Pako Forever,3175,03/07/2023, 07:11:39,844
GEOR20066,Pako Forever,3175,03/07/2023, 08:17:54,844
GEOR20066,Pako Forever,3175,03/07/2023, 09:13:51,844
GEOR20066,Pako Forever,3175,03/07/2023, 10:14:25,844
GEOR20066,Pako Forever,3175,03/07/2023, 11:11:49,844
GEOR20066,Pako Forever,3175,03/07/2023, 12:24:46,844
GEOR20066,Pako Forever,3175,03/07/2023, 13:23:37,844
GEOR20066,Pako Forever,3177,03/07/2023, 14:12:47,844
GEOR20066,Pako Forever,3177,03/07/2023, 15:13:19,844
GEOR20066,Pako Forever,3177,03/07/2023, 16:17:32,844
GEOR20066,Pako Forever,3177,03/07/2023, 17:12:23,844
GEOR20066,Pako Forever,3177,03/07/2023, 18:16:11,844
GEOR20066,Pako Forever,3177,03/07/2023, 19:10:57,844
GEOR20066,Pako Forever,3177,03/07/2023, 20:14:00,844
GEOR20066,Pako Forever,3177,03/07/2023, 21:11:58,844
GEOR20066,Pako Forever,3177,03/07/2023, 22:12:40,844
GEOR20066,Pako Forever,3177,03/07/2023, 23:13:36,844
GEOR20066,Pako Forever,3177,03/08/2023, 01:05:49,844
GEOR20066,Pako Forever,3177,03/08/2023, 02:50:30,844
GEOR20066,Pako Forever,3177,03/08/2023, 03:21:01,844
GEOR20066,Pako Forever,3177,03/08/2023, 04:15:35,844
GEOR20066,Pako Forever,3178,03/08/2023, 05:12:38,844
GEOR20066,Pako Forever,3178,03/08/2023, 06:16:42,844
GEOR20066,Pako Forever,3178,03/08/2023, 07:12:43,844
GEOR20066,Pako Forever,3178,03/08/2023, 08:16:52,844
GEOR20066,Pako Forever,3178,03/08/2023, 09:13:24,844
GEOR20066,Pako Forever,3178,03/08/2023, 10:14:36,844
GEOR20066,Pako Forever,3178,03/08/2023, 11:11:08,844
GEOR20066,Pako Forever,3179,03/08/2023, 12:24:32,844
GEOR20066,Pako Forever,3179,03/08/2023, 13:22:51,844
GEOR20066,Pako Forever,3179,03/08/2023, 14:12:37,844
GEOR20066,Pako Forever,3179,03/08/2023, 15:13:51,844
GEOR20066,Pako Forever,3179,03/08/2023, 16:17:34,844
GEOR20066,Pako Forever,3179,03/08/2023, 17:12:14,844
GEOR20066,Pako Forever,3181,03/08/2023, 18:16:25,844
GEOR20066,Pako Forever,3181,03/08/2023, 19:10:58,844
GEOR20066,Pako Forever,3182,03/08/2023, 20:13:52,844
GEOR20066,Pako Forever,3182,03/08/2023, 21:12:06,844
GEOR20066,Pako Forever,3182,03/08/2023, 22:12:44,844
GEOR20066,Pako Forever,3182,03/08/2023, 23:13:23,844
GEOR20066,Pako Forever,3184,03/09/2023, 01:05:51,844
GEOR20066,Pako Forever,3185,03/09/2023, 02:50:16,844
GEOR20066,Pako Forever,3185,03/09/2023, 03:20:51,844
GEOR20066,Pako Forever,3185,03/09/2023, 04:15:45,844
GEOR20066,Pako Forever,3185,03/09/2023, 05:12:28,844
GEOR20066,Pako Forever,3185,03/09/2023, 06:17:13,844
GEOR20066,Pako Forever,3185,03/09/2023, 07:12:33,844
GEOR20066,Pako Forever,3185,03/09/2023, 08:16:47,844
GEOR20066,Pako Forever,3185,03/09/2023, 09:13:47,844
GEOR20066,Pako Forever,3186,03/09/2023, 10:14:21,844
GEOR20066,Pako Forever,3186,03/09/2023, 11:11:37,844
GEOR20066,Pako Forever,3186,03/09/2023, 12:26:02,844
GEOR20066,Pako Forever,3186,03/09/2023, 13:28:48,844
GEOR20066,Pako Forever,3186,03/09/2023, 14:12:43,844
GEOR20066,Pako Forever,3186,03/09/2023, 15:14:08,844
GEOR20066,Pako Forever,3187,03/09/2023, 16:17:58,844
GEOR20066,Pako Forever,3188,03/09/2023, 17:12:15,844
GEOR20066,Pako Forever,3188,03/09/2023, 18:16:03,844
GEOR20066,Pako Forever,3189,03/09/2023, 19:11:00,844
GEOR20066,Pako Forever,3189,03/09/2023, 20:13:58,844
GEOR20066,Pako Forever,3189,03/09/2023, 21:12:15,844
GEOR20066,Pako Forever,3189,03/09/2023, 22:13:04,844
GEOR20066,Pako Forever,3189,03/09/2023, 23:14:08,844
GEOR20066,Pako Forever,3189,03/10/2023, 01:05:05,844
GEOR20066,Pako Forever,3189,03/10/2023, 02:53:39,844
GEOR20066,Pako Forever,3189,03/10/2023, 03:23:59,844
GEOR20066,Pako Forever,3189,03/10/2023, 04:15:46,844
GEOR20066,Pako Forever,3190,03/10/2023, 05:12:32,844
GEOR20066,Pako Forever,3190,03/10/2023, 06:17:19,844
GEOR20066,Pako Forever,3190,03/10/2023, 07:12:28,844
GEOR20066,Pako Forever,3190,03/10/2023, 08:16:56,844
GEOR20066,Pako Forever,3191,03/10/2023, 09:13:37,844
GEOR20066,Pako Forever,3191,03/10/2023, 10:14:20,844
GEOR20066,Pako Forever,3191,03/10/2023, 11:11:26,844
GEOR20066,Pako Forever,3191,03/10/2023, 12:24:23,844
GEOR20066,Pako Forever,3191,03/10/2023, 13:23:06,844
GEOR20066,Pako Forever,3191,03/10/2023, 14:12:33,844
GEOR20066,Pako Forever,3191,03/10/2023, 15:12:27,844
GEOR20066,Pako Forever,3192,03/10/2023, 16:17:33,844
GEOR20066,Pako Forever,3192,03/10/2023, 17:11:28,844
GEOR20066,Pako Forever,3192,03/10/2023, 18:14:50,844
GEOR20066,Pako Forever,3192,03/10/2023, 19:10:15,844
GEOR20066,Pako Forever,3192,03/10/2023, 20:13:08,844
GEOR20066,Pako Forever,3192,03/10/2023, 21:11:04,844
GEOR20066,Pako Forever,3193,03/10/2023, 22:11:51,844
GEOR20066,Pako Forever,3193,03/10/2023, 23:12:18,844
GEOR20066,Pako Forever,3194,03/11/2023, 00:56:17,844
GEOR20066,Pako Forever,3194,03/11/2023, 02:08:45,844
GEOR20066,Pako Forever,3194,03/11/2023, 03:13:04,844
GEOR20066,Pako Forever,3194,03/11/2023, 04:14:29,844
GEOR20066,Pako Forever,3197,03/11/2023, 05:11:28,844
GEOR20066,Pako Forever,3197,03/11/2023, 06:14:58,844
GEOR20066,Pako Forever,3197,03/11/2023, 07:10:54,844
GEOR20066,Pako Forever,3199,03/11/2023, 08:14:50,844
GEOR20066,Pako Forever,3199,03/11/2023, 09:11:38,844
GEOR20066,Pako Forever,3199,03/11/2023, 10:12:17,844
GEOR20066,Pako Forever,3199,03/11/2023, 11:10:23,844
GEOR20066,Pako Forever,3200,03/11/2023, 12:20:49,844
GEOR20066,Pako Forever,3200,03/11/2023, 13:15:26,844
GEOR20066,Pako Forever,3200,03/11/2023, 14:10:24,844
GEOR20066,Pako Forever,3200,03/11/2023, 15:11:37,844
GEOR20066,Pako Forever,3200,03/11/2023, 16:15:04,844
GEOR20066,Pako Forever,3200,03/11/2023, 17:10:40,844
GEOR20066,Pako Forever,3201,03/11/2023, 18:14:10,844
GEOR20066,Pako Forever,3201,03/11/2023, 19:09:56,844
GEOR20066,Pako Forever,3202,03/11/2023, 20:12:11,844
GEOR20066,Pako Forever,3202,03/11/2023, 21:10:16,844
GEOR20066,Pako Forever,3203,03/11/2023, 22:11:06,844
GEOR20066,Pako Forever,3203,03/11/2023, 23:12:00,844
GEOR20066,Pako Forever,3203,03/12/2023, 01:04:20,844
GEOR20066,Pako Forever,3205,03/12/2023, 02:43:52,844
GEOR20066,Pako Forever,3205,03/12/2023, 03:14:13,844
GEOR20066,Pako Forever,3205,03/12/2023, 04:14:36,844
GEOR20066,Pako Forever,3205,03/12/2023, 05:11:08,844
GEOR20066,Pako Forever,3206,03/12/2023, 06:15:01,844
GEOR20066,Pako Forever,3206,03/12/2023, 07:10:40,844
GEOR20066,Pako Forever,3206,03/12/2023, 08:14:32,844
GEOR20066,Pako Forever,3206,03/12/2023, 09:11:23,844
GEOR20066,Pako Forever,3206,03/12/2023, 10:12:14,844
GEOR20066,Pako Forever,3206,03/12/2023, 11:09:50,844
GEOR20066,Pako Forever,3206,03/12/2023, 12:21:14,844
GEOR20066,Pako Forever,3208,03/12/2023, 13:16:00,844
GEOR20066,Pako Forever,3208,03/12/2023, 14:10:42,844
GEOR20066,Pako Forever,3208,03/12/2023, 15:11:43,844
GEOR20066,Pako Forever,3208,03/12/2023, 16:14:37,844
GEOR20066,Pako Forever,3208,03/12/2023, 17:10:35,844
GEOR20066,Pako Forever,3208,03/12/2023, 18:13:59,844
GEOR20066,Pako Forever,3210,03/12/2023, 19:09:43,844
GEOR20066,Pako Forever,3210,03/12/2023, 20:12:28,844
GEOR20066,Pako Forever,3211,03/12/2023, 21:10:35,844
GEOR20066,Pako Forever,3211,03/12/2023, 22:11:19,844
GEOR20066,Pako Forever,3212,03/12/2023, 23:11:48,844
GEOR20066,Pako Forever,3212,03/13/2023, 01:00:37,844
GEOR20066,Pako Forever,3213,03/13/2023, 02:16:36,844
GEOR20066,Pako Forever,3214,03/13/2023, 03:13:13,844
GEOR20066,Pako Forever,3214,03/13/2023, 04:15:11,844
GEOR20066,Pako Forever,3214,03/13/2023, 05:12:21,844
GEOR20066,Pako Forever,3214,03/13/2023, 06:16:39,844
GEOR20066,Pako Forever,3214,03/13/2023, 07:11:51,844
GEOR20066,Pako Forever,3214,03/13/2023, 08:16:41,844
GEOR20066,Pako Forever,3214,03/13/2023, 09:13:51,844
GEOR20066,Pako Forever,3215,03/13/2023, 10:14:17,844
GEOR20066,Pako Forever,3215,03/13/2023, 11:10:27,844
GEOR20066,Pako Forever,3215,03/13/2023, 12:24:38,844
GEOR20066,Pako Forever,3215,03/13/2023, 13:21:16,844
GEOR20066,Pako Forever,3215,03/13/2023, 14:12:16,844
GEOR20066,Pako Forever,3215,03/13/2023, 15:12:13,844
GEOR20066,Pako Forever,3217,03/13/2023, 16:16:54,844
GEOR20066,Pako Forever,3217,03/13/2023, 17:11:56,844
GEOR20066,Pako Forever,3218,03/13/2023, 18:14:47,844
GEOR20066,Pako Forever,3218,03/13/2023, 19:10:26,844
GEOR20066,Pako Forever,3219,03/13/2023, 20:13:27,844
GEOR20066,Pako Forever,3219,03/13/2023, 21:11:39,844
GEOR20066,Pako Forever,3219,03/13/2023, 22:12:26,844
GEOR20066,Pako Forever,3220,03/13/2023, 23:12:49,844
GEOR20066,Pako Forever,3220,03/14/2023, 00:53:38,844
GEOR20066,Pako Forever,3220,03/14/2023, 02:01:38,844
GEOR20066,Pako Forever,3220,03/14/2023, 03:13:39,844
GEOR20066,Pako Forever,3220,03/14/2023, 04:15:31,844
GEOR20066,Pako Forever,3220,03/14/2023, 05:12:22,844
GEOR20066,Pako Forever,3220,03/14/2023, 06:16:59,844
GEOR20066,Pako Forever,3220,03/14/2023, 07:13:03,844
GEOR20066,Pako Forever,3220,03/14/2023, 08:18:04,844
GEOR20066,Pako Forever,3220,03/14/2023, 09:14:20,844
GEOR20066,Pako Forever,3220,03/14/2023, 10:15:10,844
GEOR20066,Pako Forever,3222,03/14/2023, 11:12:12,844
GEOR20066,Pako Forever,3222,03/14/2023, 12:30:15,844
GEOR20066,Pako Forever,3222,03/14/2023, 13:30:48,844
GEOR20066,Pako Forever,3222,03/14/2023, 14:14:03,844
GEOR20066,Pako Forever,3222,03/14/2023, 15:16:07,844
GEOR20066,Pako Forever,3222,03/14/2023, 16:20:08,844
GEOR20066,Pako Forever,3222,03/14/2023, 17:16:50,844
GEOR20066,Pako Forever,3224,03/14/2023, 18:18:25,844
GEOR20066,Pako Forever,3224,03/14/2023, 19:12:27,844
GEOR20066,Pako Forever,3225,03/14/2023, 20:16:58,844
GEOR20066,Pako Forever,3225,03/14/2023, 21:11:24,844
GEOR20066,Pako Forever,3226,03/14/2023, 22:11:42,844
GEOR20066,Pako Forever,3226,03/14/2023, 23:12:32,844
GEOR20066,Pako Forever,3227,03/15/2023, 01:01:14,844
GEOR20066,Pako Forever,3228,03/15/2023, 02:16:02,844
GEOR20066,Pako Forever,3229,03/15/2023, 03:13:14,844
GEOR20066,Pako Forever,3229,03/15/2023, 04:15:10,844
GEOR20066,Pako Forever,3229,03/15/2023, 05:12:06,844
GEOR20066,Pako Forever,3229,03/15/2023, 06:16:22,844
GEOR20066,Pako Forever,3229,03/15/2023, 07:11:52,844
GEOR20066,Pako Forever,3229,03/15/2023, 08:16:22,844
GEOR20066,Pako Forever,3229,03/15/2023, 09:13:22,844
GEOR20066,Pako Forever,3229,03/15/2023, 10:13:58,844
GEOR20066,Pako Forever,3229,03/15/2023, 11:11:00,844
GEOR20066,Pako Forever,3230,03/15/2023, 12:23:34,844
GEOR20066,Pako Forever,3230,03/15/2023, 13:20:51,844
GEOR20066,Pako Forever,3231,03/15/2023, 14:11:53,844
GEOR20066,Pako Forever,3231,03/15/2023, 15:13:23,844
GEOR20066,Pako Forever,3231,03/15/2023, 16:17:31,844
GEOR20066,Pako Forever,3231,03/15/2023, 17:12:26,844
GEOR20066,Pako Forever,3234,03/15/2023, 18:15:45,844
GEOR20066,Pako Forever,3234,03/15/2023, 19:10:46,844
GEOR20066,Pako Forever,3234,03/15/2023, 20:13:27,844
GEOR20066,Pako Forever,3234,03/15/2023, 21:11:41,844
GEOR20066,Pako Forever,3234,03/15/2023, 22:12:01,844
GEOR20066,Pako Forever,3234,03/15/2023, 23:10:35,844
GEOR20066,Pako Forever,3235,03/16/2023, 01:02:37,844
GEOR20066,Pako Forever,3236,03/16/2023, 02:36:53,844
GEOR20066,Pako Forever,3236,03/16/2023, 03:13:23,844
GEOR20066,Pako Forever,3236,03/16/2023, 04:15:02,844
GEOR20066,Pako Forever,3236,03/16/2023, 05:12:12,844
GEOR20066,Pako Forever,3236,03/16/2023, 06:16:03,844
GEOR20066,Pako Forever,3237,03/16/2023, 07:12:11,844
GEOR20066,Pako Forever,3237,03/16/2023, 08:16:24,844
GEOR20066,Pako Forever,3237,03/16/2023, 09:13:49,844
GEOR20066,Pako Forever,3237,03/16/2023, 10:13:57,844
GEOR20066,Pako Forever,3238,03/16/2023, 11:11:04,844
GEOR20066,Pako Forever,3238,03/16/2023, 12:23:43,844
GEOR20066,Pako Forever,3238,03/16/2023, 13:21:38,844
GEOR20066,Pako Forever,3238,03/16/2023, 14:12:30,844
GEOR20066,Pako Forever,3238,03/16/2023, 15:13:43,844
GEOR20066,Pako Forever,3239,03/16/2023, 16:19:29,844
GEOR20066,Pako Forever,3239,03/16/2023, 17:12:08,844
GEOR20066,Pako Forever,3239,03/16/2023, 18:15:39,844
GEOR20066,Pako Forever,3239,03/16/2023, 19:10:26,844
GEOR20066,Pako Forever,3239,03/16/2023, 20:13:23,844
GEOR20066,Pako Forever,3239,03/16/2023, 21:11:20,844
GEOR20066,Pako Forever,3239,03/16/2023, 22:12:10,844
GEOR20066,Pako Forever,3239,03/16/2023, 23:12:45,844
GEOR20066,Pako Forever,3239,03/17/2023, 01:00:35,844
GEOR20066,Pako Forever,3240,03/17/2023, 02:13:48,844
GEOR20066,Pako Forever,3241,03/17/2023, 03:13:17,844
GEOR20066,Pako Forever,3241,03/17/2023, 04:15:02,844
GEOR20066,Pako Forever,3241,03/17/2023, 05:11:47,844
GEOR20066,Pako Forever,3241,03/17/2023, 06:14:32,844
GEOR20066,Pako Forever,3241,03/17/2023, 07:11:44,844
GEOR20066,Pako Forever,3241,03/17/2023, 08:15:53,844
GEOR20066,Pako Forever,3242,03/17/2023, 09:13:00,844
GEOR20066,Pako Forever,3242,03/17/2023, 10:13:34,844
GEOR20066,Pako Forever,3243,03/17/2023, 11:10:54,844
GEOR20066,Pako Forever,3243,03/17/2023, 12:23:22,844
GEOR20066,Pako Forever,3243,03/17/2023, 13:19:40,844
GEOR20066,Pako Forever,3244,03/17/2023, 14:12:08,844
GEOR20066,Pako Forever,3244,03/17/2023, 15:12:51,844
GEOR20066,Pako Forever,3244,03/17/2023, 16:16:26,844
GEOR20066,Pako Forever,3244,03/17/2023, 17:11:32,844
GEOR20066,Pako Forever,3245,03/17/2023, 18:14:36,844
GEOR20066,Pako Forever,3245,03/17/2023, 19:10:24,844
GEOR20066,Pako Forever,3245,03/17/2023, 20:13:27,844
GEOR20066,Pako Forever,3245,03/17/2023, 21:10:59,844
GEOR20066,Pako Forever,3245,03/17/2023, 22:11:44,844
GEOR20066,Pako Forever,3245,03/17/2023, 23:12:16,844
GEOR20066,Pako Forever,3245,03/18/2023, 00:59:32,844
GEOR20066,Pako Forever,3245,03/18/2023, 02:12:48,844
GEOR20066,Pako Forever,3245,03/18/2023, 03:13:02,844
GEOR20066,Pako Forever,3245,03/18/2023, 04:14:32,844
GEOR20066,Pako Forever,3245,03/18/2023, 05:11:11,844
GEOR20066,Pako Forever,3245,03/18/2023, 06:14:56,844
GEOR20066,Pako Forever,3246,03/18/2023, 07:11:07,844
GEOR20066,Pako Forever,3246,03/18/2023, 08:14:45,844
GEOR20066,Pako Forever,3246,03/18/2023, 09:11:29,844
GEOR20066,Pako Forever,3247,03/18/2023, 10:12:16,844
GEOR20066,Pako Forever,3248,03/18/2023, 11:10:16,844
GEOR20066,Pako Forever,3248,03/18/2023, 12:21:04,844
GEOR20066,Pako Forever,3248,03/18/2023, 13:15:50,844
GEOR20066,Pako Forever,3249,03/18/2023, 14:10:41,844
GEOR20066,Pako Forever,3250,03/18/2023, 15:11:59,844
GEOR20066,Pako Forever,3250,03/18/2023, 16:15:04,844
GEOR20066,Pako Forever,3250,03/18/2023, 17:10:28,844
GEOR20066,Pako Forever,3251,03/18/2023, 18:14:22,844
GEOR20066,Pako Forever,3251,03/18/2023, 19:09:38,844
GEOR20066,Pako Forever,3251,03/18/2023, 20:12:24,844
GEOR20066,Pako Forever,3252,03/18/2023, 21:10:59,844
GEOR20066,Pako Forever,3253,03/18/2023, 22:10:59,844
GEOR20066,Pako Forever,3253,03/18/2023, 23:11:56,844
GEOR20066,Pako Forever,3254,03/19/2023, 01:06:12,844
GEOR20066,Pako Forever,3254,03/19/2023, 02:43:58,844
GEOR20066,Pako Forever,3254,03/19/2023, 03:14:33,844
GEOR20066,Pako Forever,3255,03/19/2023, 04:14:25,844
GEOR20066,Pako Forever,3255,03/19/2023, 05:11:26,844
GEOR20066,Pako Forever,3255,03/19/2023, 06:16:14,844
GEOR20066,Pako Forever,3255,03/19/2023, 07:11:10,844
GEOR20066,Pako Forever,3255,03/19/2023, 08:14:46,844
GEOR20066,Pako Forever,3255,03/19/2023, 09:12:00,844
GEOR20066,Pako Forever,3255,03/19/2023, 10:12:35,844
GEOR20066,Pako Forever,3255,03/19/2023, 11:09:56,844
GEOR20066,Pako Forever,3256,03/19/2023, 12:21:37,844
GEOR20066,Pako Forever,3256,03/19/2023, 13:16:35,844
GEOR20066,Pako Forever,3256,03/19/2023, 14:10:36,844
GEOR20066,Pako Forever,3257,03/19/2023, 15:11:53,844
GEOR20066,Pako Forever,3258,03/19/2023, 16:15:00,844
GEOR20066,Pako Forever,3259,03/19/2023, 17:10:39,844
GEOR20066,Pako Forever,3260,03/19/2023, 18:14:25,844
GEOR20066,Pako Forever,3260,03/19/2023, 19:10:04,844
GEOR20066,Pako Forever,3260,03/19/2023, 20:12:40,844
GEOR20066,Pako Forever,3260,03/19/2023, 21:10:42,844
GEOR20066,Pako Forever,3260,03/19/2023, 22:11:38,844
GEOR20066,Pako Forever,3260,03/19/2023, 23:11:51,844
GEOR20066,Pako Forever,3261,03/20/2023, 01:02:39,844
GEOR20066,Pako Forever,3261,03/20/2023, 02:40:19,844
GEOR20066,Pako Forever,3261,03/20/2023, 03:12:49,844
GEOR20066,Pako Forever,3262,03/20/2023, 04:15:32,844
GEOR20066,Pako Forever,3262,03/20/2023, 05:12:20,844
GEOR20066,Pako Forever,3262,03/20/2023, 06:16:46,844
GEOR20066,Pako Forever,3263,03/20/2023, 07:12:24,844
GEOR20066,Pako Forever,3263,03/20/2023, 08:16:41,844
GEOR20066,Pako Forever,3265,03/20/2023, 09:13:36,844
GEOR20066,Pako Forever,3265,03/20/2023, 10:14:12,844
GEOR20066,Pako Forever,3266,03/20/2023, 11:11:16,844
GEOR20066,Pako Forever,3266,03/20/2023, 12:24:09,844
GEOR20066,Pako Forever,3266,03/20/2023, 13:22:00,844
GEOR20066,Pako Forever,3267,03/20/2023, 14:12:57,844
GEOR20066,Pako Forever,3267,03/20/2023, 15:13:28,844
GEOR20066,Pako Forever,3267,03/20/2023, 16:17:51,844
GEOR20066,Pako Forever,3268,03/20/2023, 17:11:54,844
GEOR20066,Pako Forever,3268,03/20/2023, 18:15:57,844
GEOR20066,Pako Forever,3269,03/20/2023, 19:10:22,844
GEOR20066,Pako Forever,3269,03/20/2023, 20:12:29,844
GEOR20066,Pako Forever,3269,03/20/2023, 21:10:35,844
GEOR20066,Pako Forever,3270,03/20/2023, 22:11:16,844
GEOR20066,Pako Forever,3271,03/20/2023, 23:11:51,844
GEOR20066,Pako Forever,3271,03/21/2023, 00:57:30,844
GEOR20066,Pako Forever,3272,03/21/2023, 02:03:59,844
GEOR20066,Pako Forever,3272,03/21/2023, 03:12:57,844
GEOR20066,Pako Forever,3272,03/21/2023, 04:13:42,844
GEOR20066,Pako Forever,3272,03/21/2023, 05:11:56,844
GEOR20066,Pako Forever,3272,03/21/2023, 06:15:19,844
GEOR20066,Pako Forever,3272,03/21/2023, 07:11:20,844
GEOR20066,Pako Forever,3272,03/21/2023, 08:15:45,844
GEOR20066,Pako Forever,3272,03/21/2023, 09:12:30,844
GEOR20066,Pako Forever,3273,03/21/2023, 10:12:58,844
GEOR20066,Pako Forever,3273,03/21/2023, 11:10:29,844
GEOR20066,Pako Forever,3274,03/21/2023, 12:21:58,844
GEOR20066,Pako Forever,3274,03/21/2023, 13:11:53,844
GEOR20066,Pako Forever,3274,03/21/2023, 14:10:02,844
GEOR20066,Pako Forever,3274,03/21/2023, 15:10:55,844
GEOR20066,Pako Forever,3274,03/21/2023, 16:13:53,844
GEOR20066,Pako Forever,3274,03/21/2023, 17:11:15,844
GEOR20066,Pako Forever,3274,03/21/2023, 18:14:44,844
GEOR20066,Pako Forever,3274,03/21/2023, 19:09:54,844
GEOR20066,Pako Forever,3274,03/21/2023, 20:12:38,844
GEOR20066,Pako Forever,3275,03/21/2023, 21:11:05,844
GEOR20066,Pako Forever,3275,03/21/2023, 22:10:22,844
GEOR20066,Pako Forever,3275,03/21/2023, 23:11:45,844
GEOR20066,Pako Forever,3275,03/22/2023, 00:57:02,844
GEOR20066,Pako Forever,3275,03/22/2023, 02:06:11,844
GEOR20066,Pako Forever,3275,03/22/2023, 03:12:25,844
GEOR20066,Pako Forever,3275,03/22/2023, 04:14:04,844
GEOR20066,Pako Forever,3275,03/22/2023, 05:12:23,844
GEOR20066,Pako Forever,3276,03/22/2023, 06:15:04,844
GEOR20066,Pako Forever,3276,03/22/2023, 07:11:26,844
GEOR20066,Pako Forever,3276,03/22/2023, 08:15:13,844
GEOR20066,Pako Forever,3276,03/22/2023, 09:12:08,844
GEOR20066,Pako Forever,3276,03/22/2023, 10:12:55,844
GEOR20066,Pako Forever,3276,03/22/2023, 11:10:24,844
GEOR20066,Pako Forever,3276,03/22/2023, 12:22:11,844
GEOR20066,Pako Forever,3276,03/22/2023, 13:17:12,844
GEOR20066,Pako Forever,3276,03/22/2023, 14:11:33,844
GEOR20066,Pako Forever,3276,03/22/2023, 15:12:57,844
GEOR20066,Pako Forever,3276,03/22/2023, 16:15:40,844
GEOR20066,Pako Forever,3276,03/22/2023, 17:10:55,844
GEOR20066,Pako Forever,3276,03/22/2023, 18:14:47,844
GEOR20066,Pako Forever,3276,03/22/2023, 19:10:07,844
GEOR20066,Pako Forever,3276,03/22/2023, 20:12:30,844
GEOR20066,Pako Forever,3276,03/22/2023, 21:10:31,844
GEOR20066,Pako Forever,3277,03/22/2023, 22:09:56,844
GEOR20066,Pako Forever,3277,03/22/2023, 23:10:00,844
GEOR20066,Pako Forever,3278,03/23/2023, 00:57:30,844
GEOR20066,Pako Forever,3278,03/23/2023, 02:05:46,844
GEOR20066,Pako Forever,3280,03/23/2023, 03:12:31,844
GEOR20066,Pako Forever,3280,03/23/2023, 04:14:12,844
GEOR20066,Pako Forever,3280,03/23/2023, 05:11:13,844
GEOR20066,Pako Forever,3280,03/23/2023, 06:15:07,844
GEOR20066,Pako Forever,3280,03/23/2023, 07:11:23,844
GEOR20066,Pako Forever,3280,03/23/2023, 08:15:21,844
GEOR20066,Pako Forever,3280,03/23/2023, 09:12:24,844
GEOR20066,Pako Forever,3280,03/23/2023, 10:13:10,844
GEOR20066,Pako Forever,3280,03/23/2023, 11:10:32,844
GEOR20066,Pako Forever,3280,03/23/2023, 12:23:03,844
GEOR20066,Pako Forever,3280,03/23/2023, 13:19:01,844
GEOR20066,Pako Forever,3280,03/23/2023, 14:11:57,844
GEOR20066,Pako Forever,3280,03/23/2023, 15:13:15,844
GEOR20066,Pako Forever,3280,03/23/2023, 16:16:38,844
GEOR20066,Pako Forever,3280,03/23/2023, 17:11:27,844
GEOR20066,Pako Forever,3283,03/23/2023, 18:14:58,844
GEOR20066,Pako Forever,3283,03/23/2023, 19:09:52,844
GEOR20066,Pako Forever,3284,03/23/2023, 20:12:37,844
GEOR20066,Pako Forever,3284,03/23/2023, 21:10:46,844
GEOR20066,Pako Forever,3285,03/23/2023, 22:11:36,844
GEOR20066,Pako Forever,3287,03/23/2023, 23:12:11,844
GEOR20066,Pako Forever,3287,03/24/2023, 00:57:33,844
GEOR20066,Pako Forever,3287,03/24/2023, 02:07:40,844
GEOR20066,Pako Forever,3288,03/24/2023, 03:12:47,844
GEOR20066,Pako Forever,3289,03/24/2023, 04:14:33,844
GEOR20066,Pako Forever,3289,03/24/2023, 05:11:33,844
GEOR20066,Pako Forever,3289,03/24/2023, 06:15:25,844
GEOR20066,Pako Forever,3289,03/24/2023, 07:11:03,844
GEOR20066,Pako Forever,3289,03/24/2023, 08:14:10,844
GEOR20066,Pako Forever,3289,03/24/2023, 09:12:15,844
GEOR20066,Pako Forever,3289,03/24/2023, 10:13:05,844
GEOR20066,Pako Forever,3289,03/24/2023, 11:10:16,844
GEOR20066,Pako Forever,3289,03/24/2023, 12:20:52,844
GEOR20066,Pako Forever,3289,03/24/2023, 13:16:28,844
GEOR20066,Pako Forever,3289,03/24/2023, 14:11:38,844
GEOR20066,Pako Forever,3293,03/24/2023, 15:13:02,844
GEOR20066,Pako Forever,3293,03/24/2023, 16:16:09,844
GEOR20066,Pako Forever,3294,03/24/2023, 17:11:31,844
GEOR20066,Pako Forever,3294,03/24/2023, 18:14:53,844
GEOR20066,Pako Forever,3294,03/24/2023, 19:10:00,844
GEOR20066,Pako Forever,3294,03/24/2023, 20:12:42,844
GEOR20066,Pako Forever,3295,03/24/2023, 21:10:32,844
GEOR20066,Pako Forever,3295,03/24/2023, 22:11:29,844
GEOR20066,Pako Forever,3295,03/24/2023, 23:11:37,844
GEOR20066,Pako Forever,3295,03/25/2023, 00:56:20,844
GEOR20066,Pako Forever,3295,03/25/2023, 02:03:51,844
GEOR20066,Pako Forever,3296,03/25/2023, 03:12:17,844
GEOR20066,Pako Forever,3298,03/25/2023, 04:14:01,844
GEOR20066,Pako Forever,3298,03/25/2023, 05:11:08,844
GEOR20066,Pako Forever,3298,03/25/2023, 06:14:21,844
GEOR20066,Pako Forever,3298,03/25/2023, 07:10:25,844
GEOR20066,Pako Forever,3298,03/25/2023, 08:14:05,844
GEOR20066,Pako Forever,3298,03/25/2023, 09:10:54,844
GEOR20066,Pako Forever,3300,03/25/2023, 10:11:43,844
GEOR20066,Pako Forever,3300,03/25/2023, 11:09:16,844
GEOR20066,Pako Forever,3300,03/25/2023, 12:19:54,844
GEOR20066,Pako Forever,3300,03/25/2023, 13:13:48,844
GEOR20066,Pako Forever,3300,03/25/2023, 14:10:11,844
GEOR20066,Pako Forever,3300,03/25/2023, 15:11:01,844
GEOR20066,Pako Forever,3300,03/25/2023, 16:14:17,844
GEOR20066,Pako Forever,3300,03/25/2023, 17:10:25,844
GEOR20066,Pako Forever,3300,03/25/2023, 18:13:27,844
GEOR20066,Pako Forever,3300,03/25/2023, 19:09:33,844
GEOR20066,Pako Forever,3301,03/25/2023, 20:11:48,844
GEOR20066,Pako Forever,3301,03/25/2023, 21:09:56,844
GEOR20066,Pako Forever,3302,03/25/2023, 22:11:33,844
GEOR20066,Pako Forever,3302,03/25/2023, 23:10:59,844
GEOR20066,Pako Forever,3302,03/26/2023, 01:02:11,844
GEOR20066,Pako Forever,3303,03/26/2023, 02:35:16,844
GEOR20066,Pako Forever,3303,03/26/2023, 03:14:03,844
GEOR20066,Pako Forever,3303,03/26/2023, 04:14:14,844
GEOR20066,Pako Forever,3303,03/26/2023, 05:11:08,844
GEOR20066,Pako Forever,3303,03/26/2023, 06:14:15,844
GEOR20066,Pako Forever,3303,03/26/2023, 07:10:44,844
GEOR20066,Pako Forever,3303,03/26/2023, 08:14:07,844
GEOR20066,Pako Forever,3304,03/26/2023, 09:11:05,844
GEOR20066,Pako Forever,3304,03/26/2023, 10:11:42,844
GEOR20066,Pako Forever,3304,03/26/2023, 11:09:40,844
GEOR20066,Pako Forever,3305,03/26/2023, 12:20:14,844
GEOR20066,Pako Forever,3305,03/26/2023, 13:14:04,844
GEOR20066,Pako Forever,3305,03/26/2023, 14:10:12,844
GEOR20066,Pako Forever,3305,03/26/2023, 15:11:03,844
GEOR20066,Pako Forever,3307,03/26/2023, 16:14:24,844
GEOR20066,Pako Forever,3308,03/26/2023, 17:10:04,844
GEOR20066,Pako Forever,3308,03/26/2023, 18:13:46,844
GEOR20066,Pako Forever,3308,03/26/2023, 19:09:25,844
GEOR20066,Pako Forever,3308,03/26/2023, 20:12:08,844
GEOR20066,Pako Forever,3308,03/26/2023, 21:10:11,844
GEOR20066,Pako Forever,3308,03/26/2023, 22:10:58,844
GEOR20066,Pako Forever,3309,03/26/2023, 23:11:33,844
GEOR20066,Pako Forever,3310,03/27/2023, 00:56:36,844
GEOR20066,Pako Forever,3311,03/27/2023, 02:04:42,844
GEOR20066,Pako Forever,3311,03/27/2023, 03:13:15,844
GEOR20066,Pako Forever,3311,03/27/2023, 04:14:47,844
GEOR20066,Pako Forever,3311,03/27/2023, 05:12:35,844
GEOR20066,Pako Forever,3311,03/27/2023, 06:15:52,844
GEOR20066,Pako Forever,3313,03/27/2023, 07:11:55,844
GEOR20066,Pako Forever,3315,03/27/2023, 08:16:06,844
GEOR20066,Pako Forever,3315,03/27/2023, 09:13:25,844
GEOR20066,Pako Forever,3315,03/27/2023, 10:13:38,844
GEOR20066,Pako Forever,3316,03/27/2023, 11:10:41,844
GEOR20066,Pako Forever,3317,03/27/2023, 13:22:15,844
GEOR20066,Pako Forever,3318,03/27/2023, 14:23:29,844
GEOR20066,Pako Forever,3318,03/27/2023, 15:13:39,844
GEOR20066,Pako Forever,3318,03/27/2023, 16:16:13,844
GEOR20066,Pako Forever,3318,03/27/2023, 17:11:21,844
GEOR20066,Pako Forever,3319,03/27/2023, 18:16:47,844
GEOR20066,Pako Forever,3319,03/27/2023, 19:10:15,844
GEOR20066,Pako Forever,3319,03/27/2023, 20:14:27,844
GEOR20066,Pako Forever,3321,03/27/2023, 21:11:00,844
GEOR20066,Pako Forever,3322,03/27/2023, 22:11:48,844
GEOR20066,Pako Forever,3323,03/27/2023, 23:12:23,844
GEOR20066,Pako Forever,3323,03/28/2023, 01:00:06,844
GEOR20066,Pako Forever,3323,03/28/2023, 02:11:41,844
GEOR20066,Pako Forever,3324,03/28/2023, 03:13:05,844
GEOR20066,Pako Forever,3324,03/28/2023, 04:14:40,844
GEOR20066,Pako Forever,3324,03/28/2023, 05:11:52,844
GEOR20066,Pako Forever,3325,03/28/2023, 06:15:52,844
GEOR20066,Pako Forever,3325,03/28/2023, 07:11:34,844
GEOR20066,Pako Forever,3326,03/28/2023, 08:16:33,844
GEOR20066,Pako Forever,3326,03/28/2023, 09:12:55,844
GEOR20066,Pako Forever,3326,03/28/2023, 10:13:27,844
GEOR20066,Pako Forever,3326,03/28/2023, 11:10:53,844
GEOR20066,Pako Forever,3326,03/28/2023, 12:24:01,844
GEOR20066,Pako Forever,3326,03/28/2023, 13:20:30,844
GEOR20066,Pako Forever,3327,03/28/2023, 14:12:35,844
GEOR20066,Pako Forever,3327,03/28/2023, 15:13:26,844
GEOR20066,Pako Forever,3327,03/28/2023, 16:21:29,844
GEOR20066,Pako Forever,3327,03/28/2023, 17:10:57,844
GEOR20066,Pako Forever,3327,03/28/2023, 18:15:14,844
GEOR20066,Pako Forever,3327,03/28/2023, 19:09:55,844
GEOR20066,Pako Forever,3328,03/28/2023, 20:13:08,844
GEOR20066,Pako Forever,3328,03/28/2023, 21:10:52,844
GEOR20066,Pako Forever,3328,03/28/2023, 22:11:26,844
GEOR20066,Pako Forever,3329,03/28/2023, 23:11:51,844
GEOR20066,Pako Forever,3330,03/29/2023, 01:04:07,844
GEOR20066,Pako Forever,3331,03/29/2023, 02:40:00,844
GEOR20066,Pako Forever,3331,03/29/2023, 03:12:40,844
GEOR20066,Pako Forever,3331,03/29/2023, 04:14:53,844
GEOR20066,Pako Forever,3332,03/29/2023, 05:11:39,844
GEOR20066,Pako Forever,3332,03/29/2023, 06:16:03,844
GEOR20066,Pako Forever,3332,03/29/2023, 07:11:39,844
GEOR20066,Pako Forever,3332,03/29/2023, 08:15:59,844
GEOR20066,Pako Forever,3332,03/29/2023, 09:12:55,844
GEOR20066,Pako Forever,3332,03/29/2023, 10:13:42,844
GEOR20066,Pako Forever,3332,03/29/2023, 11:10:41,844
GEOR20066,Pako Forever,3334,03/29/2023, 12:25:09,844
GEOR20066,Pako Forever,3334,03/29/2023, 13:20:52,844
GEOR20066,Pako Forever,3334,03/29/2023, 14:12:42,844
GEOR20066,Pako Forever,3334,03/29/2023, 15:23:28,844
GEOR20066,Pako Forever,3337,03/29/2023, 17:39:37,844
GEOR20066,Pako Forever,3337,03/29/2023, 18:21:22,844
GEOR20066,Pako Forever,3337,03/29/2023, 19:10:40,844
GEOR20066,Pako Forever,3337,03/29/2023, 20:12:50,844
GEOR20066,Pako Forever,3338,03/29/2023, 21:11:18,844
GEOR20066,Pako Forever,3338,03/29/2023, 22:12:18,844
GEOR20066,Pako Forever,3338,03/29/2023, 23:12:22,844
GEOR20066,Pako Forever,3338,03/30/2023, 00:59:38,844
GEOR20066,Pako Forever,3338,03/30/2023, 02:11:54,844
GEOR20066,Pako Forever,3338,03/30/2023, 03:13:14,844
GEOR20066,Pako Forever,3338,03/30/2023, 04:14:16,844
GEOR20066,Pako Forever,3338,03/30/2023, 05:12:00,844
GEOR20066,Pako Forever,3338,03/30/2023, 06:15:35,844
GEOR20066,Pako Forever,3338,03/30/2023, 07:11:51,844
GEOR20066,Pako Forever,3339,03/30/2023, 08:15:28,844
GEOR20066,Pako Forever,3339,03/30/2023, 09:13:26,844
GEOR20066,Pako Forever,3339,03/30/2023, 10:13:16,844
GEOR20066,Pako Forever,3339,03/30/2023, 11:10:28,844
GEOR20066,Pako Forever,3339,03/30/2023, 12:23:14,844
GEOR20066,Pako Forever,3339,03/30/2023, 13:18:54,844
GEOR20066,Pako Forever,3339,03/30/2023, 14:11:44,844
GEOR20066,Pako Forever,3339,03/30/2023, 15:12:46,844
GEOR20066,Pako Forever,3340,03/30/2023, 16:15:56,844
GEOR20066,Pako Forever,3340,03/30/2023, 17:10:52,844
GEOR20066,Pako Forever,3340,03/30/2023, 18:13:56,844
GEOR20066,Pako Forever,3341,03/30/2023, 19:09:05,844
GEOR20066,Pako Forever,3341,03/30/2023, 20:12:39,844
GEOR20066,Pako Forever,3342,03/30/2023, 21:11:41,844
GEOR20066,Pako Forever,3342,03/30/2023, 22:11:10,844
GEOR20066,Pako Forever,3343,03/30/2023, 23:12:21,844
GEOR20066,Pako Forever,3343,03/31/2023, 00:59:39,844
GEOR20066,Pako Forever,3344,03/31/2023, 02:11:22,844
GEOR20066,Pako Forever,3344,03/31/2023, 03:13:05,844
GEOR20066,Pako Forever,3344,03/31/2023, 04:14:21,844
GEOR20066,Pako Forever,3344,03/31/2023, 05:11:24,844
GEOR20066,Pako Forever,3344,03/31/2023, 06:15:37,844
GEOR20066,Pako Forever,3344,03/31/2023, 07:11:19,844
GEOR20066,Pako Forever,3344,03/31/2023, 08:15:09,844
GEOR20066,Pako Forever,3344,03/31/2023, 09:12:22,844
GEOR20066,Pako Forever,3344,03/31/2023, 10:13:16,844
GEOR20066,Pako Forever,3344,03/31/2023, 11:10:15,844
GEOR20066,Pako Forever,3344,03/31/2023, 12:21:57,844
GEOR20066,Pako Forever,3344,03/31/2023, 13:16:51,844
GEOR20066,Pako Forever,3344,03/31/2023, 14:11:26,844
GEOR20066,Pako Forever,3344,03/31/2023, 15:12:22,844
GEOR20066,Pako Forever,3345,03/31/2023, 16:14:17,844
GEOR20066,Pako Forever,3345,03/31/2023, 17:10:40,844
GEOR20066,Pako Forever,3346,03/31/2023, 18:13:15,844
GEOR20066,Pako Forever,3346,03/31/2023, 19:09:24,844
GEOR20066,Pako Forever,3349,03/31/2023, 20:11:49,844
GEOR20066,Pako Forever,3349,03/31/2023, 21:09:06,844
GEOR20066,Pako Forever,3349,03/31/2023, 22:10:46,844
GEOR20066,Pako Forever,3349,03/31/2023, 23:11:05,844
GEOR20066,Pako Forever,3349,04/01/2023, 00:58:16,844
GEOR20066,Pako Forever,3351,04/01/2023, 02:05:14,844
GEOR20066,Pako Forever,3351,04/01/2023, 03:12:09,844
GEOR20066,Pako Forever,3351,04/01/2023, 04:13:45,844
GEOR20066,Pako Forever,3351,04/01/2023, 05:10:43,844
GEOR20066,Pako Forever,3351,04/01/2023, 06:14:07,844
GEOR20066,Pako Forever,3353,04/01/2023, 07:10:15,844
GEOR20066,Pako Forever,3353,04/01/2023, 08:13:36,844
GEOR20066,Pako Forever,3356,04/01/2023, 09:10:47,844
GEOR20066,Pako Forever,3357,04/01/2023, 10:11:24,844
GEOR20066,Pako Forever,3357,04/01/2023, 11:09:14,844
GEOR20066,Pako Forever,3359,04/01/2023, 12:19:09,844
GEOR20066,Pako Forever,3359,04/01/2023, 13:12:22,844
GEOR20066,Pako Forever,3359,04/01/2023, 14:09:41,844
GEOR20066,Pako Forever,3359,04/01/2023, 15:10:33,844
GEOR20066,Pako Forever,3361,04/01/2023, 16:13:36,844
GEOR20066,Pako Forever,3361,04/01/2023, 17:09:43,844
GEOR20066,Pako Forever,3361,04/01/2023, 18:12:59,844
GEOR20066,Pako Forever,3361,04/01/2023, 19:08:58,844
GEOR20066,Pako Forever,3361,04/01/2023, 20:11:39,844
GEOR20066,Pako Forever,3363,04/01/2023, 21:10:16,844
GEOR20066,Pako Forever,3364,04/01/2023, 22:10:10,844
GEOR20066,Pako Forever,3364,04/01/2023, 23:10:55,844
GEOR20066,Pako Forever,3364,04/02/2023, 00:59:23,844
GEOR20066,Pako Forever,3364,04/02/2023, 02:06:47,844
GEOR20066,Pako Forever,3365,04/02/2023, 03:11:37,844
GEOR20066,Pako Forever,3365,04/02/2023, 04:13:36,844
GEOR20066,Pako Forever,3365,04/02/2023, 05:10:43,844
GEOR20066,Pako Forever,3365,04/02/2023, 06:13:59,844
GEOR20066,Pako Forever,3365,04/02/2023, 07:10:14,844
GEOR20066,Pako Forever,3365,04/02/2023, 08:14:00,844
GEOR20066,Pako Forever,3365,04/02/2023, 09:10:44,844
GEOR20066,Pako Forever,3365,04/02/2023, 10:11:18,844
GEOR20066,Pako Forever,3365,04/02/2023, 11:09:15,844
GEOR20066,Pako Forever,3365,04/02/2023, 12:19:46,844
GEOR20066,Pako Forever,3366,04/02/2023, 13:12:37,844
GEOR20066,Pako Forever,3366,04/02/2023, 14:10:00,844
GEOR20066,Pako Forever,3366,04/02/2023, 15:10:53,844
GEOR20066,Pako Forever,3367,04/02/2023, 16:13:32,844
GEOR20066,Pako Forever,3367,04/02/2023, 17:09:43,844
GEOR20066,Pako Forever,3368,04/02/2023, 18:12:58,844
GEOR20066,Pako Forever,3368,04/02/2023, 19:09:26,844
GEOR20066,Pako Forever,3371,04/02/2023, 20:12:04,844
GEOR20066,Pako Forever,3371,04/02/2023, 21:09:48,844
GEOR20066,Pako Forever,3371,04/02/2023, 22:10:23,844
GEOR20066,Pako Forever,3371,04/02/2023, 23:10:52,844
GEOR20066,Pako Forever,3371,04/03/2023, 00:55:09,844
GEOR20066,Pako Forever,3371,04/03/2023, 02:00:13,844
GEOR20066,Pako Forever,3371,04/03/2023, 02:31:52,844
GEOR20066,Pako Forever,3371,04/03/2023, 03:12:19,844
GEOR20066,Pako Forever,3373,04/03/2023, 04:14:00,844
GEOR20066,Pako Forever,3373,04/03/2023, 05:11:19,844
GEOR20066,Pako Forever,3374,04/03/2023, 06:15:17,844
GEOR20066,Pako Forever,3374,04/03/2023, 07:11:13,844
GEOR20066,Pako Forever,3375,04/03/2023, 08:15:28,844
GEOR20066,Pako Forever,3375,04/03/2023, 09:12:15,844
GEOR20066,Pako Forever,3376,04/03/2023, 10:12:49,844
GEOR20066,Pako Forever,3376,04/03/2023, 11:10:14,844
GEOR20066,Pako Forever,3376,04/03/2023, 12:21:58,844
GEOR20066,Pako Forever,3376,04/03/2023, 13:15:21,844
GEOR20066,Pako Forever,3376,04/03/2023, 14:11:20,844
GEOR20066,Pako Forever,3377,04/03/2023, 15:12:11,844
GEOR20066,Pako Forever,3378,04/03/2023, 16:14:57,844
GEOR20066,Pako Forever,3380,04/03/2023, 17:10:53,844
GEOR20066,Pako Forever,3381,04/03/2023, 18:14:02,844
GEOR20066,Pako Forever,3383,04/03/2023, 19:09:42,844
GEOR20066,Pako Forever,3383,04/03/2023, 20:12:12,844
GEOR20066,Pako Forever,3385,04/03/2023, 21:10:14,844
GEOR20066,Pako Forever,3385,04/03/2023, 22:10:46,844
GEOR20066,Pako Forever,3385,04/03/2023, 23:11:38,844
GEOR20066,Pako Forever,3385,04/04/2023, 00:56:14,844
GEOR20066,Pako Forever,3385,04/04/2023, 02:05:04,844
GEOR20066,Pako Forever,3386,04/04/2023, 03:12:06,844
GEOR20066,Pako Forever,3386,04/04/2023, 04:13:55,844
GEOR20066,Pako Forever,3386,04/04/2023, 05:11:08,844
GEOR20066,Pako Forever,3387,04/04/2023, 06:14:58,844
GEOR20066,Pako Forever,3387,04/04/2023, 07:10:53,844
GEOR20066,Pako Forever,3387,04/04/2023, 08:15:23,844
GEOR20066,Pako Forever,3387,04/04/2023, 09:11:51,844
GEOR20066,Pako Forever,3387,04/04/2023, 10:12:25,844
GEOR20066,Pako Forever,3388,04/04/2023, 11:09:43,844
GEOR20066,Pako Forever,3388,04/04/2023, 12:21:21,844
GEOR20066,Pako Forever,3388,04/04/2023, 13:15:33,844
GEOR20066,Pako Forever,3388,04/04/2023, 14:12:04,844
GEOR20066,Pako Forever,3388,04/04/2023, 15:12:12,844
GEOR20066,Pako Forever,3388,04/04/2023, 16:15:10,844
GEOR20066,Pako Forever,3388,04/04/2023, 17:09:33,844
GEOR20066,Pako Forever,3389,04/04/2023, 18:12:24,844
GEOR20066,Pako Forever,3389,04/04/2023, 19:09:33,844
GEOR20066,Pako Forever,3389,04/04/2023, 20:12:33,844
GEOR20066,Pako Forever,3389,04/04/2023, 21:10:23,844
GEOR20066,Pako Forever,3389,04/04/2023, 22:12:03,844
GEOR20066,Pako Forever,3389,04/04/2023, 23:11:08,844
GEOR20066,Pako Forever,3390,04/05/2023, 00:47:19,844
GEOR20066,Pako Forever,3391,04/05/2023, 01:47:47,844
GEOR20066,Pako Forever,3391,04/05/2023, 02:18:41,844
GEOR20066,Pako Forever,3391,04/05/2023, 03:12:51,844
GEOR20066,Pako Forever,3391,04/05/2023, 04:14:03,844
GEOR20066,Pako Forever,3391,04/05/2023, 05:11:12,844
GEOR20066,Pako Forever,3391,04/05/2023, 06:15:33,844
GEOR20066,Pako Forever,3391,04/05/2023, 07:11:37,844
GEOR20066,Pako Forever,3391,04/05/2023, 08:16:03,844
GEOR20066,Pako Forever,3392,04/05/2023, 09:13:04,844
GEOR20066,Pako Forever,3393,04/05/2023, 10:14:06,844
GEOR20066,Pako Forever,3393,04/05/2023, 11:10:48,844
GEOR20066,Pako Forever,3393,04/05/2023, 12:26:56,844
GEOR20066,Pako Forever,3393,04/05/2023, 13:23:57,844
GEOR20066,Pako Forever,3393,04/05/2023, 14:12:24,844
GEOR20066,Pako Forever,3393,04/05/2023, 15:13:53,844
GEOR20066,Pako Forever,3393,04/05/2023, 16:18:20,844
GEOR20066,Pako Forever,3394,04/05/2023, 17:11:51,844
GEOR20066,Pako Forever,3395,04/05/2023, 18:16:31,844
GEOR20066,Pako Forever,3395,04/05/2023, 19:10:56,844
GEOR20066,Pako Forever,3396,04/05/2023, 20:13:24,844
GEOR20066,Pako Forever,3397,04/05/2023, 21:11:40,844
GEOR20066,Pako Forever,3398,04/05/2023, 22:10:57,844
GEOR20066,Pako Forever,3399,04/05/2023, 23:09:48,844
GEOR20066,Pako Forever,3399,04/06/2023, 00:53:48,844
GEOR20066,Pako Forever,3399,04/06/2023, 02:02:09,844
GEOR20066,Pako Forever,3399,04/06/2023, 03:12:10,844
GEOR20066,Pako Forever,3399,04/06/2023, 04:13:52,844
GEOR20066,Pako Forever,3399,04/06/2023, 05:11:06,844
GEOR20066,Pako Forever,3399,04/06/2023, 06:14:42,844
GEOR20066,Pako Forever,3399,04/06/2023, 07:10:53,844
GEOR20066,Pako Forever,3399,04/06/2023, 08:14:28,844
GEOR20066,Pako Forever,3399,04/06/2023, 09:11:50,844
GEOR20066,Pako Forever,3399,04/06/2023, 10:12:01,844
GEOR20066,Pako Forever,3400,04/06/2023, 11:09:41,844
GEOR20066,Pako Forever,3400,04/06/2023, 12:21:02,844
GEOR20066,Pako Forever,3400,04/06/2023, 13:14:17,844
GEOR20066,Pako Forever,3402,04/06/2023, 14:10:54,844
GEOR20066,Pako Forever,3402,04/06/2023, 15:11:08,844
GEOR20066,Pako Forever,3402,04/06/2023, 16:14:55,844
GEOR20066,Pako Forever,3402,04/06/2023, 17:10:20,844
GEOR20066,Pako Forever,3402,04/06/2023, 18:13:48,844
GEOR20066,Pako Forever,3402,04/06/2023, 19:09:24,844
GEOR20066,Pako Forever,3402,04/06/2023, 20:11:59,844
GEOR20066,Pako Forever,3402,04/06/2023, 21:09:46,844
GEOR20066,Pako Forever,3402,04/06/2023, 22:10:50,844
GEOR20066,Pako Forever,3402,04/06/2023, 23:11:38,844
GEOR20066,Pako Forever,3402,04/07/2023, 00:51:25,844
GEOR20066,Pako Forever,3402,04/07/2023, 01:58:41,844
GEOR20066,Pako Forever,3402,04/07/2023, 02:29:24,844
GEOR20066,Pako Forever,3402,04/07/2023, 03:12:08,844
GEOR20066,Pako Forever,3402,04/07/2023, 04:13:54,844
GEOR20066,Pako Forever,3402,04/07/2023, 05:11:06,844
GEOR20066,Pako Forever,3404,04/07/2023, 06:14:56,844
GEOR20066,Pako Forever,3404,04/07/2023, 07:10:45,844
GEOR20066,Pako Forever,3404,04/07/2023, 08:14:24,844
GEOR20066,Pako Forever,3404,04/07/2023, 09:11:31,844
GEOR20066,Pako Forever,3404,04/07/2023, 10:12:05,844
GEOR20066,Pako Forever,3404,04/07/2023, 11:09:46,844
GEOR20066,Pako Forever,3404,04/07/2023, 12:20:38,844
GEOR20066,Pako Forever,3404,04/07/2023, 13:14:11,844
GEOR20066,Pako Forever,3404,04/07/2023, 14:10:33,844
GEOR20066,Pako Forever,3404,04/07/2023, 15:11:32,844
GEOR20066,Pako Forever,3404,04/07/2023, 16:14:31,844
GEOR20066,Pako Forever,3404,04/07/2023, 17:10:17,844
GEOR20066,Pako Forever,3404,04/07/2023, 18:13:29,844
GEOR20066,Pako Forever,3404,04/07/2023, 19:09:12,844
GEOR20066,Pako Forever,3404,04/07/2023, 20:11:59,844
GEOR20066,Pako Forever,3404,04/07/2023, 21:09:54,844
GEOR20066,Pako Forever,3405,04/07/2023, 22:10:29,844
GEOR20066,Pako Forever,3405,04/07/2023, 23:11:06,844
GEOR20066,Pako Forever,3405,04/08/2023, 00:53:26,844
GEOR20066,Pako Forever,3406,04/08/2023, 01:56:56,844
GEOR20066,Pako Forever,3406,04/08/2023, 02:24:20,844
GEOR20066,Pako Forever,3406,04/08/2023, 03:12:14,844
GEOR20066,Pako Forever,3406,04/08/2023, 04:13:16,844
GEOR20066,Pako Forever,3406,04/08/2023, 05:10:29,844
GEOR20066,Pako Forever,3406,04/08/2023, 06:14:07,844
GEOR20066,Pako Forever,3407,04/08/2023, 07:10:01,844
GEOR20066,Pako Forever,3408,04/08/2023, 08:13:25,844
GEOR20066,Pako Forever,3408,04/08/2023, 09:10:34,844
GEOR20066,Pako Forever,3408,04/08/2023, 10:11:04,844
GEOR20066,Pako Forever,3408,04/08/2023, 11:09:06,844
GEOR20066,Pako Forever,3408,04/08/2023, 12:19:21,844
GEOR20066,Pako Forever,3408,04/08/2023, 13:12:06,844
GEOR20066,Pako Forever,3408,04/08/2023, 14:09:52,844
GEOR20066,Pako Forever,3409,04/08/2023, 15:10:41,844
GEOR20066,Pako Forever,3409,04/08/2023, 16:13:35,844
GEOR20066,Pako Forever,3411,04/08/2023, 17:09:52,844
GEOR20066,Pako Forever,3411,04/08/2023, 18:12:59,844
GEOR20066,Pako Forever,3411,04/08/2023, 19:09:04,844
GEOR20066,Pako Forever,3412,04/08/2023, 20:11:19,844
GEOR20066,Pako Forever,3412,04/08/2023, 21:09:57,844
GEOR20066,Pako Forever,3412,04/08/2023, 22:10:22,844
GEOR20066,Pako Forever,3412,04/08/2023, 23:10:46,844
GEOR20066,Pako Forever,3413,04/09/2023, 00:57:01,844
GEOR20066,Pako Forever,3413,04/09/2023, 02:03:59,844
GEOR20066,Pako Forever,3414,04/09/2023, 03:11:48,844
GEOR20066,Pako Forever,3414,04/09/2023, 04:13:26,844
GEOR20066,Pako Forever,3414,04/09/2023, 05:10:40,844
GEOR20066,Pako Forever,3414,04/09/2023, 06:13:52,844
GEOR20066,Pako Forever,3414,04/09/2023, 07:09:50,844
GEOR20066,Pako Forever,3414,04/09/2023, 08:13:20,844
GEOR20066,Pako Forever,3414,04/09/2023, 09:10:40,844
GEOR20066,Pako Forever,3416,04/09/2023, 10:11:22,844
GEOR20066,Pako Forever,3416,04/09/2023, 11:09:33,844
GEOR20066,Pako Forever,3416,04/09/2023, 12:19:28,844
GEOR20066,Pako Forever,3417,04/09/2023, 13:12:28,844
GEOR20066,Pako Forever,3417,04/09/2023, 14:09:41,844
GEOR20066,Pako Forever,3417,04/09/2023, 15:10:51,844
GEOR20066,Pako Forever,3418,04/09/2023, 16:13:33,844
GEOR20066,Pako Forever,3418,04/09/2023, 17:09:53,844
GEOR20066,Pako Forever,3419,04/09/2023, 18:13:06,844
GEOR20066,Pako Forever,3419,04/09/2023, 19:09:00,844
GEOR20066,Pako Forever,3420,04/09/2023, 20:11:30,844
GEOR20066,Pako Forever,3420,04/09/2023, 21:09:45,844
GEOR20066,Pako Forever,3421,04/09/2023, 22:10:33,844
GEOR20066,Pako Forever,3421,04/09/2023, 23:10:47,844
GEOR20066,Pako Forever,3421,04/10/2023, 00:55:54,844
GEOR20066,Pako Forever,3421,04/10/2023, 01:59:53,844
GEOR20066,Pako Forever,3421,04/10/2023, 02:32:03,844
GEOR20066,Pako Forever,3421,04/10/2023, 03:12:12,844
GEOR20066,Pako Forever,3422,04/10/2023, 04:14:05,844
GEOR20066,Pako Forever,3422,04/10/2023, 05:11:44,844
GEOR20066,Pako Forever,3423,04/10/2023, 06:15:20,844
GEOR20066,Pako Forever,3423,04/10/2023, 07:11:09,844
GEOR20066,Pako Forever,3423,04/10/2023, 08:14:52,844
GEOR20066,Pako Forever,3423,04/10/2023, 09:11:55,844
GEOR20066,Pako Forever,3423,04/10/2023, 10:12:43,844
GEOR20066,Pako Forever,3424,04/10/2023, 11:09:58,844
GEOR20066,Pako Forever,3424,04/10/2023, 12:20:52,844
GEOR20066,Pako Forever,3424,04/10/2023, 13:14:24,844
GEOR20066,Pako Forever,3424,04/10/2023, 14:10:50,844
GEOR20066,Pako Forever,3424,04/10/2023, 15:10:34,844
GEOR20066,Pako Forever,3424,04/10/2023, 16:14:43,844
GEOR20066,Pako Forever,3425,04/10/2023, 17:10:37,844
GEOR20066,Pako Forever,3425,04/10/2023, 18:14:02,844
GEOR20066,Pako Forever,3425,04/10/2023, 19:09:35,844
GEOR20066,Pako Forever,3426,04/10/2023, 20:12:38,844
GEOR20066,Pako Forever,3426,04/10/2023, 21:10:48,844
GEOR20066,Pako Forever,3427,04/10/2023, 22:11:06,844
GEOR20066,Pako Forever,3428,04/10/2023, 23:11:42,844
GEOR20066,Pako Forever,3428,04/11/2023, 00:55:49,844
GEOR20066,Pako Forever,3428,04/11/2023, 02:02:02,844
GEOR20066,Pako Forever,3429,04/11/2023, 03:12:29,844
GEOR20066,Pako Forever,3429,04/11/2023, 04:13:52,844
GEOR20066,Pako Forever,3429,04/11/2023, 05:11:09,844
GEOR20066,Pako Forever,3429,04/11/2023, 06:15:03,844
GEOR20066,Pako Forever,3429,04/11/2023, 07:11:22,844
GEOR20066,Pako Forever,3430,04/11/2023, 08:15:01,844
GEOR20066,Pako Forever,3430,04/11/2023, 09:12:11,844
GEOR20066,Pako Forever,3430,04/11/2023, 10:12:54,844
GEOR20066,Pako Forever,3430,04/11/2023, 11:10:06,844
GEOR20066,Pako Forever,3430,04/11/2023, 12:21:34,844
GEOR20066,Pako Forever,3430,04/11/2023, 13:15:26,844
GEOR20066,Pako Forever,3431,04/11/2023, 14:11:33,844
GEOR20066,Pako Forever,3432,04/11/2023, 15:12:17,844
GEOR20066,Pako Forever,3432,04/11/2023, 16:15:19,844
GEOR20066,Pako Forever,3432,04/11/2023, 17:10:25,844
GEOR20066,Pako Forever,3432,04/11/2023, 18:13:21,844
GEOR20066,Pako Forever,3432,04/11/2023, 19:09:25,844
GEOR20066,Pako Forever,3432,04/11/2023, 20:12:08,844
GEOR20066,Pako Forever,3432,04/11/2023, 21:10:19,844
GEOR20066,Pako Forever,3432,04/11/2023, 22:10:59,844
GEOR20066,Pako Forever,3433,04/11/2023, 23:11:43,844
GEOR20066,Pako Forever,3433,04/12/2023, 00:55:41,844
GEOR20066,Pako Forever,3433,04/12/2023, 02:02:40,844
GEOR20066,Pako Forever,3434,04/12/2023, 03:12:21,844
GEOR20066,Pako Forever,3435,04/12/2023, 04:14:00,844
GEOR20066,Pako Forever,3435,04/12/2023, 05:11:25,844
GEOR20066,Pako Forever,3437,04/12/2023, 06:15:04,844
GEOR20066,Pako Forever,3437,04/12/2023, 07:10:51,844
GEOR20066,Pako Forever,3438,04/12/2023, 08:14:38,844
GEOR20066,Pako Forever,3438,04/12/2023, 09:11:57,844
GEOR20066,Pako Forever,3438,04/12/2023, 10:12:49,844
GEOR20066,Pako Forever,3438,04/12/2023, 11:10:02,844
GEOR20066,Pako Forever,3438,04/12/2023, 12:21:39,844
GEOR20066,Pako Forever,3438,04/12/2023, 13:15:20,844
GEOR20066,Pako Forever,3438,04/12/2023, 14:10:48,844
GEOR20066,Pako Forever,3438,04/12/2023, 15:12:24,844
GEOR20066,Pako Forever,3438,04/12/2023, 16:14:56,844
GEOR20066,Pako Forever,3439,04/12/2023, 17:10:32,844
GEOR20066,Pako Forever,3439,04/12/2023, 18:14:55,844
GEOR20066,Pako Forever,3439,04/12/2023, 19:09:40,844
GEOR20066,Pako Forever,3439,04/12/2023, 20:12:24,844
GEOR20066,Pako Forever,3439,04/12/2023, 21:10:23,844
GEOR20066,Pako Forever,3439,04/12/2023, 22:11:08,844
GEOR20066,Pako Forever,3439,04/12/2023, 23:11:22,844
GEOR20066,Pako Forever,3439,04/13/2023, 00:54:36,844
GEOR20066,Pako Forever,3439,04/13/2023, 02:01:28,844
GEOR20066,Pako Forever,3439,04/13/2023, 02:34:36,844
GEOR20066,Pako Forever,3439,04/13/2023, 03:12:09,844
GEOR20066,Pako Forever,3439,04/13/2023, 04:14:04,844
GEOR20066,Pako Forever,3439,04/13/2023, 05:11:01,844
GEOR20066,Pako Forever,3439,04/13/2023, 06:14:48,844
GEOR20066,Pako Forever,3439,04/13/2023, 07:11:25,844
GEOR20066,Pako Forever,3440,04/13/2023, 08:14:45,844
GEOR20066,Pako Forever,3441,04/13/2023, 09:12:09,844
GEOR20066,Pako Forever,3442,04/13/2023, 10:12:31,844
GEOR20066,Pako Forever,3442,04/13/2023, 11:10:09,844
GEOR20066,Pako Forever,3442,04/13/2023, 12:22:11,844
GEOR20066,Pako Forever,3442,04/13/2023, 13:15:15,844
GEOR20066,Pako Forever,3443,04/13/2023, 14:11:23,844
GEOR20066,Pako Forever,3444,04/13/2023, 15:12:18,844
GEOR20066,Pako Forever,3445,04/13/2023, 16:14:02,844
GEOR20066,Pako Forever,3446,04/13/2023, 17:10:11,844
GEOR20066,Pako Forever,3446,04/13/2023, 18:14:29,844
GEOR20066,Pako Forever,3446,04/13/2023, 19:10:01,844
GEOR20066,Pako Forever,3446,04/13/2023, 20:12:16,844
GEOR20066,Pako Forever,3446,04/13/2023, 21:10:26,844
GEOR20066,Pako Forever,3446,04/13/2023, 22:11:08,844
GEOR20066,Pako Forever,3446,04/13/2023, 23:11:56,844
GEOR20066,Pako Forever,3446,04/14/2023, 00:54:46,844
GEOR20066,Pako Forever,3447,04/14/2023, 02:00:34,844
GEOR20066,Pako Forever,3447,04/14/2023, 02:33:25,844
GEOR20066,Pako Forever,3447,04/14/2023, 03:12:18,844
GEOR20066,Pako Forever,3447,04/14/2023, 04:13:49,844
GEOR20066,Pako Forever,3447,04/14/2023, 05:11:14,844
GEOR20066,Pako Forever,3447,04/14/2023, 06:14:55,844
GEOR20066,Pako Forever,3447,04/14/2023, 07:11:14,844
GEOR20066,Pako Forever,3447,04/14/2023, 08:14:27,844
GEOR20066,Pako Forever,3447,04/14/2023, 09:11:49,844
GEOR20066,Pako Forever,3447,04/14/2023, 10:12:33,844
GEOR20066,Pako Forever,3447,04/14/2023, 11:10:16,844
GEOR20066,Pako Forever,3448,04/14/2023, 12:21:11,844
GEOR20066,Pako Forever,3448,04/14/2023, 13:14:30,844
GEOR20066,Pako Forever,3449,04/14/2023, 14:11:00,844
GEOR20066,Pako Forever,3450,04/14/2023, 15:11:58,844
GEOR20066,Pako Forever,3450,04/14/2023, 16:14:55,844
GEOR20066,Pako Forever,3450,04/14/2023, 17:09:50,844
GEOR20066,Pako Forever,3450,04/14/2023, 18:13:55,844
GEOR20066,Pako Forever,3450,04/14/2023, 19:09:17,844
GEOR20066,Pako Forever,3451,04/14/2023, 20:12:12,844
GEOR20066,Pako Forever,3451,04/14/2023, 21:10:18,844
GEOR20066,Pako Forever,3452,04/14/2023, 22:10:53,844
GEOR20066,Pako Forever,3452,04/14/2023, 23:11:36,844
GEOR20066,Pako Forever,3453,04/15/2023, 00:57:19,844
GEOR20066,Pako Forever,3453,04/15/2023, 02:04:13,844
GEOR20066,Pako Forever,3453,04/15/2023, 03:11:48,844
GEOR20066,Pako Forever,3453,04/15/2023, 04:13:32,844
GEOR20066,Pako Forever,3453,04/15/2023, 05:10:53,844
GEOR20066,Pako Forever,3453,04/15/2023, 06:14:12,844
GEOR20066,Pako Forever,3453,04/15/2023, 07:10:21,844
GEOR20066,Pako Forever,3453,04/15/2023, 08:13:40,844
GEOR20066,Pako Forever,3453,04/15/2023, 09:11:00,844
GEOR20066,Pako Forever,3453,04/15/2023, 10:11:27,844
GEOR20066,Pako Forever,3453,04/15/2023, 11:09:16,844
GEOR20066,Pako Forever,3454,04/15/2023, 12:19:26,844
GEOR20066,Pako Forever,3454,04/15/2023, 13:12:44,844
GEOR20066,Pako Forever,3454,04/15/2023, 14:09:51,844
GEOR20066,Pako Forever,3454,04/15/2023, 15:11:11,844
GEOR20066,Pako Forever,3454,04/15/2023, 16:14:02,844
GEOR20066,Pako Forever,3456,04/15/2023, 17:09:57,844
GEOR20066,Pako Forever,3457,04/15/2023, 18:13:09,844
GEOR20066,Pako Forever,3457,04/15/2023, 19:09:04,844
GEOR20066,Pako Forever,3458,04/15/2023, 20:11:43,844
GEOR20066,Pako Forever,3459,04/15/2023, 21:10:05,844
GEOR20066,Pako Forever,3459,04/15/2023, 22:10:42,844
GEOR20066,Pako Forever,3460,04/15/2023, 23:11:17,844
GEOR20066,Pako Forever,3460,04/16/2023, 00:58:07,844
GEOR20066,Pako Forever,3460,04/16/2023, 02:10:17,844
GEOR20066,Pako Forever,3461,04/16/2023, 03:12:19,844
GEOR20066,Pako Forever,3461,04/16/2023, 04:13:34,844
GEOR20066,Pako Forever,3462,04/16/2023, 05:10:55,844
GEOR20066,Pako Forever,3462,04/16/2023, 06:14:13,844
GEOR20066,Pako Forever,3462,04/16/2023, 07:10:20,844
GEOR20066,Pako Forever,3462,04/16/2023, 08:13:41,844
GEOR20066,Pako Forever,3462,04/16/2023, 09:10:46,844
GEOR20066,Pako Forever,3462,04/16/2023, 10:11:24,844
GEOR20066,Pako Forever,3463,04/16/2023, 11:09:32,844
GEOR20066,Pako Forever,3463,04/16/2023, 12:19:50,844
GEOR20066,Pako Forever,3463,04/16/2023, 13:13:17,844
GEOR20066,Pako Forever,3463,04/16/2023, 14:09:50,844
GEOR20066,Pako Forever,3463,04/16/2023, 15:11:06,844
GEOR20066,Pako Forever,3463,04/16/2023, 16:14:00,844
GEOR20066,Pako Forever,3463,04/16/2023, 17:10:02,844
GEOR20066,Pako Forever,3463,04/16/2023, 18:13:29,844
GEOR20066,Pako Forever,3464,04/16/2023, 19:09:18,844
GEOR20066,Pako Forever,3465,04/16/2023, 20:11:38,844
GEOR20066,Pako Forever,3465,04/16/2023, 21:09:55,844
GEOR20066,Pako Forever,3466,04/16/2023, 22:10:32,844
GEOR20066,Pako Forever,3466,04/16/2023, 23:11:12,844
GEOR20066,Pako Forever,3466,04/17/2023, 00:56:59,844
GEOR20066,Pako Forever,3466,04/17/2023, 02:04:12,844
GEOR20066,Pako Forever,3467,04/17/2023, 03:12:26,844
GEOR20066,Pako Forever,3468,04/17/2023, 04:14:23,844
GEOR20066,Pako Forever,3468,04/17/2023, 05:11:40,844
GEOR20066,Pako Forever,3469,04/17/2023, 06:15:30,844
GEOR20066,Pako Forever,3469,04/17/2023, 07:11:44,844
GEOR20066,Pako Forever,3469,04/17/2023, 08:15:50,844
GEOR20066,Pako Forever,3469,04/17/2023, 09:12:52,844
GEOR20066,Pako Forever,3469,04/17/2023, 10:13:19,844
GEOR20066,Pako Forever,3469,04/17/2023, 11:10:32,844
GEOR20066,Pako Forever,3470,04/17/2023, 12:22:42,844
GEOR20066,Pako Forever,3470,04/17/2023, 13:15:50,844
GEOR20066,Pako Forever,3470,04/17/2023, 14:11:40,844
GEOR20066,Pako Forever,3471,04/17/2023, 15:12:46,844
GEOR20066,Pako Forever,3471,04/17/2023, 16:15:29,844
GEOR20066,Pako Forever,3471,04/17/2023, 17:10:53,844
GEOR20066,Pako Forever,3471,04/17/2023, 18:14:44,844
GEOR20066,Pako Forever,3473,04/17/2023, 19:08:48,844
GEOR20066,Pako Forever,3473,04/17/2023, 20:12:18,844
GEOR20066,Pako Forever,3473,04/17/2023, 21:10:48,844
GEOR20066,Pako Forever,3473,04/17/2023, 22:11:09,844
GEOR20066,Pako Forever,3473,04/17/2023, 23:11:41,844
GEOR20066,Pako Forever,3473,04/18/2023, 00:54:45,844
GEOR20066,Pako Forever,3473,04/18/2023, 02:01:21,844
GEOR20066,Pako Forever,3473,04/18/2023, 02:34:58,844
GEOR20066,Pako Forever,3473,04/18/2023, 03:12:23,844
GEOR20066,Pako Forever,3473,04/18/2023, 04:14:22,844
GEOR20066,Pako Forever,3473,04/18/2023, 05:11:35,844
GEOR20066,Pako Forever,3474,04/18/2023, 06:15:11,844
GEOR20066,Pako Forever,3474,04/18/2023, 07:11:17,844
GEOR20066,Pako Forever,3474,04/18/2023, 08:15:12,844
GEOR20066,Pako Forever,3474,04/18/2023, 09:12:07,844
GEOR20066,Pako Forever,3474,04/18/2023, 10:12:49,844
GEOR20066,Pako Forever,3474,04/18/2023, 11:10:17,844
GEOR20066,Pako Forever,3474,04/18/2023, 12:22:11,844
GEOR20066,Pako Forever,3474,04/18/2023, 13:16:33,844
GEOR20066,Pako Forever,3475,04/18/2023, 14:12:44,844
GEOR20066,Pako Forever,3475,04/18/2023, 15:13:44,844
GEOR20066,Pako Forever,3475,04/18/2023, 16:13:17,844
GEOR20066,Pako Forever,3475,04/18/2023, 17:09:21,844
GEOR20066,Pako Forever,3476,04/18/2023, 18:14:39,844
GEOR20066,Pako Forever,3478,04/18/2023, 19:09:54,844
GEOR20066,Pako Forever,3478,04/18/2023, 20:12:41,844
GEOR20066,Pako Forever,3478,04/18/2023, 21:11:09,844
GEOR20066,Pako Forever,3478,04/18/2023, 22:11:17,844
GEOR20066,Pako Forever,3479,04/18/2023, 23:11:54,844
GEOR20066,Pako Forever,3479,04/19/2023, 00:57:49,844
GEOR20066,Pako Forever,3479,04/19/2023, 02:06:36,844
GEOR20066,Pako Forever,3479,04/19/2023, 03:12:34,844
GEOR20066,Pako Forever,3479,04/19/2023, 04:14:33,844
GEOR20066,Pako Forever,3480,04/19/2023, 05:11:51,844
GEOR20066,Pako Forever,3480,04/19/2023, 06:15:29,844
GEOR20066,Pako Forever,3480,04/19/2023, 07:11:24,844
GEOR20066,Pako Forever,3480,04/19/2023, 08:15:06,844
GEOR20066,Pako Forever,3480,04/19/2023, 09:12:05,844
GEOR20066,Pako Forever,3480,04/19/2023, 10:12:43,844
GEOR20066,Pako Forever,3480,04/19/2023, 11:10:25,844
GEOR20066,Pako Forever,3482,04/19/2023, 12:21:45,844
GEOR20066,Pako Forever,3482,04/19/2023, 13:15:45,844
GEOR20066,Pako Forever,3482,04/19/2023, 14:11:25,844
GEOR20066,Pako Forever,3483,04/19/2023, 15:12:22,844
GEOR20066,Pako Forever,3483,04/19/2023, 16:15:17,844
GEOR20066,Pako Forever,3483,04/19/2023, 17:11:02,844
GEOR20066,Pako Forever,3483,04/19/2023, 18:14:34,844
GEOR20066,Pako Forever,3483,04/19/2023, 19:10:09,844
GEOR20066,Pako Forever,3483,04/19/2023, 20:12:45,844
GEOR20066,Pako Forever,3484,04/19/2023, 21:10:47,844
GEOR20066,Pako Forever,3484,04/19/2023, 22:11:08,844
GEOR20066,Pako Forever,3484,04/19/2023, 23:11:58,844
GEOR20066,Pako Forever,3485,04/20/2023, 00:55:41,844
GEOR20066,Pako Forever,3485,04/20/2023, 02:01:47,844
GEOR20066,Pako Forever,3485,04/20/2023, 03:12:28,844
GEOR20066,Pako Forever,3485,04/20/2023, 04:14:10,844
GEOR20066,Pako Forever,3485,04/20/2023, 05:11:39,844
GEOR20066,Pako Forever,3485,04/20/2023, 06:15:27,844
GEOR20066,Pako Forever,3485,04/20/2023, 07:11:20,844
GEOR20066,Pako Forever,3485,04/20/2023, 08:15:01,844
GEOR20066,Pako Forever,3485,04/20/2023, 09:12:02,844
GEOR20066,Pako Forever,3485,04/20/2023, 10:12:36,844
GEOR20066,Pako Forever,3485,04/20/2023, 11:10:20,844
GEOR20066,Pako Forever,3485,04/20/2023, 12:21:30,844
GEOR20066,Pako Forever,3485,04/20/2023, 13:15:28,844
GEOR20066,Pako Forever,3485,04/20/2023, 14:11:20,844
GEOR20066,Pako Forever,3485,04/20/2023, 15:12:19,844
GEOR20066,Pako Forever,3485,04/20/2023, 16:14:57,844
GEOR20066,Pako Forever,3485,04/20/2023, 17:10:32,844
GEOR20066,Pako Forever,3485,04/20/2023, 18:14:14,844
GEOR20066,Pako Forever,3485,04/20/2023, 19:10:07,844
GEOR20066,Pako Forever,3485,04/20/2023, 20:12:15,844
GEOR20066,Pako Forever,3485,04/20/2023, 21:10:36,844
GEOR20066,Pako Forever,3486,04/20/2023, 22:10:53,844
GEOR20066,Pako Forever,3486,04/20/2023, 23:11:57,844
GEOR20066,Pako Forever,3486,04/21/2023, 00:55:56,844
GEOR20066,Pako Forever,3487,04/21/2023, 02:03:00,844
GEOR20066,Pako Forever,3487,04/21/2023, 03:12:44,844
GEOR20066,Pako Forever,3487,04/21/2023, 05:11:44,844
GEOR20066,Pako Forever,3487,04/21/2023, 06:15:29,844
GEOR20066,Pako Forever,3487,04/21/2023, 07:11:12,844
GEOR20066,Pako Forever,3487,04/21/2023, 08:14:36,844
GEOR20066,Pako Forever,3487,04/21/2023, 09:11:52,844
GEOR20066,Pako Forever,3487,04/21/2023, 10:12:26,844
GEOR20066,Pako Forever,3488,04/21/2023, 11:10:11,844
GEOR20066,Pako Forever,3488,04/21/2023, 12:20:48,844
GEOR20066,Pako Forever,3488,04/21/2023, 13:14:21,844
GEOR20066,Pako Forever,3489,04/21/2023, 14:10:54,844
GEOR20066,Pako Forever,3489,04/21/2023, 15:12:01,844
GEOR20066,Pako Forever,3489,04/21/2023, 16:14:55,844
GEOR20066,Pako Forever,3489,04/21/2023, 17:10:47,844
GEOR20066,Pako Forever,3490,04/21/2023, 18:14:18,844
GEOR20066,Pako Forever,3490,04/21/2023, 19:09:44,844
GEOR20066,Pako Forever,3490,04/21/2023, 20:12:12,844
GEOR20066,Pako Forever,3491,04/21/2023, 21:10:21,844
GEOR20066,Pako Forever,3493,04/21/2023, 22:10:50,844
GEOR20066,Pako Forever,3494,04/21/2023, 23:11:28,844
GEOR20066,Pako Forever,3494,04/22/2023, 00:56:33,844
GEOR20066,Pako Forever,3494,04/22/2023, 02:04:08,844
GEOR20066,Pako Forever,3494,04/22/2023, 03:12:17,844
GEOR20066,Pako Forever,3494,04/22/2023, 04:13:38,844
GEOR20066,Pako Forever,3494,04/22/2023, 05:10:49,844
GEOR20066,Pako Forever,3495,04/22/2023, 06:14:23,844
GEOR20066,Pako Forever,3495,04/22/2023, 07:10:19,844
GEOR20066,Pako Forever,3495,04/22/2023, 08:14:02,844
GEOR20066,Pako Forever,3495,04/22/2023, 09:10:52,844
GEOR20066,Pako Forever,3495,04/22/2023, 10:11:37,844
GEOR20066,Pako Forever,3495,04/22/2023, 11:10:03,844
GEOR20066,Pako Forever,3495,04/22/2023, 12:19:54,844
GEOR20066,Pako Forever,3498,04/22/2023, 13:13:08,844
GEOR20066,Pako Forever,3498,04/22/2023, 14:09:44,844
GEOR20066,Pako Forever,3498,04/22/2023, 15:11:16,844
GEOR20066,Pako Forever,3500,04/22/2023, 16:14:00,844
GEOR20066,Pako Forever,3500,04/22/2023, 17:10:02,844
GEOR20066,Pako Forever,3500,04/22/2023, 18:13:24,844
GEOR20066,Pako Forever,3500,04/22/2023, 19:09:18,844
GEOR20066,Pako Forever,3500,04/22/2023, 20:11:57,844
GEOR20066,Pako Forever,3501,04/22/2023, 21:10:11,844
GEOR20066,Pako Forever,3501,04/22/2023, 22:10:42,844
GEOR20066,Pako Forever,3502,04/22/2023, 23:11:27,844
GEOR20066,Pako Forever,3503,04/23/2023, 01:01:01,844
GEOR20066,Pako Forever,3503,04/23/2023, 02:17:00,844
GEOR20066,Pako Forever,3503,04/23/2023, 03:12:24,844
GEOR20066,Pako Forever,3505,04/23/2023, 04:14:16,844
GEOR20066,Pako Forever,3505,04/23/2023, 05:11:02,844
GEOR20066,Pako Forever,3506,04/23/2023, 06:14:16,844
GEOR20066,Pako Forever,3506,04/23/2023, 07:10:40,844
GEOR20066,Pako Forever,3507,04/23/2023, 08:14:04,844
GEOR20066,Pako Forever,3508,04/23/2023, 09:10:53,844
GEOR20066,Pako Forever,3509,04/23/2023, 10:11:40,844
GEOR20066,Pako Forever,3509,04/23/2023, 11:09:27,844
GEOR20066,Pako Forever,3509,04/23/2023, 12:20:37,844
GEOR20066,Pako Forever,3509,04/23/2023, 13:12:59,844
GEOR20066,Pako Forever,3510,04/23/2023, 14:09:46,844
GEOR20066,Pako Forever,3510,04/23/2023, 15:11:05,844
GEOR20066,Pako Forever,3510,04/23/2023, 16:13:55,844
GEOR20066,Pako Forever,3510,04/23/2023, 17:10:01,844
GEOR20066,Pako Forever,3511,04/23/2023, 18:13:44,844
GEOR20066,Pako Forever,3511,04/23/2023, 19:09:22,844
GEOR20066,Pako Forever,3511,04/23/2023, 20:11:53,844
GEOR20066,Pako Forever,3512,04/23/2023, 21:09:55,844
GEOR20066,Pako Forever,3512,04/23/2023, 22:10:58,844
GEOR20066,Pako Forever,3512,04/23/2023, 23:11:24,844
GEOR20066,Pako Forever,3513,04/24/2023, 00:57:32,844
GEOR20066,Pako Forever,3513,04/24/2023, 02:06:39,844
GEOR20066,Pako Forever,3513,04/24/2023, 03:12:52,844
GEOR20066,Pako Forever,3514,04/24/2023, 04:14:18,844
GEOR20066,Pako Forever,3515,04/24/2023, 05:11:50,844
GEOR20066,Pako Forever,3515,04/24/2023, 06:15:41,844
GEOR20066,Pako Forever,3515,04/24/2023, 07:11:48,844
GEOR20066,Pako Forever,3515,04/24/2023, 08:15:57,844
GEOR20066,Pako Forever,3515,04/24/2023, 09:12:25,844
GEOR20066,Pako Forever,3515,04/24/2023, 10:12:49,844
GEOR20066,Pako Forever,3515,04/24/2023, 11:10:22,844
GEOR20066,Pako Forever,3516,04/24/2023, 12:21:41,844
GEOR20066,Pako Forever,3516,04/24/2023, 13:15:16,844
GEOR20066,Pako Forever,3516,04/24/2023, 14:11:23,844
GEOR20066,Pako Forever,3516,04/24/2023, 15:12:27,844
GEOR20066,Pako Forever,3517,04/24/2023, 16:15:01,844
GEOR20066,Pako Forever,3517,04/24/2023, 17:10:49,844
GEOR20066,Pako Forever,3517,04/24/2023, 18:14:29,844
GEOR20066,Pako Forever,3517,04/24/2023, 19:09:44,844
GEOR20066,Pako Forever,3517,04/24/2023, 20:12:07,844
GEOR20066,Pako Forever,3517,04/24/2023, 21:10:37,844
GEOR20066,Pako Forever,3518,04/24/2023, 22:10:53,844
GEOR20066,Pako Forever,3518,04/24/2023, 23:11:46,844
GEOR20066,Pako Forever,3519,04/25/2023, 00:57:13,844
GEOR20066,Pako Forever,3520,04/25/2023, 02:05:12,844
GEOR20066,Pako Forever,3521,04/25/2023, 03:12:28,844
GEOR20066,Pako Forever,3523,04/25/2023, 05:11:34,844
GEOR20066,Pako Forever,3523,04/25/2023, 06:15:18,844
GEOR20066,Pako Forever,3523,04/25/2023, 07:11:21,844
GEOR20066,Pako Forever,3523,04/25/2023, 08:14:44,844
GEOR20066,Pako Forever,3523,04/25/2023, 09:12:12,844
GEOR20066,Pako Forever,3523,04/25/2023, 10:12:45,844
GEOR20066,Pako Forever,3523,04/25/2023, 11:10:11,844
GEOR20066,Pako Forever,3523,04/25/2023, 12:21:52,844
GEOR20066,Pako Forever,3523,04/25/2023, 13:15:27,844
GEOR20066,Pako Forever,3523,04/25/2023, 14:11:25,844
GEOR20066,Pako Forever,3526,04/25/2023, 15:12:36,844
GEOR20066,Pako Forever,3526,04/25/2023, 16:14:47,844
GEOR20066,Pako Forever,3526,04/25/2023, 17:10:50,844
GEOR20066,Pako Forever,3526,04/25/2023, 18:14:24,844
GEOR20066,Pako Forever,3526,04/25/2023, 19:09:36,844
GEOR20066,Pako Forever,3526,04/25/2023, 20:12:20,844
GEOR20066,Pako Forever,3526,04/25/2023, 21:10:41,844
GEOR20066,Pako Forever,3526,04/25/2023, 22:11:00,844
GEOR20066,Pako Forever,3529,04/25/2023, 23:11:47,844
GEOR20066,Pako Forever,3529,04/26/2023, 00:56:32,844
GEOR20066,Pako Forever,3530,04/26/2023, 02:04:25,844
GEOR20066,Pako Forever,3530,04/26/2023, 03:12:19,844
GEOR20066,Pako Forever,3530,04/26/2023, 04:14:00,844
GEOR20066,Pako Forever,3530,04/26/2023, 05:11:42,844
GEOR20066,Pako Forever,3530,04/26/2023, 06:15:25,844
GEOR20066,Pako Forever,3532,04/26/2023, 07:11:15,844
GEOR20066,Pako Forever,3532,04/26/2023, 08:15:04,844
GEOR20066,Pako Forever,3532,04/26/2023, 09:12:04,844
GEOR20066,Pako Forever,3532,04/26/2023, 10:12:37,844
GEOR20066,Pako Forever,3532,04/26/2023, 11:10:11,844
GEOR20066,Pako Forever,3532,04/26/2023, 12:21:50,844
GEOR20066,Pako Forever,3532,04/26/2023, 13:15:27,844
GEOR20066,Pako Forever,3532,04/26/2023, 14:11:33,844
GEOR20066,Pako Forever,3532,04/26/2023, 15:12:15,844
GEOR20066,Pako Forever,3533,04/26/2023, 16:15:45,844
GEOR20066,Pako Forever,3533,04/26/2023, 17:10:56,844
GEOR20066,Pako Forever,3533,04/26/2023, 18:14:39,844
GEOR20066,Pako Forever,3533,04/26/2023, 19:10:03,844
GEOR20066,Pako Forever,3534,04/26/2023, 20:11:17,844
GEOR20066,Pako Forever,3535,04/26/2023, 21:10:40,844
GEOR20066,Pako Forever,3535,04/26/2023, 22:10:56,844
GEOR20066,Pako Forever,3536,04/26/2023, 23:12:05,844
GEOR20066,Pako Forever,3537,04/27/2023, 00:58:58,844
GEOR20066,Pako Forever,3537,04/27/2023, 02:06:02,844
GEOR20066,Pako Forever,3538,04/27/2023, 03:12:44,844
GEOR20066,Pako Forever,3539,04/27/2023, 04:14:06,844
GEOR20066,Pako Forever,3540,04/27/2023, 05:11:37,844
GEOR20066,Pako Forever,3540,04/27/2023, 06:15:32,844
GEOR20066,Pako Forever,3540,04/27/2023, 07:11:34,844
GEOR20066,Pako Forever,3540,04/27/2023, 08:14:31,844
GEOR20066,Pako Forever,3540,04/27/2023, 09:11:31,844
GEOR20066,Pako Forever,3540,04/27/2023, 10:12:51,844
GEOR20066,Pako Forever,3541,04/27/2023, 11:10:05,844
GEOR20066,Pako Forever,3541,04/27/2023, 12:20:50,844
GEOR20066,Pako Forever,3541,04/27/2023, 13:14:59,844
GEOR20066,Pako Forever,3541,04/27/2023, 14:11:07,844
GEOR20066,Pako Forever,3541,04/27/2023, 15:11:06,844
GEOR20066,Pako Forever,3541,04/27/2023, 16:13:37,844
GEOR20066,Pako Forever,3542,04/27/2023, 17:10:52,844
GEOR20066,Pako Forever,3542,04/27/2023, 18:14:15,844
GEOR20066,Pako Forever,3542,04/27/2023, 19:09:50,844
GEOR20066,Pako Forever,3542,04/27/2023, 20:12:28,844
GEOR20066,Pako Forever,3542,04/27/2023, 21:10:37,844
GEOR20066,Pako Forever,3543,04/27/2023, 22:10:16,844
GEOR20066,Pako Forever,3543,04/27/2023, 23:12:05,844
GEOR20066,Pako Forever,3543,04/28/2023, 00:57:46,844
GEOR20066,Pako Forever,3543,04/28/2023, 02:05:48,844
GEOR20066,Pako Forever,3543,04/28/2023, 03:12:28,844
GEOR20066,Pako Forever,3543,04/28/2023, 04:13:45,844
GEOR20066,Pako Forever,3543,04/28/2023, 05:11:11,844
GEOR20066,Pako Forever,3543,04/28/2023, 06:15:19,844
GEOR20066,Pako Forever,3543,04/28/2023, 07:11:14,844
GEOR20066,Pako Forever,3543,04/28/2023, 08:14:47,844
GEOR20066,Pako Forever,3543,04/28/2023, 09:11:44,844
GEOR20066,Pako Forever,3543,04/28/2023, 10:12:28,844
GEOR20066,Pako Forever,3543,04/28/2023, 11:09:52,844
GEOR20066,Pako Forever,3543,04/28/2023, 12:20:55,844
GEOR20066,Pako Forever,3544,04/28/2023, 13:13:58,844
GEOR20066,Pako Forever,3547,04/28/2023, 15:11:45,844
GEOR20066,Pako Forever,3547,04/28/2023, 16:14:30,844
GEOR20066,Pako Forever,3547,04/28/2023, 17:10:41,844
GEOR20066,Pako Forever,3547,04/28/2023, 18:13:49,844
GEOR20066,Pako Forever,3547,04/28/2023, 19:09:56,844
GEOR20066,Pako Forever,3547,04/28/2023, 20:12:07,844
GEOR20066,Pako Forever,3547,04/28/2023, 21:10:08,844
GEOR20066,Pako Forever,3548,04/28/2023, 22:10:48,844
GEOR20066,Pako Forever,3548,04/28/2023, 23:11:34,844
GEOR20066,Pako Forever,3548,04/29/2023, 00:54:47,844
GEOR20066,Pako Forever,3548,04/29/2023, 02:03:23,844
GEOR20066,Pako Forever,3548,04/29/2023, 03:12:16,844
GEOR20066,Pako Forever,3548,04/29/2023, 04:13:39,844
GEOR20066,Pako Forever,3548,04/29/2023, 05:10:55,844
GEOR20066,Pako Forever,3550,04/29/2023, 06:13:55,844
GEOR20066,Pako Forever,3550,04/29/2023, 07:11:26,844
GEOR20066,Pako Forever,3550,04/29/2023, 08:13:34,844
GEOR20066,Pako Forever,3550,04/29/2023, 09:11:00,844
GEOR20066,Pako Forever,3550,04/29/2023, 10:11:20,844
GEOR20066,Pako Forever,3550,04/29/2023, 11:09:33,844
GEOR20066,Pako Forever,3550,04/29/2023, 12:19:23,844
GEOR20066,Pako Forever,3550,04/29/2023, 13:12:18,844
GEOR20066,Pako Forever,3550,04/29/2023, 14:09:44,844
GEOR20066,Pako Forever,3550,04/29/2023, 15:10:56,844
GEOR20066,Pako Forever,3550,04/29/2023, 16:13:29,844
GEOR20066,Pako Forever,3550,04/29/2023, 17:09:48,844
GEOR20066,Pako Forever,3551,04/29/2023, 18:13:27,844
GEOR20066,Pako Forever,3551,04/29/2023, 19:09:04,844
GEOR20066,Pako Forever,3552,04/29/2023, 20:11:40,844
GEOR20066,Pako Forever,3553,04/29/2023, 21:09:40,844
GEOR20066,Pako Forever,3555,04/29/2023, 22:10:20,844
GEOR20066,Pako Forever,3555,04/29/2023, 23:11:20,844
GEOR20066,Pako Forever,3555,04/30/2023, 01:01:35,844
GEOR20066,Pako Forever,3556,04/30/2023, 02:28:53,844
GEOR20066,Pako Forever,3556,04/30/2023, 03:12:04,844
GEOR20066,Pako Forever,3557,04/30/2023, 04:13:32,844
GEOR20066,Pako Forever,3557,04/30/2023, 05:10:56,844
GEOR20066,Pako Forever,3557,04/30/2023, 06:14:22,844
GEOR20066,Pako Forever,3557,04/30/2023, 07:10:05,844
GEOR20066,Pako Forever,3558,04/30/2023, 08:13:29,844
GEOR20066,Pako Forever,3558,04/30/2023, 09:10:47,844
GEOR20066,Pako Forever,3558,04/30/2023, 10:11:35,844
GEOR20066,Pako Forever,3558,04/30/2023, 11:09:18,844
GEOR20066,Pako Forever,3558,04/30/2023, 12:19:39,844
GEOR20066,Pako Forever,3559,04/30/2023, 13:12:16,844
GEOR20066,Pako Forever,3559,04/30/2023, 14:09:41,844
GEOR20066,Pako Forever,3559,04/30/2023, 15:10:44,844
GEOR20066,Pako Forever,3559,04/30/2023, 16:13:31,844
GEOR20066,Pako Forever,3559,04/30/2023, 17:10:06,844
GEOR20066,Pako Forever,3559,04/30/2023, 18:13:09,844
GEOR20066,Pako Forever,3560,04/30/2023, 19:08:58,844
GEOR20066,Pako Forever,3560,04/30/2023, 20:11:47,844
GEOR20066,Pako Forever,3560,04/30/2023, 21:10:14,844
GEOR20066,Pako Forever,3560,04/30/2023, 22:10:12,844
GEOR20066,Pako Forever,3560,04/30/2023, 23:11:08,844
GEOR20066,Pako Forever,3564,05/01/2023, 00:59:48,844
GEOR20066,Pako Forever,3564,05/01/2023, 02:07:40,844
GEOR20066,Pako Forever,3565,05/01/2023, 03:12:25,844
GEOR20066,Pako Forever,3565,05/01/2023, 04:14:19,844
GEOR20066,Pako Forever,3565,05/01/2023, 05:11:35,844
GEOR20066,Pako Forever,3565,05/01/2023, 06:15:16,844
GEOR20066,Pako Forever,3565,05/01/2023, 07:12:01,844
GEOR20066,Pako Forever,3565,05/01/2023, 08:14:42,844
GEOR20066,Pako Forever,3565,05/01/2023, 09:12:12,844
GEOR20066,Pako Forever,3565,05/01/2023, 11:10:00,844
GEOR20066,Pako Forever,3565,05/01/2023, 12:20:59,844
GEOR20066,Pako Forever,3565,05/01/2023, 13:14:01,844
GEOR20066,Pako Forever,3565,05/01/2023, 14:10:50,844
GEOR20066,Pako Forever,3565,05/01/2023, 15:11:53,844
GEOR20066,Pako Forever,3565,05/01/2023, 16:15:32,844
GEOR20066,Pako Forever,3565,05/01/2023, 17:10:42,844
GEOR20066,Pako Forever,3565,05/01/2023, 18:13:55,844
GEOR20066,Pako Forever,3567,05/01/2023, 19:09:52,844
GEOR20066,Pako Forever,3567,05/01/2023, 20:12:24,844
GEOR20066,Pako Forever,3567,05/01/2023, 21:10:23,844
GEOR20066,Pako Forever,3567,05/01/2023, 22:11:21,844
GEOR20066,Pako Forever,3568,05/01/2023, 23:12:48,844
GEOR20066,Pako Forever,3569,05/02/2023, 00:57:52,844
GEOR20066,Pako Forever,3569,05/02/2023, 02:03:38,844
GEOR20066,Pako Forever,3569,05/02/2023, 03:12:27,844
GEOR20066,Pako Forever,3569,05/02/2023, 04:13:40,844
GEOR20066,Pako Forever,3569,05/02/2023, 05:11:14,844
GEOR20066,Pako Forever,3569,05/02/2023, 06:15:00,844
GEOR20066,Pako Forever,3569,05/02/2023, 07:11:05,844
GEOR20066,Pako Forever,3569,05/02/2023, 08:14:34,844
GEOR20066,Pako Forever,3569,05/02/2023, 09:11:41,844
GEOR20066,Pako Forever,3569,05/02/2023, 10:12:26,844
GEOR20066,Pako Forever,3569,05/02/2023, 11:10:20,844
GEOR20066,Pako Forever,3569,05/02/2023, 12:21:45,844
GEOR20066,Pako Forever,3569,05/02/2023, 13:15:00,844
GEOR20066,Pako Forever,3569,05/02/2023, 14:11:08,844
GEOR20066,Pako Forever,3569,05/02/2023, 15:13:30,844
GEOR20066,Pako Forever,3569,05/02/2023, 16:14:24,844
GEOR20066,Pako Forever,3569,05/02/2023, 17:11:03,844
GEOR20066,Pako Forever,3569,05/02/2023, 18:13:54,844
GEOR20066,Pako Forever,3570,05/02/2023, 19:09:55,844
GEOR20066,Pako Forever,3572,05/02/2023, 20:11:59,844
GEOR20066,Pako Forever,3573,05/02/2023, 21:10:47,844
GEOR20066,Pako Forever,3573,05/02/2023, 22:10:35,844
GEOR20066,Pako Forever,3574,05/02/2023, 23:11:15,844
GEOR20066,Pako Forever,3575,05/03/2023, 00:57:11,844
GEOR20066,Pako Forever,3576,05/03/2023, 02:02:14,844
GEOR20066,Pako Forever,3576,05/03/2023, 03:12:27,844
GEOR20066,Pako Forever,3576,05/03/2023, 04:13:43,844
GEOR20066,Pako Forever,3576,05/03/2023, 05:11:40,844
GEOR20066,Pako Forever,3577,05/03/2023, 06:14:41,844
GEOR20066,Pako Forever,3578,05/03/2023, 07:11:18,844
GEOR20066,Pako Forever,3578,05/03/2023, 08:14:20,844
GEOR20066,Pako Forever,3578,05/03/2023, 09:11:20,844
GEOR20066,Pako Forever,3581,05/03/2023, 10:12:16,844
GEOR20066,Pako Forever,3581,05/03/2023, 11:10:00,844
GEOR20066,Pako Forever,3581,05/03/2023, 12:21:38,844
GEOR20066,Pako Forever,3581,05/03/2023, 13:14:21,844
GEOR20066,Pako Forever,3581,05/03/2023, 14:10:47,844
GEOR20066,Pako Forever,3582,05/03/2023, 15:11:54,844
GEOR20066,Pako Forever,3582,05/03/2023, 16:14:36,844
GEOR20066,Pako Forever,3582,05/03/2023, 17:10:45,844
GEOR20066,Pako Forever,3582,05/03/2023, 18:13:56,844
GEOR20066,Pako Forever,3582,05/03/2023, 19:09:41,844
GEOR20066,Pako Forever,3582,05/03/2023, 20:11:59,844
GEOR20066,Pako Forever,3582,05/03/2023, 21:10:41,844
GEOR20066,Pako Forever,3582,05/03/2023, 22:11:48,844
GEOR20066,Pako Forever,3582,05/03/2023, 23:11:20,844
GEOR20066,Pako Forever,3582,05/04/2023, 00:56:23,844
GEOR20066,Pako Forever,3582,05/04/2023, 02:01:20,844
GEOR20066,Pako Forever,3582,05/04/2023, 02:35:24,844
GEOR20066,Pako Forever,3582,05/04/2023, 03:12:15,844
GEOR20066,Pako Forever,3582,05/04/2023, 04:13:51,844
GEOR20066,Pako Forever,3582,05/04/2023, 05:11:17,844
GEOR20066,Pako Forever,3582,05/04/2023, 06:14:43,844
GEOR20066,Pako Forever,3582,05/04/2023, 07:11:23,844
GEOR20066,Pako Forever,3583,05/04/2023, 08:14:33,844
GEOR20066,Pako Forever,3584,05/04/2023, 09:11:47,844
GEOR20066,Pako Forever,3584,05/04/2023, 10:12:26,844
GEOR20066,Pako Forever,3584,05/04/2023, 11:10:44,844
GEOR20066,Pako Forever,3584,05/04/2023, 13:14:47,844
GEOR20066,Pako Forever,3584,05/04/2023, 14:10:58,844
GEOR20066,Pako Forever,3584,05/04/2023, 15:12:21,844
GEOR20066,Pako Forever,3584,05/04/2023, 16:24:29,844
GEOR20066,Pako Forever,3584,05/04/2023, 17:10:21,844
GEOR20066,Pako Forever,3584,05/04/2023, 18:14:05,844
GEOR20066,Pako Forever,3584,05/04/2023, 19:09:30,844
GEOR20066,Pako Forever,3585,05/04/2023, 20:11:55,844
GEOR20066,Pako Forever,3585,05/04/2023, 21:10:32,844
GEOR20066,Pako Forever,3586,05/04/2023, 22:11:20,844
GEOR20066,Pako Forever,3586,05/04/2023, 23:12:16,844
GEOR20066,Pako Forever,3587,05/05/2023, 00:52:33,844
GEOR20066,Pako Forever,3587,05/05/2023, 01:58:50,844
GEOR20066,Pako Forever,3587,05/05/2023, 02:29:58,844
GEOR20066,Pako Forever,3587,05/05/2023, 03:12:24,844
GEOR20066,Pako Forever,3587,05/05/2023, 04:13:53,844
GEOR20066,Pako Forever,3587,05/05/2023, 05:11:10,844
GEOR20066,Pako Forever,3587,05/05/2023, 06:15:04,844
GEOR20066,Pako Forever,3587,05/05/2023, 07:11:00,844
GEOR20066,Pako Forever,3587,05/05/2023, 08:14:24,844
GEOR20066,Pako Forever,3587,05/05/2023, 09:11:30,844
GEOR20066,Pako Forever,3587,05/05/2023, 10:12:20,844
GEOR20066,Pako Forever,3587,05/05/2023, 11:10:05,844
GEOR20066,Pako Forever,3587,05/05/2023, 12:20:31,844
GEOR20066,Pako Forever,3587,05/05/2023, 13:14:16,844
GEOR20066,Pako Forever,3587,05/05/2023, 14:10:54,844
GEOR20066,Pako Forever,3587,05/05/2023, 15:11:45,844
GEOR20066,Pako Forever,3587,05/05/2023, 17:10:17,844
GEOR20066,Pako Forever,3587,05/05/2023, 18:13:46,844
GEOR20066,Pako Forever,3587,05/05/2023, 19:09:40,844
GEOR20066,Pako Forever,3587,05/05/2023, 20:11:53,844
GEOR20066,Pako Forever,3588,05/05/2023, 21:10:09,844
GEOR20066,Pako Forever,3588,05/05/2023, 22:11:03,844
GEOR20066,Pako Forever,3588,05/05/2023, 23:11:36,844
GEOR20066,Pako Forever,3589,05/06/2023, 00:53:00,844
GEOR20066,Pako Forever,3589,05/06/2023, 01:57:40,844
GEOR20066,Pako Forever,3589,05/06/2023, 02:26:41,844
GEOR20066,Pako Forever,3591,05/06/2023, 03:11:47,844
GEOR20066,Pako Forever,3592,05/06/2023, 04:13:18,844
GEOR20066,Pako Forever,3592,05/06/2023, 05:10:24,844
GEOR20066,Pako Forever,3593,05/06/2023, 06:14:14,844
GEOR20066,Pako Forever,3593,05/06/2023, 07:11:16,844
GEOR20066,Pako Forever,3594,05/06/2023, 08:13:24,844
GEOR20066,Pako Forever,3594,05/06/2023, 09:10:53,844
GEOR20066,Pako Forever,3594,05/06/2023, 10:11:41,844
GEOR20066,Pako Forever,3594,05/06/2023, 11:09:48,844
GEOR20066,Pako Forever,3594,05/06/2023, 12:19:46,844
GEOR20066,Pako Forever,3594,05/06/2023, 13:11:59,844
GEOR20066,Pako Forever,3594,05/06/2023, 14:09:40,844
GEOR20066,Pako Forever,3594,05/06/2023, 15:10:48,844
GEOR20066,Pako Forever,3595,05/06/2023, 16:13:37,844
GEOR20066,Pako Forever,3597,05/06/2023, 17:09:57,844
GEOR20066,Pako Forever,3599,05/06/2023, 18:13:16,844
GEOR20066,Pako Forever,3600,05/06/2023, 19:09:06,844
GEOR20066,Pako Forever,3600,05/06/2023, 20:11:22,844
GEOR20066,Pako Forever,3600,05/06/2023, 21:10:32,844
GEOR20066,Pako Forever,3601,05/06/2023, 22:10:12,844
GEOR20066,Pako Forever,3601,05/06/2023, 23:11:15,844
GEOR20066,Pako Forever,3602,05/07/2023, 01:00:02,844
GEOR20066,Pako Forever,3603,05/07/2023, 02:12:38,844
GEOR20066,Pako Forever,3603,05/07/2023, 03:12:26,844
GEOR20066,Pako Forever,3604,05/07/2023, 04:13:42,844
GEOR20066,Pako Forever,3604,05/07/2023, 05:11:32,844
GEOR20066,Pako Forever,3604,05/07/2023, 06:14:17,844
GEOR20066,Pako Forever,3606,05/07/2023, 07:10:17,844
GEOR20066,Pako Forever,3606,05/07/2023, 08:13:10,844
GEOR20066,Pako Forever,3606,05/07/2023, 09:10:39,844
GEOR20066,Pako Forever,3606,05/07/2023, 10:11:39,844
GEOR20066,Pako Forever,3607,05/07/2023, 11:09:17,844
GEOR20066,Pako Forever,3607,05/07/2023, 12:19:39,844
GEOR20066,Pako Forever,3607,05/07/2023, 13:12:10,844
GEOR20066,Pako Forever,3607,05/07/2023, 14:09:52,844
GEOR20066,Pako Forever,3607,05/07/2023, 15:11:17,844
GEOR20066,Pako Forever,3607,05/07/2023, 16:13:37,844
GEOR20066,Pako Forever,3607,05/07/2023, 17:09:53,844
GEOR20066,Pako Forever,3607,05/07/2023, 18:13:06,844
GEOR20066,Pako Forever,3607,05/07/2023, 19:09:19,844
GEOR20066,Pako Forever,3607,05/07/2023, 20:11:28,844
GEOR20066,Pako Forever,3608,05/07/2023, 21:10:52,844
GEOR20066,Pako Forever,3609,05/07/2023, 22:10:22,844
GEOR20066,Pako Forever,3609,05/07/2023, 23:11:02,844
GEOR20066,Pako Forever,3610,05/08/2023, 00:55:03,844
GEOR20066,Pako Forever,3610,05/08/2023, 02:04:37,844
GEOR20066,Pako Forever,3610,05/08/2023, 03:12:20,844
GEOR20066,Pako Forever,3610,05/08/2023, 04:14:19,844
GEOR20066,Pako Forever,3610,05/08/2023, 05:11:27,844
GEOR20066,Pako Forever,3610,05/08/2023, 06:15:05,844
GEOR20066,Pako Forever,3610,05/08/2023, 07:11:16,844
GEOR20066,Pako Forever,3610,05/08/2023, 08:15:10,844
GEOR20066,Pako Forever,3610,05/08/2023, 09:12:15,844
GEOR20066,Pako Forever,3610,05/08/2023, 10:12:29,844
GEOR20066,Pako Forever,3610,05/08/2023, 11:10:36,844
GEOR20066,Pako Forever,3610,05/08/2023, 12:22:09,844
GEOR20066,Pako Forever,3610,05/08/2023, 13:14:36,844
GEOR20066,Pako Forever,3610,05/08/2023, 14:11:16,844
GEOR20066,Pako Forever,3610,05/08/2023, 15:12:11,844
GEOR20066,Pako Forever,3610,05/08/2023, 16:15:04,844
GEOR20066,Pako Forever,3610,05/08/2023, 17:10:53,844
GEOR20066,Pako Forever,3610,05/08/2023, 18:14:22,844
GEOR20066,Pako Forever,3610,05/08/2023, 19:09:51,844
GEOR20066,Pako Forever,3610,05/08/2023, 20:11:38,844
GEOR20066,Pako Forever,3610,05/08/2023, 21:10:35,844
GEOR20066,Pako Forever,3610,05/08/2023, 22:10:54,844
GEOR20066,Pako Forever,3610,05/08/2023, 23:12:11,844
GEOR20066,Pako Forever,3610,05/09/2023, 00:57:26,844
GEOR20066,Pako Forever,3610,05/09/2023, 02:05:19,844
GEOR20066,Pako Forever,3610,05/09/2023, 03:13:02,844
GEOR20066,Pako Forever,3610,05/09/2023, 04:13:30,844
GEOR20066,Pako Forever,3612,05/09/2023, 05:11:10,844
GEOR20066,Pako Forever,3612,05/09/2023, 06:15:07,844
GEOR20066,Pako Forever,3612,05/09/2023, 07:11:03,844
GEOR20066,Pako Forever,3612,05/09/2023, 08:14:32,844
GEOR20066,Pako Forever,3612,05/09/2023, 09:11:44,844
GEOR20066,Pako Forever,3613,05/09/2023, 10:12:48,844
GEOR20066,Pako Forever,3613,05/09/2023, 11:10:05,844
GEOR20066,Pako Forever,3614,05/09/2023, 12:58:42,844
GEOR20066,Pako Forever,3614,05/09/2023, 13:37:34,844
GEOR20066,Pako Forever,3614,05/09/2023, 14:12:00,844
GEOR20066,Pako Forever,3614,05/09/2023, 15:12:53,844
GEOR20066,Pako Forever,3614,05/09/2023, 16:15:08,844
GEOR20066,Pako Forever,3615,05/09/2023, 17:10:40,844
GEOR20066,Pako Forever,3615,05/09/2023, 18:14:28,844
GEOR20066,Pako Forever,3615,05/09/2023, 19:09:45,844
GEOR20066,Pako Forever,3615,05/09/2023, 20:12:54,844
GEOR20066,Pako Forever,3615,05/09/2023, 21:10:55,844
GEOR20066,Pako Forever,3615,05/09/2023, 22:10:38,844
GEOR20066,Pako Forever,3615,05/09/2023, 23:11:13,844
GEOR20066,Pako Forever,3615,05/10/2023, 00:56:07,844
GEOR20066,Pako Forever,3615,05/10/2023, 02:01:29,844
GEOR20066,Pako Forever,3615,05/10/2023, 02:35:19,844
GEOR20066,Pako Forever,3615,05/10/2023, 03:12:22,844
GEOR20066,Pako Forever,3615,05/10/2023, 04:13:37,844
GEOR20066,Pako Forever,3615,05/10/2023, 05:11:10,844
GEOR20066,Pako Forever,3615,05/10/2023, 06:15:01,844
GEOR20066,Pako Forever,3615,05/10/2023, 07:11:03,844
GEOR20066,Pako Forever,3615,05/10/2023, 08:14:19,844
GEOR20066,Pako Forever,3615,05/10/2023, 09:11:56,844
GEOR20066,Pako Forever,3615,05/10/2023, 10:12:34,844
GEOR20066,Pako Forever,3615,05/10/2023, 11:09:52,844
GEOR20066,Pako Forever,3615,05/10/2023, 12:21:40,844
GEOR20066,Pako Forever,3616,05/10/2023, 14:11:54,844
GEOR20066,Pako Forever,3616,05/10/2023, 15:11:47,844
GEOR20066,Pako Forever,3616,05/10/2023, 17:13:46,844
GEOR20066,Pako Forever,3617,05/10/2023, 20:15:18,844
GEOR20066,Pako Forever,3617,05/10/2023, 21:17:10,844
GEOR20066,Pako Forever,3617,05/10/2023, 22:13:32,844
GEOR20066,Pako Forever,3618,05/10/2023, 23:12:27,844
GEOR20066,Pako Forever,3618,05/11/2023, 00:56:42,844
GEOR20066,Pako Forever,3618,05/11/2023, 02:02:30,844
GEOR20066,Pako Forever,3618,05/11/2023, 03:12:08,844
GEOR20066,Pako Forever,3618,05/11/2023, 04:13:32,844
GEOR20066,Pako Forever,3618,05/11/2023, 05:10:58,844
GEOR20066,Pako Forever,3619,05/11/2023, 06:14:50,844
GEOR20066,Pako Forever,3619,05/11/2023, 07:11:01,844
GEOR20066,Pako Forever,3619,05/11/2023, 08:14:28,844
GEOR20066,Pako Forever,3620,05/11/2023, 09:11:54,844
GEOR20066,Pako Forever,3620,05/11/2023, 10:12:50,844
GEOR20066,Pako Forever,3620,05/11/2023, 11:09:45,844
GEOR20066,Pako Forever,3621,05/11/2023, 12:21:50,844
GEOR20066,Pako Forever,3621,05/11/2023, 13:14:37,844
GEOR20066,Pako Forever,3623,05/11/2023, 14:11:06,844
GEOR20066,Pako Forever,3623,05/11/2023, 15:12:07,844
GEOR20066,Pako Forever,3623,05/11/2023, 16:14:45,844
GEOR20066,Pako Forever,3623,05/11/2023, 17:10:39,844
GEOR20066,Pako Forever,3623,05/11/2023, 18:13:43,844
GEOR20066,Pako Forever,3623,05/11/2023, 19:09:11,844
GEOR20066,Pako Forever,3623,05/11/2023, 20:11:50,844
GEOR20066,Pako Forever,3623,05/11/2023, 21:10:25,844
GEOR20066,Pako Forever,3624,05/11/2023, 22:10:34,844
GEOR20066,Pako Forever,3624,05/11/2023, 23:12:09,844
GEOR20066,Pako Forever,3625,05/12/2023, 00:56:00,844
GEOR20066,Pako Forever,3625,05/12/2023, 02:00:18,844
GEOR20066,Pako Forever,3625,05/12/2023, 02:33:15,844
GEOR20066,Pako Forever,3625,05/12/2023, 03:12:28,844
GEOR20066,Pako Forever,3625,05/12/2023, 05:11:15,844
GEOR20066,Pako Forever,3625,05/12/2023, 06:14:39,844
GEOR20066,Pako Forever,3625,05/12/2023, 07:10:51,844
GEOR20066,Pako Forever,3625,05/12/2023, 08:14:00,844
GEOR20066,Pako Forever,3627,05/12/2023, 09:11:20,844
GEOR20066,Pako Forever,3627,05/12/2023, 10:11:59,844
GEOR20066,Pako Forever,3627,05/12/2023, 11:09:27,844
GEOR20066,Pako Forever,3627,05/12/2023, 12:20:32,844
GEOR20066,Pako Forever,3627,05/12/2023, 13:13:42,844
GEOR20066,Pako Forever,3627,05/12/2023, 14:10:38,844
GEOR20066,Pako Forever,3627,05/12/2023, 15:11:29,844
GEOR20066,Pako Forever,3628,05/12/2023, 16:14:04,844
GEOR20066,Pako Forever,3628,05/12/2023, 17:10:32,844
GEOR20066,Pako Forever,3628,05/12/2023, 18:13:42,844
GEOR20066,Pako Forever,3629,05/12/2023, 19:09:26,844
GEOR20066,Pako Forever,3629,05/12/2023, 20:11:37,844
GEOR20066,Pako Forever,3630,05/12/2023, 21:09:59,844
GEOR20066,Pako Forever,3631,05/12/2023, 22:11:09,844
GEOR20066,Pako Forever,3631,05/12/2023, 23:10:52,844
GEOR20066,Pako Forever,3631,05/13/2023, 00:56:57,844
GEOR20066,Pako Forever,3631,05/13/2023, 02:00:47,844
GEOR20066,Pako Forever,3631,05/13/2023, 02:33:11,844
GEOR20066,Pako Forever,3631,05/13/2023, 03:11:54,844
GEOR20066,Pako Forever,3631,05/13/2023, 04:13:16,844
GEOR20066,Pako Forever,3632,05/13/2023, 05:10:52,844
GEOR20066,Pako Forever,3632,05/13/2023, 06:14:12,844
GEOR20066,Pako Forever,3632,05/13/2023, 07:10:34,844
GEOR20066,Pako Forever,3632,05/13/2023, 08:13:03,844
GEOR20066,Pako Forever,3632,05/13/2023, 09:10:23,844
GEOR20066,Pako Forever,3632,05/13/2023, 10:11:24,844
GEOR20066,Pako Forever,3632,05/13/2023, 11:09:43,844
GEOR20066,Pako Forever,3632,05/13/2023, 12:19:08,844
GEOR20066,Pako Forever,3632,05/13/2023, 13:11:56,844
GEOR20066,Pako Forever,3632,05/13/2023, 14:09:42,844
GEOR20066,Pako Forever,3632,05/13/2023, 15:10:53,844
GEOR20066,Pako Forever,3632,05/13/2023, 16:13:24,844
GEOR20066,Pako Forever,3632,05/13/2023, 17:11:13,844
GEOR20066,Pako Forever,3632,05/13/2023, 18:13:33,844
GEOR20066,Pako Forever,3633,05/13/2023, 19:09:13,844
GEOR20066,Pako Forever,3634,05/13/2023, 20:11:27,844
GEOR20066,Pako Forever,3634,05/13/2023, 21:09:54,844
GEOR20066,Pako Forever,3634,05/13/2023, 22:10:27,844
GEOR20066,Pako Forever,3634,05/13/2023, 23:10:40,844
GEOR20066,Pako Forever,3634,05/14/2023, 00:59:53,844
GEOR20066,Pako Forever,3634,05/14/2023, 02:09:30,844
GEOR20066,Pako Forever,3634,05/14/2023, 03:11:51,844
GEOR20066,Pako Forever,3634,05/14/2023, 04:13:24,844
GEOR20066,Pako Forever,3634,05/14/2023, 05:10:36,844
GEOR20066,Pako Forever,3635,05/14/2023, 06:13:52,844
GEOR20066,Pako Forever,3635,05/14/2023, 07:11:09,844
GEOR20066,Pako Forever,3637,05/14/2023, 08:13:29,844
GEOR20066,Pako Forever,3637,05/14/2023, 09:10:21,844
GEOR20066,Pako Forever,3637,05/14/2023, 10:11:08,844
GEOR20066,Pako Forever,3637,05/14/2023, 11:09:07,844
GEOR20066,Pako Forever,3637,05/14/2023, 12:19:57,844
GEOR20066,Pako Forever,3637,05/14/2023, 13:11:46,844
GEOR20066,Pako Forever,3638,05/14/2023, 14:09:50,844
GEOR20066,Pako Forever,3638,05/14/2023, 15:10:57,844
GEOR20066,Pako Forever,3638,05/14/2023, 16:13:31,844
GEOR20066,Pako Forever,3640,05/14/2023, 17:09:48,844
GEOR20066,Pako Forever,3640,05/14/2023, 18:13:07,844
GEOR20066,Pako Forever,3640,05/14/2023, 19:09:03,844
GEOR20066,Pako Forever,3642,05/14/2023, 20:11:17,844
GEOR20066,Pako Forever,3642,05/14/2023, 21:10:52,844
GEOR20066,Pako Forever,3643,05/14/2023, 22:10:22,844
GEOR20066,Pako Forever,3644,05/14/2023, 23:11:01,844
GEOR20066,Pako Forever,3644,05/15/2023, 00:58:56,844
GEOR20066,Pako Forever,3644,05/15/2023, 02:07:58,844
GEOR20066,Pako Forever,3644,05/15/2023, 03:12:13,844
GEOR20066,Pako Forever,3644,05/15/2023, 04:13:33,844
GEOR20066,Pako Forever,3644,05/15/2023, 05:11:17,844
GEOR20066,Pako Forever,3645,05/15/2023, 06:15:30,844
GEOR20066,Pako Forever,3645,05/15/2023, 07:11:46,844
GEOR20066,Pako Forever,3646,05/15/2023, 08:14:45,844
GEOR20066,Pako Forever,3646,05/15/2023, 09:12:18,844
GEOR20066,Pako Forever,3646,05/15/2023, 10:12:50,844
GEOR20066,Pako Forever,3646,05/15/2023, 11:10:06,844
GEOR20066,Pako Forever,3646,05/15/2023, 12:21:56,844
GEOR20066,Pako Forever,3646,05/15/2023, 13:15:07,844
GEOR20066,Pako Forever,3646,05/15/2023, 14:11:07,844
GEOR20066,Pako Forever,3646,05/15/2023, 15:12:09,844
GEOR20066,Pako Forever,3647,05/15/2023, 16:14:19,844
GEOR20066,Pako Forever,3648,05/15/2023, 17:10:37,844
GEOR20066,Pako Forever,3649,05/15/2023, 18:14:07,844
GEOR20066,Pako Forever,3649,05/15/2023, 19:09:18,844
GEOR20066,Pako Forever,3650,05/15/2023, 20:11:47,844
GEOR20066,Pako Forever,3651,05/15/2023, 21:10:20,844
GEOR20066,Pako Forever,3651,05/15/2023, 22:10:38,844
GEOR20066,Pako Forever,3651,05/15/2023, 23:11:16,844
GEOR20066,Pako Forever,3653,05/16/2023, 00:57:27,844
GEOR20066,Pako Forever,3653,05/16/2023, 02:06:34,844
GEOR20066,Pako Forever,3653,05/16/2023, 03:12:42,844
GEOR20066,Pako Forever,3653,05/16/2023, 04:14:00,844
GEOR20066,Pako Forever,3653,05/16/2023, 05:11:11,844
GEOR20066,Pako Forever,3653,05/16/2023, 06:15:03,844
GEOR20066,Pako Forever,3653,05/16/2023, 07:11:03,844
GEOR20066,Pako Forever,3653,05/16/2023, 08:14:51,844
GEOR20066,Pako Forever,3653,05/16/2023, 09:11:32,844
GEOR20066,Pako Forever,3653,05/16/2023, 10:12:11,844
GEOR20066,Pako Forever,3653,05/16/2023, 11:09:50,844
GEOR20066,Pako Forever,3653,05/16/2023, 12:23:43,844
GEOR20066,Pako Forever,3653,05/16/2023, 13:15:09,844
GEOR20066,Pako Forever,3653,05/16/2023, 14:10:52,844
GEOR20066,Pako Forever,3653,05/16/2023, 15:11:59,844
GEOR20066,Pako Forever,3653,05/16/2023, 16:14:46,844
GEOR20066,Pako Forever,3653,05/16/2023, 17:10:36,844
GEOR20066,Pako Forever,3655,05/16/2023, 18:13:54,844
GEOR20066,Pako Forever,3655,05/16/2023, 19:09:43,844
GEOR20066,Pako Forever,3655,05/16/2023, 20:12:03,844
GEOR20066,Pako Forever,3657,05/16/2023, 22:11:07,844
GEOR20066,Pako Forever,3657,05/16/2023, 23:11:10,844
GEOR20066,Pako Forever,3657,05/17/2023, 00:59:25,844
GEOR20066,Pako Forever,3658,05/17/2023, 02:08:16,844
GEOR20066,Pako Forever,3658,05/17/2023, 03:12:40,844
GEOR20066,Pako Forever,3659,05/17/2023, 04:13:34,844
GEOR20066,Pako Forever,3659,05/17/2023, 05:11:11,844
GEOR20066,Pako Forever,3659,05/17/2023, 06:14:28,844
GEOR20066,Pako Forever,3659,05/17/2023, 07:10:59,844
GEOR20066,Pako Forever,3659,05/17/2023, 08:14:28,844
GEOR20066,Pako Forever,3659,05/17/2023, 09:11:56,844
GEOR20066,Pako Forever,3659,05/17/2023, 10:12:30,844
GEOR20066,Pako Forever,3659,05/17/2023, 11:09:50,844
GEOR20066,Pako Forever,3659,05/17/2023, 12:21:03,844
GEOR20066,Pako Forever,3659,05/17/2023, 13:14:14,844
GEOR20066,Pako Forever,3659,05/17/2023, 14:10:59,844
GEOR20066,Pako Forever,3660,05/17/2023, 15:11:58,844
GEOR20066,Pako Forever,3660,05/17/2023, 16:14:26,844
GEOR20066,Pako Forever,3660,05/17/2023, 17:10:15,844
GEOR20066,Pako Forever,3660,05/17/2023, 18:13:55,844
GEOR20066,Pako Forever,3660,05/17/2023, 19:09:35,844
GEOR20066,Pako Forever,3660,05/17/2023, 20:11:49,844
GEOR20066,Pako Forever,3660,05/17/2023, 21:10:11,844
GEOR20066,Pako Forever,3660,05/17/2023, 22:11:06,844
GEOR20066,Pako Forever,3660,05/17/2023, 23:11:01,844
GEOR20066,Pako Forever,3661,05/18/2023, 00:56:27,844
GEOR20066,Pako Forever,3662,05/18/2023, 02:03:46,844
GEOR20066,Pako Forever,3662,05/18/2023, 03:12:04,844
GEOR20066,Pako Forever,3662,05/18/2023, 04:13:34,844
GEOR20066,Pako Forever,3662,05/18/2023, 05:11:14,844
GEOR20066,Pako Forever,3662,05/18/2023, 06:15:19,844
GEOR20066,Pako Forever,3662,05/18/2023, 07:10:49,844
GEOR20066,Pako Forever,3662,05/18/2023, 08:14:13,844
GEOR20066,Pako Forever,3662,05/18/2023, 09:11:17,844
GEOR20066,Pako Forever,3662,05/18/2023, 10:12:01,844
GEOR20066,Pako Forever,3662,05/18/2023, 11:09:53,844
GEOR20066,Pako Forever,3664,05/18/2023, 12:21:41,844
GEOR20066,Pako Forever,3665,05/18/2023, 13:14:00,844
GEOR20066,Pako Forever,3666,05/18/2023, 14:10:45,844
GEOR20066,Pako Forever,3666,05/18/2023, 15:11:28,844
GEOR20066,Pako Forever,3666,05/18/2023, 16:14:35,844
GEOR20066,Pako Forever,3667,05/18/2023, 17:10:32,844
GEOR20066,Pako Forever,3667,05/18/2023, 18:14:08,844
GEOR20066,Pako Forever,3667,05/18/2023, 19:09:31,844
GEOR20066,Pako Forever,3667,05/18/2023, 20:11:51,844
GEOR20066,Pako Forever,3669,05/18/2023, 21:10:16,844
GEOR20066,Pako Forever,3671,05/18/2023, 22:10:48,844
GEOR20066,Pako Forever,3672,05/18/2023, 23:11:28,844
GEOR20066,Pako Forever,3674,05/19/2023, 00:57:26,844
GEOR20066,Pako Forever,3675,05/19/2023, 02:05:13,844
GEOR20066,Pako Forever,3677,05/19/2023, 03:11:56,844
GEOR20066,Pako Forever,3677,05/19/2023, 04:13:33,844
GEOR20066,Pako Forever,3677,05/19/2023, 05:11:23,844
GEOR20066,Pako Forever,3677,05/19/2023, 06:14:44,844
GEOR20066,Pako Forever,3677,05/19/2023, 07:10:54,844
GEOR20066,Pako Forever,3677,05/19/2023, 08:14:40,844
GEOR20066,Pako Forever,3677,05/19/2023, 09:11:19,844
GEOR20066,Pako Forever,3677,05/19/2023, 10:12:14,844
GEOR20066,Pako Forever,3677,05/19/2023, 11:09:48,844
GEOR20066,Pako Forever,3677,05/19/2023, 12:20:07,844
GEOR20066,Pako Forever,3677,05/19/2023, 13:13:49,844
GEOR20066,Pako Forever,3677,05/19/2023, 14:10:47,844
GEOR20066,Pako Forever,3677,05/19/2023, 15:11:25,844
GEOR20066,Pako Forever,3677,05/19/2023, 16:14:17,844
GEOR20066,Pako Forever,3678,05/19/2023, 17:10:20,844
GEOR20066,Pako Forever,3679,05/19/2023, 18:13:42,844
GEOR20066,Pako Forever,3680,05/19/2023, 19:09:32,844
GEOR20066,Pako Forever,3680,05/19/2023, 20:12:07,844
GEOR20066,Pako Forever,3681,05/19/2023, 21:10:01,844
GEOR20066,Pako Forever,3681,05/19/2023, 22:10:36,844
GEOR20066,Pako Forever,3681,05/19/2023, 23:11:42,844
GEOR20066,Pako Forever,3681,05/20/2023, 00:55:02,844
GEOR20066,Pako Forever,3681,05/20/2023, 02:01:33,844
GEOR20066,Pako Forever,3681,05/20/2023, 02:34:48,844
GEOR20066,Pako Forever,3681,05/20/2023, 03:11:51,844
GEOR20066,Pako Forever,3681,05/20/2023, 04:13:04,844
GEOR20066,Pako Forever,3681,05/20/2023, 05:10:40,844
GEOR20066,Pako Forever,3681,05/20/2023, 06:13:56,844
GEOR20066,Pako Forever,3681,05/20/2023, 07:10:12,844
GEOR20066,Pako Forever,3681,05/20/2023, 08:13:18,844
GEOR20066,Pako Forever,3681,05/20/2023, 09:10:26,844
GEOR20066,Pako Forever,3681,05/20/2023, 10:11:20,844
GEOR20066,Pako Forever,3681,05/20/2023, 11:09:31,844
GEOR20066,Pako Forever,3682,05/20/2023, 12:19:16,844
GEOR20066,Pako Forever,3682,05/20/2023, 13:12:01,844
GEOR20066,Pako Forever,3682,05/20/2023, 14:10:25,844
GEOR20066,Pako Forever,3682,05/20/2023, 15:10:42,844
GEOR20066,Pako Forever,3682,05/20/2023, 16:13:17,844
GEOR20066,Pako Forever,3683,05/20/2023, 17:09:44,844
GEOR20066,Pako Forever,3683,05/20/2023, 18:12:53,844
GEOR20066,Pako Forever,3684,05/20/2023, 19:08:52,844
GEOR20066,Pako Forever,3684,05/20/2023, 20:11:34,844
GEOR20066,Pako Forever,3686,05/20/2023, 21:09:43,844
GEOR20066,Pako Forever,3687,05/20/2023, 22:10:18,844
GEOR20066,Pako Forever,3687,05/20/2023, 23:10:58,844
GEOR20066,Pako Forever,3687,05/21/2023, 01:00:14,844
GEOR20066,Pako Forever,3688,05/21/2023, 02:13:26,844
GEOR20066,Pako Forever,3689,05/21/2023, 03:12:18,844
GEOR20066,Pako Forever,3690,05/21/2023, 04:13:36,844
GEOR20066,Pako Forever,3690,05/21/2023, 05:10:46,844
GEOR20066,Pako Forever,3690,05/21/2023, 06:13:48,844
GEOR20066,Pako Forever,3691,05/21/2023, 07:10:02,844
GEOR20066,Pako Forever,3692,05/21/2023, 08:13:25,844
GEOR20066,Pako Forever,3692,05/21/2023, 09:10:31,844
GEOR20066,Pako Forever,3692,05/21/2023, 10:11:02,844
GEOR20066,Pako Forever,3692,05/21/2023, 11:09:17,844
GEOR20066,Pako Forever,3692,05/21/2023, 12:19:25,844
GEOR20066,Pako Forever,3693,05/21/2023, 13:12:04,844
GEOR20066,Pako Forever,3693,05/21/2023, 14:10:04,844
GEOR20066,Pako Forever,3693,05/21/2023, 15:10:46,844
GEOR20066,Pako Forever,3693,05/21/2023, 16:13:27,844
GEOR20066,Pako Forever,3694,05/21/2023, 17:09:33,844
GEOR20066,Pako Forever,3694,05/21/2023, 18:13:32,844
GEOR20066,Pako Forever,3695,05/21/2023, 19:08:59,844
GEOR20066,Pako Forever,3695,05/21/2023, 20:11:28,844
GEOR20066,Pako Forever,3695,05/21/2023, 21:10:01,844
GEOR20066,Pako Forever,3695,05/21/2023, 22:10:39,844
GEOR20066,Pako Forever,3695,05/21/2023, 23:11:38,844
GEOR20066,Pako Forever,3696,05/22/2023, 01:00:04,844
GEOR20066,Pako Forever,3697,05/22/2023, 02:12:55,844
GEOR20066,Pako Forever,3697,05/22/2023, 03:13:06,844
GEOR20066,Pako Forever,3699,05/22/2023, 04:13:42,844
GEOR20066,Pako Forever,3700,05/22/2023, 05:11:59,844
GEOR20066,Pako Forever,3700,05/22/2023, 06:15:34,844
GEOR20066,Pako Forever,3700,05/22/2023, 07:11:48,844
GEOR20066,Pako Forever,3701,05/22/2023, 08:14:56,844
GEOR20066,Pako Forever,3701,05/22/2023, 09:12:08,844
GEOR20066,Pako Forever,3702,05/22/2023, 10:12:45,844
GEOR20066,Pako Forever,3702,05/22/2023, 11:09:56,844
GEOR20066,Pako Forever,3702,05/22/2023, 12:21:12,844
GEOR20066,Pako Forever,3702,05/22/2023, 13:14:35,844
GEOR20066,Pako Forever,3703,05/22/2023, 14:10:50,844
GEOR20066,Pako Forever,3704,05/22/2023, 15:12:11,844
GEOR20066,Pako Forever,3704,05/22/2023, 16:14:32,844
GEOR20066,Pako Forever,3704,05/22/2023, 17:10:38,844
GEOR20066,Pako Forever,3704,05/22/2023, 18:13:55,844
GEOR20066,Pako Forever,3705,05/22/2023, 19:09:26,844
GEOR20066,Pako Forever,3705,05/22/2023, 20:11:54,844
GEOR20066,Pako Forever,3706,05/22/2023, 21:10:39,844
GEOR20066,Pako Forever,3706,05/22/2023, 22:10:50,844
GEOR20066,Pako Forever,3706,05/22/2023, 23:11:36,844
GEOR20066,Pako Forever,3708,05/23/2023, 00:57:29,844
GEOR20066,Pako Forever,3708,05/23/2023, 02:06:00,844
GEOR20066,Pako Forever,3708,05/23/2023, 03:12:12,844
GEOR20066,Pako Forever,3709,05/23/2023, 04:13:28,844
GEOR20066,Pako Forever,3709,05/23/2023, 05:11:20,844
GEOR20066,Pako Forever,3710,05/23/2023, 06:14:58,844
GEOR20066,Pako Forever,3710,05/23/2023, 07:10:56,844
GEOR20066,Pako Forever,3710,05/23/2023, 08:14:39,844
GEOR20066,Pako Forever,3710,05/23/2023, 09:11:51,844
GEOR20066,Pako Forever,3710,05/23/2023, 10:12:29,844
GEOR20066,Pako Forever,3710,05/23/2023, 11:09:51,844
GEOR20066,Pako Forever,3710,05/23/2023, 12:21:29,844
GEOR20066,Pako Forever,3711,05/23/2023, 13:15:13,844
GEOR20066,Pako Forever,3711,05/23/2023, 14:11:29,844
GEOR20066,Pako Forever,3711,05/23/2023, 15:12:45,844
GEOR20066,Pako Forever,3711,05/23/2023, 16:14:59,844
GEOR20066,Pako Forever,3711,05/23/2023, 17:10:34,844
GEOR20066,Pako Forever,3711,05/23/2023, 18:13:50,844
GEOR20066,Pako Forever,3711,05/23/2023, 19:10:30,844
GEOR20066,Pako Forever,3711,05/23/2023, 20:11:59,844
GEOR20066,Pako Forever,3711,05/23/2023, 21:10:24,844
GEOR20066,Pako Forever,3711,05/23/2023, 22:11:05,844
GEOR20066,Pako Forever,3712,05/23/2023, 23:11:35,844
GEOR20066,Pako Forever,3713,05/24/2023, 00:58:28,844
GEOR20066,Pako Forever,3713,05/24/2023, 02:09:58,844
GEOR20066,Pako Forever,3713,05/24/2023, 03:12:53,844
GEOR20066,Pako Forever,3713,05/24/2023, 04:13:58,844
GEOR20066,Pako Forever,3713,05/24/2023, 05:10:55,844
GEOR20066,Pako Forever,3713,05/24/2023, 06:14:40,844
GEOR20066,Pako Forever,3713,05/24/2023, 07:10:42,844
GEOR20066,Pako Forever,3713,05/24/2023, 08:14:44,844
GEOR20066,Pako Forever,3713,05/24/2023, 09:11:56,844
GEOR20066,Pako Forever,3713,05/24/2023, 10:12:35,844
GEOR20066,Pako Forever,3713,05/24/2023, 11:10:03,844
GEOR20066,Pako Forever,3713,05/24/2023, 12:21:17,844
GEOR20066,Pako Forever,3713,05/24/2023, 13:15:12,844
GEOR20066,Pako Forever,3713,05/24/2023, 14:11:11,844
GEOR20066,Pako Forever,3713,05/24/2023, 15:12:06,844
GEOR20066,Pako Forever,3713,05/24/2023, 16:14:43,844
GEOR20066,Pako Forever,3713,05/24/2023, 17:10:38,844
GEOR20066,Pako Forever,3713,05/24/2023, 18:13:55,844
GEOR20066,Pako Forever,3714,05/24/2023, 19:09:30,844
GEOR20066,Pako Forever,3714,05/24/2023, 20:11:56,844
GEOR20066,Pako Forever,3717,05/24/2023, 21:08:58,844
GEOR20066,Pako Forever,3717,05/24/2023, 22:10:43,844
GEOR20066,Pako Forever,3717,05/24/2023, 23:11:40,844
GEOR20066,Pako Forever,3717,05/25/2023, 00:58:00,844
GEOR20066,Pako Forever,3718,05/25/2023, 02:05:28,844
GEOR20066,Pako Forever,3720,05/25/2023, 03:12:26,844
GEOR20066,Pako Forever,3720,05/25/2023, 04:13:29,844
GEOR20066,Pako Forever,3720,05/25/2023, 05:11:09,844
GEOR20066,Pako Forever,3720,05/25/2023, 07:10:58,844
GEOR20066,Pako Forever,3720,05/25/2023, 08:14:20,844
GEOR20066,Pako Forever,3722,05/25/2023, 09:11:34,844
GEOR20066,Pako Forever,3723,05/25/2023, 10:12:34,844
GEOR20066,Pako Forever,3724,05/25/2023, 11:09:56,844
GEOR20066,Pako Forever,3724,05/25/2023, 12:21:16,844
GEOR20066,Pako Forever,3724,05/25/2023, 13:15:38,844
GEOR20066,Pako Forever,3724,05/25/2023, 14:11:09,844
GEOR20066,Pako Forever,3724,05/25/2023, 15:11:41,844
GEOR20066,Pako Forever,3724,05/25/2023, 16:14:50,844
GEOR20066,Pako Forever,3724,05/25/2023, 17:10:30,844
GEOR20066,Pako Forever,3724,05/25/2023, 18:14:17,844
GEOR20066,Pako Forever,3727,05/25/2023, 19:09:36,844
GEOR20066,Pako Forever,3727,05/25/2023, 20:12:05,844
GEOR20066,Pako Forever,3728,05/25/2023, 21:10:23,844
GEOR20066,Pako Forever,3728,05/25/2023, 22:10:45,844
GEOR20066,Pako Forever,3728,05/25/2023, 23:11:24,844
GEOR20066,Pako Forever,3728,05/26/2023, 00:57:17,844
GEOR20066,Pako Forever,3728,05/26/2023, 02:04:35,844
GEOR20066,Pako Forever,3728,05/26/2023, 03:12:04,844
GEOR20066,Pako Forever,3729,05/26/2023, 04:13:41,844
GEOR20066,Pako Forever,3730,05/26/2023, 05:11:11,844
GEOR20066,Pako Forever,3731,05/26/2023, 06:14:39,844
GEOR20066,Pako Forever,3732,05/26/2023, 07:11:38,844
GEOR20066,Pako Forever,3732,05/26/2023, 08:14:28,844
GEOR20066,Pako Forever,3732,05/26/2023, 09:11:35,844
GEOR20066,Pako Forever,3732,05/26/2023, 10:12:12,844
GEOR20066,Pako Forever,3732,05/26/2023, 11:10:56,844
GEOR20066,Pako Forever,3732,05/26/2023, 12:20:40,844
GEOR20066,Pako Forever,3732,05/26/2023, 13:13:51,844
GEOR20066,Pako Forever,3732,05/26/2023, 14:10:17,844
GEOR20066,Pako Forever,3733,05/26/2023, 15:11:27,844
GEOR20066,Pako Forever,3733,05/26/2023, 16:14:33,844
GEOR20066,Pako Forever,3733,05/26/2023, 17:11:23,844
GEOR20066,Pako Forever,3734,05/26/2023, 18:13:48,844
GEOR20066,Pako Forever,3734,05/26/2023, 19:09:32,844
GEOR20066,Pako Forever,3734,05/26/2023, 20:11:49,844
GEOR20066,Pako Forever,3735,05/26/2023, 21:10:18,844
GEOR20066,Pako Forever,3735,05/26/2023, 22:10:49,844
GEOR20066,Pako Forever,3735,05/26/2023, 23:11:41,844
GEOR20066,Pako Forever,3735,05/27/2023, 01:00:00,844
GEOR20066,Pako Forever,3736,05/27/2023, 02:04:56,844
GEOR20066,Pako Forever,3737,05/27/2023, 03:11:57,844
GEOR20066,Pako Forever,3738,05/27/2023, 04:13:01,844
GEOR20066,Pako Forever,3738,05/27/2023, 05:10:26,844
GEOR20066,Pako Forever,3738,05/27/2023, 06:13:47,844
GEOR20066,Pako Forever,3738,05/27/2023, 08:13:20,844
GEOR20066,Pako Forever,3738,05/27/2023, 09:10:26,844
GEOR20066,Pako Forever,3738,05/27/2023, 10:11:02,844
GEOR20066,Pako Forever,3738,05/27/2023, 11:09:10,844
GEOR20066,Pako Forever,3738,05/27/2023, 12:19:55,844
GEOR20066,Pako Forever,3738,05/27/2023, 13:12:04,844
GEOR20066,Pako Forever,3738,05/27/2023, 14:10:13,844
GEOR20066,Pako Forever,3738,05/27/2023, 15:10:41,844
GEOR20066,Pako Forever,3739,05/27/2023, 16:13:58,844
GEOR20066,Pako Forever,3740,05/27/2023, 18:12:55,844
GEOR20066,Pako Forever,3740,05/27/2023, 19:09:13,844
GEOR20066,Pako Forever,3740,05/27/2023, 20:11:38,844
GEOR20066,Pako Forever,3740,05/27/2023, 21:09:35,844
GEOR20066,Pako Forever,3741,05/27/2023, 22:10:13,844
GEOR20066,Pako Forever,3741,05/27/2023, 23:11:43,844
GEOR20066,Pako Forever,3743,05/28/2023, 01:03:02,844
GEOR20066,Pako Forever,3743,05/28/2023, 02:39:51,844
GEOR20066,Pako Forever,3743,05/28/2023, 03:12:33,844
GEOR20066,Pako Forever,3743,05/28/2023, 04:13:13,844
GEOR20066,Pako Forever,3743,05/28/2023, 05:10:46,844
GEOR20066,Pako Forever,3743,05/28/2023, 06:14:01,844
GEOR20066,Pako Forever,3743,05/28/2023, 07:10:15,844
GEOR20066,Pako Forever,3744,05/28/2023, 08:13:05,844
GEOR20066,Pako Forever,3744,05/28/2023, 09:11:48,844
GEOR20066,Pako Forever,3745,05/28/2023, 10:11:08,844
GEOR20066,Pako Forever,3745,05/28/2023, 11:09:06,844
GEOR20066,Pako Forever,3747,05/28/2023, 12:19:15,844
GEOR20066,Pako Forever,3747,05/28/2023, 13:12:05,844
GEOR20066,Pako Forever,3747,05/28/2023, 14:09:39,844
GEOR20066,Pako Forever,3748,05/28/2023, 15:11:16,844
GEOR20066,Pako Forever,3750,05/28/2023, 16:13:17,844
GEOR20066,Pako Forever,3752,05/28/2023, 17:09:47,844
GEOR20066,Pako Forever,3752,05/28/2023, 18:12:57,844
GEOR20066,Pako Forever,3752,05/28/2023, 19:09:03,844
GEOR20066,Pako Forever,3752,05/28/2023, 20:11:10,844
GEOR20066,Pako Forever,3753,05/28/2023, 21:09:56,844
GEOR20066,Pako Forever,3755,05/28/2023, 22:10:25,844
GEOR20066,Pako Forever,3756,05/28/2023, 23:11:27,844
GEOR20066,Pako Forever,3756,05/29/2023, 00:59:44,844
GEOR20066,Pako Forever,3756,05/29/2023, 02:13:25,844
GEOR20066,Pako Forever,3756,05/29/2023, 03:12:39,844
GEOR20066,Pako Forever,3756,05/29/2023, 04:14:16,844
GEOR20066,Pako Forever,3757,05/29/2023, 05:11:30,844
GEOR20066,Pako Forever,3757,05/29/2023, 06:15:27,844
GEOR20066,Pako Forever,3757,05/29/2023, 07:11:14,844
GEOR20066,Pako Forever,3757,05/29/2023, 08:14:43,844
GEOR20066,Pako Forever,3757,05/29/2023, 09:12:06,844
GEOR20066,Pako Forever,3757,05/29/2023, 10:12:30,844
GEOR20066,Pako Forever,3757,05/29/2023, 11:09:52,844
GEOR20066,Pako Forever,3757,05/29/2023, 12:20:55,844
GEOR20066,Pako Forever,3757,05/29/2023, 13:14:22,844
GEOR20066,Pako Forever,3758,05/29/2023, 14:10:47,844
GEOR20066,Pako Forever,3758,05/29/2023, 15:11:43,844
GEOR20066,Pako Forever,3759,05/29/2023, 16:14:32,844
GEOR20066,Pako Forever,3759,05/29/2023, 17:10:53,844
GEOR20066,Pako Forever,3761,05/29/2023, 18:13:38,844
GEOR20066,Pako Forever,3761,05/29/2023, 19:10:08,844
GEOR20066,Pako Forever,3761,05/29/2023, 20:11:48,844
GEOR20066,Pako Forever,3762,05/29/2023, 21:10:29,844
GEOR20066,Pako Forever,3765,05/29/2023, 22:10:49,844
GEOR20066,Pako Forever,3765,05/29/2023, 23:11:19,844
GEOR20066,Pako Forever,3765,05/30/2023, 00:59:42,844
GEOR20066,Pako Forever,3765,05/30/2023, 02:13:39,844
GEOR20066,Pako Forever,3765,05/30/2023, 03:12:20,844
GEOR20066,Pako Forever,3766,05/30/2023, 04:13:44,844
GEOR20066,Pako Forever,3767,05/30/2023, 05:11:12,844
GEOR20066,Pako Forever,3767,05/30/2023, 06:14:42,844
GEOR20066,Pako Forever,3768,05/30/2023, 07:10:44,844
GEOR20066,Pako Forever,3768,05/30/2023, 08:14:35,844
GEOR20066,Pako Forever,3768,05/30/2023, 09:11:45,844
GEOR20066,Pako Forever,3769,05/30/2023, 10:12:24,844
GEOR20066,Pako Forever,3770,05/30/2023, 11:09:57,844
GEOR20066,Pako Forever,3770,05/30/2023, 12:23:38,844
GEOR20066,Pako Forever,3770,05/30/2023, 13:14:55,844
GEOR20066,Pako Forever,3771,05/30/2023, 14:10:52,844
GEOR20066,Pako Forever,3771,05/30/2023, 15:11:54,844
GEOR20066,Pako Forever,3771,05/30/2023, 16:13:45,844
GEOR20066,Pako Forever,3771,05/30/2023, 17:08:56,844
GEOR20066,Pako Forever,3772,05/30/2023, 18:13:58,844
GEOR20066,Pako Forever,3772,05/30/2023, 19:09:33,844
GEOR20066,Pako Forever,3772,05/30/2023, 20:11:56,844
GEOR20066,Pako Forever,3773,05/30/2023, 21:10:27,844
GEOR20066,Pako Forever,3775,05/30/2023, 22:11:19,844
GEOR20066,Pako Forever,3775,05/30/2023, 23:11:11,844
GEOR20066,Pako Forever,3775,05/31/2023, 01:04:44,844
GEOR20066,Pako Forever,3775,05/31/2023, 02:50:54,844
GEOR20066,Pako Forever,3775,05/31/2023, 03:15:37,844
GEOR20066,Pako Forever,3775,05/31/2023, 04:13:17,844
GEOR20066,Pako Forever,3775,05/31/2023, 05:10:46,844
GEOR20066,Pako Forever,3775,05/31/2023, 06:15:38,844
GEOR20066,Pako Forever,3776,05/31/2023, 07:11:35,844
GEOR20066,Pako Forever,3776,05/31/2023, 08:14:13,844
GEOR20066,Pako Forever,3776,05/31/2023, 09:12:44,844
GEOR20066,Pako Forever,3776,05/31/2023, 10:12:24,844
GEOR20066,Pako Forever,3776,05/31/2023, 11:09:54,844
GEOR20066,Pako Forever,3776,05/31/2023, 12:22:35,844
GEOR20066,Pako Forever,3776,05/31/2023, 13:14:39,844
GEOR20066,Pako Forever,3776,05/31/2023, 14:10:25,844
GEOR20066,Pako Forever,3777,05/31/2023, 15:12:05,844
GEOR20066,Pako Forever,3778,05/31/2023, 16:14:24,844
GEOR20066,Pako Forever,3778,05/31/2023, 17:10:46,844
GEOR20066,Pako Forever,3781,05/31/2023, 18:14:08,844
GEOR20066,Pako Forever,3782,05/31/2023, 19:09:34,844
GEOR20066,Pako Forever,3783,05/31/2023, 20:12:02,844
GEOR20066,Pako Forever,3783,05/31/2023, 21:10:41,844
GEOR20066,Pako Forever,3783,05/31/2023, 22:10:35,844
GEOR20066,Pako Forever,3783,05/31/2023, 23:11:28,844
GEOR20066,Pako Forever,3783,06/01/2023, 01:17:47,844
GEOR20066,Pako Forever,3783,06/01/2023, 03:08:57,844
GEOR20066,Pako Forever,3784,06/01/2023, 04:14:46,844
GEOR20066,Pako Forever,3784,06/01/2023, 05:11:24,844
GEOR20066,Pako Forever,3786,06/01/2023, 06:15:00,844
GEOR20066,Pako Forever,3786,06/01/2023, 07:11:30,844
GEOR20066,Pako Forever,3786,06/01/2023, 08:14:35,844
GEOR20066,Pako Forever,3789,06/01/2023, 09:11:57,844
GEOR20066,Pako Forever,3789,06/01/2023, 10:14:29,844
GEOR20066,Pako Forever,3789,06/01/2023, 11:09:39,844
GEOR20066,Pako Forever,3790,06/01/2023, 12:22:14,844
GEOR20066,Pako Forever,3790,06/01/2023, 13:15:22,844
GEOR20066,Pako Forever,3791,06/01/2023, 14:10:55,844
GEOR20066,Pako Forever,3791,06/01/2023, 15:11:31,844
GEOR20066,Pako Forever,3791,06/01/2023, 16:14:55,844
GEOR20066,Pako Forever,3791,06/01/2023, 17:10:26,844
GEOR20066,Pako Forever,3791,06/01/2023, 18:14:51,844
GEOR20066,Pako Forever,3791,06/01/2023, 19:09:31,844
GEOR20066,Pako Forever,3791,06/01/2023, 20:12:03,844
GEOR20066,Pako Forever,3791,06/01/2023, 21:10:07,844
GEOR20066,Pako Forever,3791,06/01/2023, 22:10:56,844
GEOR20066,Pako Forever,3792,06/01/2023, 23:11:59,844
GEOR20066,Pako Forever,3792,06/02/2023, 01:05:36,844
GEOR20066,Pako Forever,3792,06/02/2023, 02:46:17,844
GEOR20066,Pako Forever,3792,06/02/2023, 03:12:59,844
GEOR20066,Pako Forever,3792,06/02/2023, 04:13:31,844
GEOR20066,Pako Forever,3792,06/02/2023, 05:11:02,844
GEOR20066,Pako Forever,3792,06/02/2023, 06:14:34,844
GEOR20066,Pako Forever,3792,06/02/2023, 07:10:44,844
GEOR20066,Pako Forever,3792,06/02/2023, 08:13:59,844
GEOR20066,Pako Forever,3792,06/02/2023, 09:11:35,844
GEOR20066,Pako Forever,3792,06/02/2023, 10:12:16,844
GEOR20066,Pako Forever,3792,06/02/2023, 11:10:03,844
GEOR20066,Pako Forever,3792,06/02/2023, 12:22:20,844
GEOR20066,Pako Forever,3792,06/02/2023, 13:18:45,844
GEOR20066,Pako Forever,3792,06/02/2023, 14:10:22,844
GEOR20066,Pako Forever,3792,06/02/2023, 15:11:48,844
GEOR20066,Pako Forever,3793,06/02/2023, 16:14:23,844
GEOR20066,Pako Forever,3794,06/02/2023, 17:10:33,844
GEOR20066,Pako Forever,3796,06/02/2023, 18:13:41,844
GEOR20066,Pako Forever,3798,06/02/2023, 19:09:15,844
GEOR20066,Pako Forever,3800,06/02/2023, 20:11:44,844
GEOR20066,Pako Forever,3800,06/02/2023, 21:10:41,844
GEOR20066,Pako Forever,3800,06/02/2023, 22:10:23,844
GEOR20066,Pako Forever,3800,06/02/2023, 23:12:17,844
GEOR20066,Pako Forever,3800,06/03/2023, 01:02:52,844
GEOR20066,Pako Forever,3800,06/03/2023, 02:43:06,844
GEOR20066,Pako Forever,3801,06/03/2023, 03:11:32,844
GEOR20066,Pako Forever,3801,06/03/2023, 04:12:58,844
GEOR20066,Pako Forever,3802,06/03/2023, 05:10:38,844
GEOR20066,Pako Forever,3802,06/03/2023, 06:14:06,844
GEOR20066,Pako Forever,3802,06/03/2023, 07:10:20,844
GEOR20066,Pako Forever,3802,06/03/2023, 08:13:32,844
GEOR20066,Pako Forever,3802,06/03/2023, 09:10:20,844
GEOR20066,Pako Forever,3802,06/03/2023, 10:11:17,844
GEOR20066,Pako Forever,3804,06/03/2023, 11:10:03,844
GEOR20066,Pako Forever,3804,06/03/2023, 12:19:48,844
GEOR20066,Pako Forever,3804,06/03/2023, 13:12:31,844
GEOR20066,Pako Forever,3804,06/03/2023, 14:09:30,844
GEOR20066,Pako Forever,3804,06/03/2023, 15:10:31,844
GEOR20066,Pako Forever,3804,06/03/2023, 16:14:01,844
GEOR20066,Pako Forever,3804,06/03/2023, 17:09:32,844
GEOR20066,Pako Forever,3804,06/03/2023, 18:13:11,844
GEOR20066,Pako Forever,3805,06/03/2023, 19:10:15,844
GEOR20066,Pako Forever,3805,06/03/2023, 20:12:30,844
GEOR20066,Pako Forever,3807,06/03/2023, 21:09:45,844
GEOR20066,Pako Forever,3807,06/03/2023, 22:10:05,844
GEOR20066,Pako Forever,3810,06/03/2023, 23:11:15,844
GEOR20066,Pako Forever,3811,06/04/2023, 01:14:09,844
GEOR20066,Pako Forever,3812,06/04/2023, 03:04:21,844
GEOR20066,Pako Forever,3812,06/04/2023, 04:13:03,844
GEOR20066,Pako Forever,3813,06/04/2023, 05:10:53,844
GEOR20066,Pako Forever,3814,06/04/2023, 06:13:33,844
GEOR20066,Pako Forever,3814,06/04/2023, 07:10:54,844
GEOR20066,Pako Forever,3814,06/04/2023, 08:13:21,844
GEOR20066,Pako Forever,3815,06/04/2023, 09:11:56,844
GEOR20066,Pako Forever,3816,06/04/2023, 10:11:30,844
GEOR20066,Pako Forever,3817,06/04/2023, 11:09:50,844
GEOR20066,Pako Forever,3817,06/04/2023, 12:20:20,844
GEOR20066,Pako Forever,3817,06/04/2023, 13:12:16,844
GEOR20066,Pako Forever,3817,06/04/2023, 14:09:41,844
GEOR20066,Pako Forever,3817,06/04/2023, 15:10:32,844
GEOR20066,Pako Forever,3819,06/04/2023, 16:13:46,844
GEOR20066,Pako Forever,3819,06/04/2023, 17:09:35,844
GEOR20066,Pako Forever,3819,06/04/2023, 18:13:27,844
GEOR20066,Pako Forever,3820,06/04/2023, 19:09:02,844
GEOR20066,Pako Forever,3820,06/04/2023, 20:11:57,844
GEOR20066,Pako Forever,3823,06/04/2023, 21:09:57,844
GEOR20066,Pako Forever,3823,06/04/2023, 22:10:23,844
GEOR20066,Pako Forever,3823,06/04/2023, 23:11:19,844
GEOR20066,Pako Forever,3824,06/05/2023, 01:04:40,844
GEOR20066,Pako Forever,3824,06/05/2023, 02:48:29,844
GEOR20066,Pako Forever,3824,06/05/2023, 03:14:12,844
GEOR20066,Pako Forever,3824,06/05/2023, 04:13:55,844
GEOR20066,Pako Forever,3826,06/05/2023, 05:11:35,844
GEOR20066,Pako Forever,3826,06/05/2023, 06:15:18,844
GEOR20066,Pako Forever,3826,06/05/2023, 07:11:49,844
GEOR20066,Pako Forever,3827,06/05/2023, 08:14:37,844
GEOR20066,Pako Forever,3827,06/05/2023, 09:12:06,844
GEOR20066,Pako Forever,3827,06/05/2023, 10:12:32,844
GEOR20066,Pako Forever,3827,06/05/2023, 11:10:11,844
GEOR20066,Pako Forever,3828,06/05/2023, 12:23:27,844
GEOR20066,Pako Forever,3828,06/05/2023, 13:15:36,844
GEOR20066,Pako Forever,3828,06/05/2023, 14:10:55,844
GEOR20066,Pako Forever,3830,06/05/2023, 15:11:51,844
GEOR20066,Pako Forever,3832,06/05/2023, 16:15:01,844
GEOR20066,Pako Forever,3832,06/05/2023, 17:10:29,844
GEOR20066,Pako Forever,3833,06/05/2023, 18:13:36,844
GEOR20066,Pako Forever,3833,06/05/2023, 19:09:33,844
GEOR20066,Pako Forever,3833,06/05/2023, 20:11:52,844
GEOR20066,Pako Forever,3833,06/05/2023, 21:10:08,844
GEOR20066,Pako Forever,3833,06/05/2023, 22:10:57,844
GEOR20066,Pako Forever,3833,06/05/2023, 23:11:32,844
GEOR20066,Pako Forever,3836,06/06/2023, 01:05:59,844
GEOR20066,Pako Forever,3836,06/06/2023, 02:52:54,844
GEOR20066,Pako Forever,3836,06/06/2023, 03:17:38,844
GEOR20066,Pako Forever,3836,06/06/2023, 04:13:22,844
GEOR20066,Pako Forever,3837,06/06/2023, 05:12:00,844
GEOR20066,Pako Forever,3837,06/06/2023, 06:14:46,844
GEOR20066,Pako Forever,3837,06/06/2023, 07:11:16,844
GEOR20066,Pako Forever,3837,06/06/2023, 08:14:18,844
GEOR20066,Pako Forever,3837,06/06/2023, 09:11:59,844
GEOR20066,Pako Forever,3838,06/06/2023, 10:12:23,844
GEOR20066,Pako Forever,3838,06/06/2023, 11:09:51,844
GEOR20066,Pako Forever,3838,06/06/2023, 12:22:26,844
GEOR20066,Pako Forever,3838,06/06/2023, 13:15:21,844
GEOR20066,Pako Forever,3838,06/06/2023, 14:10:41,844
GEOR20066,Pako Forever,3838,06/06/2023, 15:11:49,844
GEOR20066,Pako Forever,3838,06/06/2023, 16:14:50,844
GEOR20066,Pako Forever,3838,06/06/2023, 17:11:02,844
GEOR20066,Pako Forever,3838,06/06/2023, 18:14:07,844
GEOR20066,Pako Forever,3840,06/06/2023, 19:09:50,844
GEOR20066,Pako Forever,3840,06/06/2023, 20:11:52,844
GEOR20066,Pako Forever,3840,06/06/2023, 21:11:27,844
GEOR20066,Pako Forever,3841,06/06/2023, 22:10:52,844
GEOR20066,Pako Forever,3841,06/06/2023, 23:11:16,844
GEOR20066,Pako Forever,3841,06/07/2023, 01:07:49,844
GEOR20066,Pako Forever,3844,06/07/2023, 02:51:25,844
GEOR20066,Pako Forever,3844,06/07/2023, 03:16:35,844
GEOR20066,Pako Forever,3844,06/07/2023, 04:13:42,844
GEOR20066,Pako Forever,3844,06/07/2023, 05:10:50,844
GEOR20066,Pako Forever,3844,06/07/2023, 06:14:46,844
GEOR20066,Pako Forever,3844,06/07/2023, 07:11:08,844
GEOR20066,Pako Forever,3844,06/07/2023, 08:15:29,844
GEOR20066,Pako Forever,3844,06/07/2023, 09:11:29,844
GEOR20066,Pako Forever,3844,06/07/2023, 10:12:50,844
GEOR20066,Pako Forever,3844,06/07/2023, 11:10:00,844
GEOR20066,Pako Forever,3845,06/07/2023, 12:22:32,844
GEOR20066,Pako Forever,3845,06/07/2023, 13:15:30,844
GEOR20066,Pako Forever,3845,06/07/2023, 14:10:44,844
GEOR20066,Pako Forever,3846,06/07/2023, 15:12:06,844
GEOR20066,Pako Forever,3846,06/07/2023, 16:15:00,844
GEOR20066,Pako Forever,3846,06/07/2023, 17:10:17,844
GEOR20066,Pako Forever,3846,06/07/2023, 18:14:20,844
GEOR20066,Pako Forever,3846,06/07/2023, 19:10:10,844
GEOR20066,Pako Forever,3846,06/07/2023, 20:12:22,844
GEOR20066,Pako Forever,3846,06/07/2023, 21:10:28,844
GEOR20066,Pako Forever,3846,06/07/2023, 22:10:43,844
GEOR20066,Pako Forever,3846,06/07/2023, 23:12:01,844
GEOR20066,Pako Forever,3846,06/08/2023, 01:05:21,844
GEOR20066,Pako Forever,3846,06/08/2023, 02:50:35,844
GEOR20066,Pako Forever,3846,06/08/2023, 03:15:54,844
GEOR20066,Pako Forever,3846,06/08/2023, 04:13:59,844
GEOR20066,Pako Forever,3846,06/08/2023, 05:11:22,844
GEOR20066,Pako Forever,3847,06/08/2023, 06:14:55,844
GEOR20066,Pako Forever,3847,06/08/2023, 07:11:00,844
GEOR20066,Pako Forever,3847,06/08/2023, 08:14:17,844
GEOR20066,Pako Forever,3847,06/08/2023, 09:11:23,844
GEOR20066,Pako Forever,3847,06/08/2023, 10:12:25,844
GEOR20066,Pako Forever,3847,06/08/2023, 11:10:23,844
GEOR20066,Pako Forever,3847,06/08/2023, 12:20:55,844
GEOR20066,Pako Forever,3847,06/08/2023, 13:15:48,844
GEOR20066,Pako Forever,3847,06/08/2023, 14:10:36,844
GEOR20066,Pako Forever,3848,06/08/2023, 15:11:30,844
GEOR20066,Pako Forever,3848,06/08/2023, 16:14:53,844
GEOR20066,Pako Forever,3848,06/08/2023, 17:11:18,844
GEOR20066,Pako Forever,3848,06/08/2023, 18:13:50,844
GEOR20066,Pako Forever,3848,06/08/2023, 19:10:53,844
GEOR20066,Pako Forever,3849,06/08/2023, 20:11:43,844
GEOR20066,Pako Forever,3849,06/08/2023, 21:11:59,844
GEOR20066,Pako Forever,3849,06/08/2023, 22:10:53,844
GEOR20066,Pako Forever,3849,06/08/2023, 23:12:11,844
GEOR20066,Pako Forever,3849,06/09/2023, 01:13:53,844
GEOR20066,Pako Forever,3850,06/09/2023, 02:53:35,844
GEOR20066,Pako Forever,3851,06/09/2023, 03:19:01,844
GEOR20066,Pako Forever,3851,06/09/2023, 04:13:45,844
GEOR20066,Pako Forever,3851,06/09/2023, 05:11:24,844
GEOR20066,Pako Forever,3851,06/09/2023, 06:14:55,844
GEOR20066,Pako Forever,3851,06/09/2023, 07:11:20,844
GEOR20066,Pako Forever,3851,06/09/2023, 08:14:09,844
GEOR20066,Pako Forever,3851,06/09/2023, 09:11:24,844
GEOR20066,Pako Forever,3853,06/09/2023, 10:12:38,844
GEOR20066,Pako Forever,3853,06/09/2023, 11:09:57,844
GEOR20066,Pako Forever,3854,06/09/2023, 12:21:20,844
GEOR20066,Pako Forever,3854,06/09/2023, 13:14:19,844
GEOR20066,Pako Forever,3854,06/09/2023, 14:11:11,844
GEOR20066,Pako Forever,3854,06/09/2023, 15:11:32,844
GEOR20066,Pako Forever,3856,06/09/2023, 16:14:16,844
GEOR20066,Pako Forever,3856,06/09/2023, 17:11:11,844
GEOR20066,Pako Forever,3856,06/09/2023, 18:14:03,844
GEOR20066,Pako Forever,3856,06/09/2023, 19:09:42,844
GEOR20066,Pako Forever,3856,06/09/2023, 20:11:54,844
GEOR20066,Pako Forever,3857,06/09/2023, 21:10:21,844
GEOR20066,Pako Forever,3857,06/09/2023, 22:10:58,844
GEOR20066,Pako Forever,3857,06/09/2023, 23:11:40,844
GEOR20066,Pako Forever,3857,06/10/2023, 01:01:58,844
GEOR20066,Pako Forever,3858,06/10/2023, 02:41:50,844
GEOR20066,Pako Forever,3858,06/10/2023, 03:11:37,844
GEOR20066,Pako Forever,3858,06/10/2023, 04:13:07,844
GEOR20066,Pako Forever,3858,06/10/2023, 05:10:43,844
GEOR20066,Pako Forever,3858,06/10/2023, 06:13:50,844
GEOR20066,Pako Forever,3859,06/10/2023, 07:10:10,844
GEOR20066,Pako Forever,3859,06/10/2023, 08:13:33,844
GEOR20066,Pako Forever,3859,06/10/2023, 09:11:08,844
GEOR20066,Pako Forever,3859,06/10/2023, 10:11:17,844
GEOR20066,Pako Forever,3859,06/10/2023, 11:09:10,844
GEOR20066,Pako Forever,3859,06/10/2023, 12:19:01,844
GEOR20066,Pako Forever,3860,06/10/2023, 13:12:09,844
GEOR20066,Pako Forever,3860,06/10/2023, 14:09:48,844
GEOR20066,Pako Forever,3860,06/10/2023, 15:10:59,844
GEOR20066,Pako Forever,3861,06/10/2023, 16:13:56,844
GEOR20066,Pako Forever,3862,06/10/2023, 17:10:00,844
GEOR20066,Pako Forever,3864,06/10/2023, 18:13:08,844
GEOR20066,Pako Forever,3864,06/10/2023, 19:09:22,844
GEOR20066,Pako Forever,3865,06/10/2023, 20:12:17,844
GEOR20066,Pako Forever,3865,06/10/2023, 21:09:43,844
GEOR20066,Pako Forever,3868,06/10/2023, 22:10:11,844
GEOR20066,Pako Forever,3870,06/10/2023, 23:11:07,844
GEOR20066,Pako Forever,3870,06/11/2023, 01:11:17,844
GEOR20066,Pako Forever,3870,06/11/2023, 02:59:44,844
GEOR20066,Pako Forever,3870,06/11/2023, 03:26:24,844
GEOR20066,Pako Forever,3870,06/11/2023, 04:13:18,844
GEOR20066,Pako Forever,3870,06/11/2023, 05:11:02,844
GEOR20066,Pako Forever,3870,06/11/2023, 06:13:52,844
GEOR20066,Pako Forever,3871,06/11/2023, 07:10:24,844
GEOR20066,Pako Forever,3871,06/11/2023, 08:13:24,844
GEOR20066,Pako Forever,3872,06/11/2023, 09:10:46,844
GEOR20066,Pako Forever,3872,06/11/2023, 10:11:24,844
GEOR20066,Pako Forever,3873,06/11/2023, 11:09:11,844
GEOR20066,Pako Forever,3873,06/11/2023, 12:20:12,844
GEOR20066,Pako Forever,3874,06/11/2023, 13:12:52,844
GEOR20066,Pako Forever,3875,06/11/2023, 14:09:59,844
GEOR20066,Pako Forever,3876,06/11/2023, 15:10:54,844
GEOR20066,Pako Forever,3877,06/11/2023, 16:13:19,844
GEOR20066,Pako Forever,3878,06/11/2023, 17:09:45,844
GEOR20066,Pako Forever,3878,06/11/2023, 18:13:19,844
GEOR20066,Pako Forever,3878,06/11/2023, 19:09:09,844
GEOR20066,Pako Forever,3878,06/11/2023, 20:11:32,844
GEOR20066,Pako Forever,3878,06/11/2023, 21:10:14,844
GEOR20066,Pako Forever,3878,06/11/2023, 22:10:40,844
GEOR20066,Pako Forever,3878,06/11/2023, 23:11:32,844
GEOR20066,Pako Forever,3878,06/12/2023, 01:07:16,844
GEOR20066,Pako Forever,3878,06/12/2023, 02:51:04,844
GEOR20066,Pako Forever,3878,06/12/2023, 03:18:07,844
GEOR20066,Pako Forever,3878,06/12/2023, 04:13:52,844
GEOR20066,Pako Forever,3879,06/12/2023, 05:11:58,844
GEOR20066,Pako Forever,3879,06/12/2023, 06:15:18,844
GEOR20066,Pako Forever,3879,06/12/2023, 07:11:42,844
GEOR20066,Pako Forever,3879,06/12/2023, 08:14:37,844
GEOR20066,Pako Forever,3879,06/12/2023, 09:12:15,844
GEOR20066,Pako Forever,3880,06/12/2023, 10:12:28,844
GEOR20066,Pako Forever,3880,06/12/2023, 11:10:34,844
GEOR20066,Pako Forever,3880,06/12/2023, 12:21:31,844
GEOR20066,Pako Forever,3880,06/12/2023, 13:15:04,844
GEOR20066,Pako Forever,3880,06/12/2023, 14:10:52,844
GEOR20066,Pako Forever,3880,06/12/2023, 15:12:03,844
GEOR20066,Pako Forever,3880,06/12/2023, 16:14:15,844
GEOR20066,Pako Forever,3880,06/12/2023, 17:10:29,844
GEOR20066,Pako Forever,3881,06/12/2023, 18:13:54,844
GEOR20066,Pako Forever,3882,06/12/2023, 19:08:39,844
GEOR20066,Pako Forever,3882,06/12/2023, 20:12:07,844
GEOR20066,Pako Forever,3883,06/12/2023, 21:10:34,844
GEOR20066,Pako Forever,3883,06/12/2023, 22:10:49,844
GEOR20066,Pako Forever,3883,06/12/2023, 23:11:20,844
GEOR20066,Pako Forever,3883,06/13/2023, 01:04:06,844
GEOR20066,Pako Forever,3884,06/13/2023, 02:38:53,844
GEOR20066,Pako Forever,3884,06/13/2023, 03:12:32,844
GEOR20066,Pako Forever,3884,06/13/2023, 04:13:46,844
GEOR20066,Pako Forever,3884,06/13/2023, 05:11:31,844
GEOR20066,Pako Forever,3884,06/13/2023, 06:14:51,844
GEOR20066,Pako Forever,3886,06/13/2023, 07:11:23,844
GEOR20066,Pako Forever,3886,06/13/2023, 08:14:51,844
GEOR20066,Pako Forever,3886,06/13/2023, 09:11:44,844
GEOR20066,Pako Forever,3886,06/13/2023, 10:12:20,844
GEOR20066,Pako Forever,3886,06/13/2023, 11:10:05,844
GEOR20066,Pako Forever,3886,06/13/2023, 12:22:28,844
GEOR20066,Pako Forever,3886,06/13/2023, 13:14:37,844
GEOR20066,Pako Forever,3886,06/13/2023, 14:10:40,844
GEOR20066,Pako Forever,3887,06/13/2023, 15:11:54,844
GEOR20066,Pako Forever,3887,06/13/2023, 16:14:57,844
GEOR20066,Pako Forever,3888,06/13/2023, 17:11:01,844
GEOR20066,Pako Forever,3888,06/13/2023, 18:14:03,844
GEOR20066,Pako Forever,3888,06/13/2023, 19:09:46,844
GEOR20066,Pako Forever,3891,06/13/2023, 20:12:07,844
GEOR20066,Pako Forever,3892,06/13/2023, 21:10:24,844
GEOR20066,Pako Forever,3892,06/13/2023, 22:11:35,844
GEOR20066,Pako Forever,3893,06/13/2023, 23:10:43,844
GEOR20066,Pako Forever,3893,06/14/2023, 01:02:41,844
GEOR20066,Pako Forever,3893,06/14/2023, 02:38:07,844
GEOR20066,Pako Forever,3893,06/14/2023, 03:12:30,844
GEOR20066,Pako Forever,3893,06/14/2023, 04:13:43,844
GEOR20066,Pako Forever,3893,06/14/2023, 05:11:10,844
GEOR20066,Pako Forever,3893,06/14/2023, 06:14:45,844
GEOR20066,Pako Forever,3893,06/14/2023, 07:11:04,844
GEOR20066,Pako Forever,3894,06/14/2023, 08:14:36,844
GEOR20066,Pako Forever,3894,06/14/2023, 09:11:27,844
GEOR20066,Pako Forever,3895,06/14/2023, 10:12:09,844
GEOR20066,Pako Forever,3896,06/14/2023, 11:09:48,844
GEOR20066,Pako Forever,3896,06/14/2023, 12:22:22,844
GEOR20066,Pako Forever,3897,06/14/2023, 13:14:27,844
GEOR20066,Pako Forever,3899,06/14/2023, 14:10:47,844
GEOR20066,Pako Forever,3899,06/14/2023, 15:11:38,844
GEOR20066,Pako Forever,3899,06/14/2023, 16:15:18,844
GEOR20066,Pako Forever,3899,06/14/2023, 17:10:30,844
GEOR20066,Pako Forever,3899,06/14/2023, 18:13:55,844
GEOR20066,Pako Forever,3900,06/14/2023, 19:09:42,844
GEOR20066,Pako Forever,3901,06/14/2023, 20:12:01,844
GEOR20066,Pako Forever,3901,06/14/2023, 21:10:23,844
GEOR20066,Pako Forever,3901,06/14/2023, 22:11:01,844
GEOR20066,Pako Forever,3902,06/14/2023, 23:12:32,844
GEOR20066,Pako Forever,3902,06/15/2023, 01:02:45,844
GEOR20066,Pako Forever,3902,06/15/2023, 02:37:19,844
GEOR20066,Pako Forever,3902,06/15/2023, 03:12:24,844
GEOR20066,Pako Forever,3902,06/15/2023, 04:13:41,844
GEOR20066,Pako Forever,3902,06/15/2023, 05:11:21,844
GEOR20066,Pako Forever,3902,06/15/2023, 06:15:14,844
GEOR20066,Pako Forever,3902,06/15/2023, 07:11:52,844
GEOR20066,Pako Forever,3902,06/15/2023, 08:14:37,844
GEOR20066,Pako Forever,3902,06/15/2023, 09:11:30,844
GEOR20066,Pako Forever,3902,06/15/2023, 10:12:40,844
GEOR20066,Pako Forever,3902,06/15/2023, 11:09:49,844
GEOR20066,Pako Forever,3902,06/15/2023, 12:22:03,844
GEOR20066,Pako Forever,3902,06/15/2023, 13:15:46,844
GEOR20066,Pako Forever,3902,06/15/2023, 14:10:56,844
GEOR20066,Pako Forever,3902,06/15/2023, 15:11:49,844
GEOR20066,Pako Forever,3902,06/15/2023, 16:14:28,844
GEOR20066,Pako Forever,3902,06/15/2023, 17:10:52,844
GEOR20066,Pako Forever,3903,06/15/2023, 18:13:49,844
GEOR20066,Pako Forever,3903,06/15/2023, 19:09:26,844
GEOR20066,Pako Forever,3903,06/15/2023, 20:11:59,844
GEOR20066,Pako Forever,3904,06/15/2023, 21:10:33,844
GEOR20066,Pako Forever,3904,06/15/2023, 22:10:54,844
GEOR20066,Pako Forever,3904,06/15/2023, 23:12:05,844
GEOR20066,Pako Forever,3904,06/16/2023, 01:03:39,844
GEOR20066,Pako Forever,3904,06/16/2023, 02:38:18,844
GEOR20066,Pako Forever,3904,06/16/2023, 03:12:40,844
GEOR20066,Pako Forever,3904,06/16/2023, 04:13:42,844
GEOR20066,Pako Forever,3904,06/16/2023, 05:11:16,844
GEOR20066,Pako Forever,3904,06/16/2023, 06:14:58,844
GEOR20066,Pako Forever,3904,06/16/2023, 07:11:00,844
GEOR20066,Pako Forever,3904,06/16/2023, 08:14:27,844
GEOR20066,Pako Forever,3904,06/16/2023, 09:11:17,844
GEOR20066,Pako Forever,3905,06/16/2023, 10:12:15,844
GEOR20066,Pako Forever,3905,06/16/2023, 11:09:45,844
GEOR20066,Pako Forever,3907,06/16/2023, 12:20:55,844
GEOR20066,Pako Forever,3908,06/16/2023, 13:14:23,844
GEOR20066,Pako Forever,3908,06/16/2023, 14:10:38,844
GEOR20066,Pako Forever,3908,06/16/2023, 15:11:42,844
GEOR20066,Pako Forever,3908,06/16/2023, 16:14:19,844
GEOR20066,Pako Forever,3908,06/16/2023, 17:10:08,844
GEOR20066,Pako Forever,3909,06/16/2023, 18:13:44,844
GEOR20066,Pako Forever,3909,06/16/2023, 19:09:33,844
GEOR20066,Pako Forever,3909,06/16/2023, 20:12:24,844
GEOR20066,Pako Forever,3910,06/16/2023, 21:10:15,844
GEOR20066,Pako Forever,3911,06/16/2023, 22:10:51,844
GEOR20066,Pako Forever,3913,06/16/2023, 23:11:44,844
GEOR20066,Pako Forever,3913,06/17/2023, 01:00:17,844
GEOR20066,Pako Forever,3913,06/17/2023, 02:12:05,844
GEOR20066,Pako Forever,3913,06/17/2023, 03:12:58,844
GEOR20066,Pako Forever,3913,06/17/2023, 04:13:16,844
GEOR20066,Pako Forever,3913,06/17/2023, 05:11:16,844
GEOR20066,Pako Forever,3913,06/17/2023, 06:13:48,844
GEOR20066,Pako Forever,3913,06/17/2023, 07:10:30,844
GEOR20066,Pako Forever,3913,06/17/2023, 08:13:36,844
GEOR20066,Pako Forever,3913,06/17/2023, 09:10:46,844
GEOR20066,Pako Forever,3913,06/17/2023, 10:11:16,844
GEOR20066,Pako Forever,3913,06/17/2023, 11:10:18,844
GEOR20066,Pako Forever,3913,06/17/2023, 12:19:40,844
GEOR20066,Pako Forever,3913,06/17/2023, 13:12:14,844
GEOR20066,Pako Forever,3913,06/17/2023, 14:09:50,844
GEOR20066,Pako Forever,3914,06/17/2023, 15:10:49,844
GEOR20066,Pako Forever,3914,06/17/2023, 16:13:22,844
GEOR20066,Pako Forever,3914,06/17/2023, 17:09:59,844
GEOR20066,Pako Forever,3915,06/17/2023, 19:09:03,844
GEOR20066,Pako Forever,3917,06/17/2023, 20:11:44,844
GEOR20066,Pako Forever,3918,06/17/2023, 21:10:05,844
GEOR20066,Pako Forever,3919,06/17/2023, 22:10:31,844
GEOR20066,Pako Forever,3920,06/17/2023, 23:11:22,844
GEOR20066,Pako Forever,3922,06/18/2023, 01:10:31,844
GEOR20066,Pako Forever,3922,06/18/2023, 02:50:35,844
GEOR20066,Pako Forever,3922,06/18/2023, 03:16:08,844
GEOR20066,Pako Forever,3922,06/18/2023, 04:13:24,844
GEOR20066,Pako Forever,3922,06/18/2023, 05:11:43,844
GEOR20066,Pako Forever,3923,06/18/2023, 06:13:53,844
GEOR20066,Pako Forever,3923,06/18/2023, 07:10:45,844
GEOR20066,Pako Forever,3923,06/18/2023, 08:13:31,844
GEOR20066,Pako Forever,3923,06/18/2023, 09:10:56,844
GEOR20066,Pako Forever,3923,06/18/2023, 10:11:28,844
GEOR20066,Pako Forever,3923,06/18/2023, 11:09:23,844
GEOR20066,Pako Forever,3924,06/18/2023, 12:20:14,844
GEOR20066,Pako Forever,3924,06/18/2023, 13:12:42,844
GEOR20066,Pako Forever,3924,06/18/2023, 14:10:00,844
GEOR20066,Pako Forever,3924,06/18/2023, 15:10:49,844
GEOR20066,Pako Forever,3927,06/18/2023, 16:13:44,844
GEOR20066,Pako Forever,3927,06/18/2023, 17:09:50,844
GEOR20066,Pako Forever,3927,06/18/2023, 18:13:26,844
GEOR20066,Pako Forever,3928,06/18/2023, 19:09:05,844
GEOR20066,Pako Forever,3928,06/18/2023, 20:11:42,844
GEOR20066,Pako Forever,3928,06/18/2023, 21:09:44,844
GEOR20066,Pako Forever,3928,06/18/2023, 22:10:26,844
GEOR20066,Pako Forever,3928,06/18/2023, 23:11:43,844
GEOR20066,Pako Forever,3928,06/19/2023, 01:03:55,844
GEOR20066,Pako Forever,3929,06/19/2023, 02:40:19,844
GEOR20066,Pako Forever,3929,06/19/2023, 03:12:30,844
GEOR20066,Pako Forever,3929,06/19/2023, 04:14:07,844
GEOR20066,Pako Forever,3929,06/19/2023, 05:11:33,844
GEOR20066,Pako Forever,3929,06/19/2023, 06:15:47,844
GEOR20066,Pako Forever,3929,06/19/2023, 07:11:58,844
GEOR20066,Pako Forever,3929,06/19/2023, 08:15:38,844
GEOR20066,Pako Forever,3929,06/19/2023, 09:12:34,844
GEOR20066,Pako Forever,3929,06/19/2023, 10:12:48,844
GEOR20066,Pako Forever,3931,06/19/2023, 11:10:43,844
GEOR20066,Pako Forever,3931,06/19/2023, 12:23:34,844
GEOR20066,Pako Forever,3932,06/19/2023, 13:15:47,844
GEOR20066,Pako Forever,3933,06/19/2023, 14:11:32,844
GEOR20066,Pako Forever,3933,06/19/2023, 15:12:27,844
GEOR20066,Pako Forever,3935,06/19/2023, 16:14:32,844
GEOR20066,Pako Forever,3935,06/19/2023, 17:10:22,844
GEOR20066,Pako Forever,3935,06/19/2023, 18:14:33,844
GEOR20066,Pako Forever,3935,06/19/2023, 19:09:38,844
GEOR20066,Pako Forever,3935,06/19/2023, 20:11:59,844
GEOR20066,Pako Forever,3936,06/19/2023, 21:11:29,844
GEOR20066,Pako Forever,3938,06/19/2023, 22:11:26,844
GEOR20066,Pako Forever,3938,06/19/2023, 23:11:41,844
GEOR20066,Pako Forever,3940,06/20/2023, 01:01:31,844
GEOR20066,Pako Forever,3940,06/20/2023, 02:13:04,844
GEOR20066,Pako Forever,3940,06/20/2023, 03:12:46,844
GEOR20066,Pako Forever,3941,06/20/2023, 04:13:52,844
GEOR20066,Pako Forever,3941,06/20/2023, 05:11:59,844
GEOR20066,Pako Forever,3941,06/20/2023, 06:15:39,844
GEOR20066,Pako Forever,3941,06/20/2023, 07:11:19,844
GEOR20066,Pako Forever,3942,06/20/2023, 08:14:40,844
GEOR20066,Pako Forever,3942,06/20/2023, 09:11:48,844
GEOR20066,Pako Forever,3942,06/20/2023, 10:12:18,844
GEOR20066,Pako Forever,3943,06/20/2023, 11:10:11,844
GEOR20066,Pako Forever,3945,06/20/2023, 12:22:27,844
GEOR20066,Pako Forever,3946,06/20/2023, 13:15:10,844
GEOR20066,Pako Forever,3946,06/20/2023, 14:10:45,844
GEOR20066,Pako Forever,3946,06/20/2023, 15:11:36,844
GEOR20066,Pako Forever,3947,06/20/2023, 16:14:17,844
GEOR20066,Pako Forever,3947,06/20/2023, 17:11:03,844
GEOR20066,Pako Forever,3948,06/20/2023, 18:13:05,844
GEOR20066,Pako Forever,3948,06/20/2023, 19:09:36,844
GEOR20066,Pako Forever,3948,06/20/2023, 20:12:23,844
GEOR20066,Pako Forever,3948,06/20/2023, 21:09:59,844
GEOR20066,Pako Forever,3948,06/20/2023, 22:10:49,844
GEOR20066,Pako Forever,3948,06/20/2023, 23:12:27,844
GEOR20066,Pako Forever,3948,06/21/2023, 01:03:11,844
GEOR20066,Pako Forever,3950,06/21/2023, 02:34:38,844
GEOR20066,Pako Forever,3951,06/21/2023, 03:12:30,844
GEOR20066,Pako Forever,3951,06/21/2023, 04:14:01,844
GEOR20066,Pako Forever,3951,06/21/2023, 06:15:02,844
GEOR20066,Pako Forever,3951,06/21/2023, 07:11:14,844
GEOR20066,Pako Forever,3952,06/21/2023, 08:14:45,844
GEOR20066,Pako Forever,3952,06/21/2023, 09:11:47,844
GEOR20066,Pako Forever,3952,06/21/2023, 10:12:16,844
GEOR20066,Pako Forever,3952,06/21/2023, 11:10:11,844
GEOR20066,Pako Forever,3953,06/21/2023, 12:22:38,844
GEOR20066,Pako Forever,3953,06/21/2023, 13:14:43,844
GEOR20066,Pako Forever,3953,06/21/2023, 14:10:58,844
GEOR20066,Pako Forever,3954,06/21/2023, 15:11:43,844
GEOR20066,Pako Forever,3957,06/21/2023, 16:14:35,844
GEOR20066,Pako Forever,3958,06/21/2023, 17:10:37,844
GEOR20066,Pako Forever,3959,06/21/2023, 18:14:03,844
GEOR20066,Pako Forever,3959,06/21/2023, 19:09:49,844
GEOR20066,Pako Forever,3959,06/21/2023, 20:12:02,844
GEOR20066,Pako Forever,3960,06/21/2023, 21:11:22,844
GEOR20066,Pako Forever,3960,06/21/2023, 22:10:47,844
GEOR20066,Pako Forever,3962,06/21/2023, 23:11:52,844
GEOR20066,Pako Forever,3962,06/22/2023, 01:04:10,844
GEOR20066,Pako Forever,3963,06/22/2023, 02:39:17,844
GEOR20066,Pako Forever,3963,06/22/2023, 03:12:24,844
GEOR20066,Pako Forever,3963,06/22/2023, 04:13:34,844
GEOR20066,Pako Forever,3964,06/22/2023, 05:11:15,844
GEOR20066,Pako Forever,3964,06/22/2023, 06:15:20,844
GEOR20066,Pako Forever,3964,06/22/2023, 07:10:52,844
GEOR20066,Pako Forever,3965,06/22/2023, 08:14:17,844
GEOR20066,Pako Forever,3966,06/22/2023, 09:11:20,844
GEOR20066,Pako Forever,3966,06/22/2023, 10:12:32,844
GEOR20066,Pako Forever,3966,06/22/2023, 11:10:24,844
GEOR20066,Pako Forever,3966,06/22/2023, 12:22:32,844
GEOR20066,Pako Forever,3967,06/22/2023, 13:14:14,844
GEOR20066,Pako Forever,3967,06/22/2023, 14:10:41,844
GEOR20066,Pako Forever,3967,06/22/2023, 15:11:44,844
GEOR20066,Pako Forever,3968,06/22/2023, 16:14:17,844
GEOR20066,Pako Forever,3968,06/22/2023, 17:10:27,844
GEOR20066,Pako Forever,3968,06/22/2023, 18:13:56,844
GEOR20066,Pako Forever,3968,06/22/2023, 19:11:09,844
GEOR20066,Pako Forever,3969,06/22/2023, 20:13:48,844
GEOR20066,Pako Forever,3972,06/22/2023, 21:11:44,844
GEOR20066,Pako Forever,3972,06/22/2023, 22:12:45,844
GEOR20066,Pako Forever,3973,06/22/2023, 23:14:02,844
GEOR20066,Pako Forever,3975,06/23/2023, 01:10:21,844
GEOR20066,Pako Forever,3975,06/23/2023, 02:56:32,844
GEOR20066,Pako Forever,3975,06/23/2023, 03:27:47,844
GEOR20066,Pako Forever,3975,06/23/2023, 04:15:37,844
GEOR20066,Pako Forever,3975,06/23/2023, 05:12:45,844
GEOR20066,Pako Forever,3976,06/23/2023, 06:17:22,844
GEOR20066,Pako Forever,3976,06/23/2023, 07:12:41,844
GEOR20066,Pako Forever,3976,06/23/2023, 08:16:04,844
GEOR20066,Pako Forever,3976,06/23/2023, 09:12:47,844
GEOR20066,Pako Forever,3976,06/23/2023, 10:14:04,844
GEOR20066,Pako Forever,3976,06/23/2023, 11:12:02,844
GEOR20066,Pako Forever,3976,06/23/2023, 12:24:25,844
GEOR20066,Pako Forever,3978,06/23/2023, 13:21:56,844
GEOR20066,Pako Forever,3978,06/23/2023, 14:12:27,844
GEOR20066,Pako Forever,3978,06/23/2023, 15:13:31,844
GEOR20066,Pako Forever,3978,06/23/2023, 16:16:41,844
GEOR20066,Pako Forever,3978,06/23/2023, 17:12:12,844
GEOR20066,Pako Forever,3978,06/23/2023, 18:15:51,844
GEOR20066,Pako Forever,3979,06/23/2023, 19:10:33,844
GEOR20066,Pako Forever,3980,06/23/2023, 20:13:27,844
GEOR20066,Pako Forever,3980,06/23/2023, 21:11:31,844
GEOR20066,Pako Forever,3980,06/23/2023, 22:12:39,844
GEOR20066,Pako Forever,3980,06/23/2023, 23:12:47,844
GEOR20066,Pako Forever,3981,06/24/2023, 01:10:31,844
GEOR20066,Pako Forever,3981,06/24/2023, 02:56:05,844
GEOR20066,Pako Forever,3981,06/24/2023, 03:25:30,844
GEOR20066,Pako Forever,3981,06/24/2023, 04:15:16,844
GEOR20066,Pako Forever,3981,06/24/2023, 05:12:05,844
GEOR20066,Pako Forever,3982,06/24/2023, 06:15:46,844
GEOR20066,Pako Forever,3983,06/24/2023, 07:11:52,844
GEOR20066,Pako Forever,3983,06/24/2023, 08:15:11,844
GEOR20066,Pako Forever,3983,06/24/2023, 09:12:17,844
GEOR20066,Pako Forever,3983,06/24/2023, 10:13:08,844
GEOR20066,Pako Forever,3983,06/24/2023, 11:10:42,844
GEOR20066,Pako Forever,3983,06/24/2023, 12:22:59,844
GEOR20066,Pako Forever,3984,06/24/2023, 13:18:32,844
GEOR20066,Pako Forever,3984,06/24/2023, 14:11:40,844
GEOR20066,Pako Forever,3984,06/24/2023, 15:12:14,844
GEOR20066,Pako Forever,3984,06/24/2023, 16:15:38,844
GEOR20066,Pako Forever,3984,06/24/2023, 17:11:22,844
GEOR20066,Pako Forever,3985,06/24/2023, 18:15:07,844
GEOR20066,Pako Forever,3986,06/24/2023, 19:10:22,844
GEOR20066,Pako Forever,3987,06/24/2023, 20:13:22,844
GEOR20066,Pako Forever,3988,06/24/2023, 21:11:27,844
GEOR20066,Pako Forever,3988,06/24/2023, 22:12:06,844
GEOR20066,Pako Forever,3988,06/24/2023, 23:12:23,844
GEOR20066,Pako Forever,3988,06/25/2023, 01:17:03,844
GEOR20066,Pako Forever,3988,06/25/2023, 03:09:08,844
GEOR20066,Pako Forever,3988,06/25/2023, 04:15:12,844
GEOR20066,Pako Forever,3988,06/25/2023, 05:12:10,844
GEOR20066,Pako Forever,3988,06/25/2023, 06:16:09,844
GEOR20066,Pako Forever,3989,06/25/2023, 07:12:06,844
GEOR20066,Pako Forever,3990,06/25/2023, 08:15:17,844
GEOR20066,Pako Forever,3990,06/25/2023, 09:12:27,844
GEOR20066,Pako Forever,3990,06/25/2023, 10:13:23,844
GEOR20066,Pako Forever,3990,06/25/2023, 11:11:30,844
GEOR20066,Pako Forever,3990,06/25/2023, 12:23:24,844
GEOR20066,Pako Forever,3990,06/25/2023, 13:19:45,844
GEOR20066,Pako Forever,3990,06/25/2023, 14:11:19,844
GEOR20066,Pako Forever,3990,06/25/2023, 15:12:22,844
GEOR20066,Pako Forever,3990,06/25/2023, 16:15:36,844
GEOR20066,Pako Forever,3991,06/25/2023, 17:11:17,844
GEOR20066,Pako Forever,3991,06/25/2023, 18:15:06,844
GEOR20066,Pako Forever,3991,06/25/2023, 19:10:30,844
GEOR20066,Pako Forever,3991,06/25/2023, 20:13:25,844
GEOR20066,Pako Forever,3991,06/25/2023, 21:11:15,844
GEOR20066,Pako Forever,3993,06/25/2023, 22:12:11,844
GEOR20066,Pako Forever,3993,06/25/2023, 23:12:44,844
GEOR20066,Pako Forever,3993,06/26/2023, 01:12:30,844
GEOR20066,Pako Forever,3993,06/26/2023, 03:01:41,844
GEOR20066,Pako Forever,3993,06/26/2023, 04:16:03,844
GEOR20066,Pako Forever,3993,06/26/2023, 05:13:20,844
GEOR20066,Pako Forever,3994,06/26/2023, 06:17:57,844
GEOR20066,Pako Forever,3994,06/26/2023, 07:13:34,844
GEOR20066,Pako Forever,3994,06/26/2023, 08:20:50,844
GEOR20066,Pako Forever,3994,06/26/2023, 09:13:55,844
GEOR20066,Pako Forever,3995,06/26/2023, 10:14:33,844
GEOR20066,Pako Forever,3995,06/26/2023, 11:11:34,844
GEOR20066,Pako Forever,3996,06/26/2023, 12:25:00,844
GEOR20066,Pako Forever,3996,06/26/2023, 13:22:22,844
GEOR20066,Pako Forever,3996,06/26/2023, 14:12:56,844
GEOR20066,Pako Forever,3996,06/26/2023, 15:12:55,844
GEOR20066,Pako Forever,3996,06/26/2023, 16:16:14,844
GEOR20066,Pako Forever,3997,06/26/2023, 17:11:36,844
GEOR20066,Pako Forever,3999,06/26/2023, 18:16:13,844
GEOR20066,Pako Forever,3999,06/26/2023, 19:10:49,844
GEOR20066,Pako Forever,3999,06/26/2023, 20:13:50,844
GEOR20066,Pako Forever,3999,06/26/2023, 21:11:40,844
GEOR20066,Pako Forever,3999,06/26/2023, 22:12:35,844
GEOR20066,Pako Forever,3999,06/26/2023, 23:13:02,844
GEOR20066,Pako Forever,3999,06/27/2023, 01:11:40,844
GEOR20066,Pako Forever,3999,06/27/2023, 02:57:37,844
GEOR20066,Pako Forever,3999,06/27/2023, 03:28:02,844
GEOR20066,Pako Forever,3999,06/27/2023, 04:15:46,844
GEOR20066,Pako Forever,3999,06/27/2023, 05:12:47,844
GEOR20066,Pako Forever,3999,06/27/2023, 06:17:03,844
GEOR20066,Pako Forever,3999,06/27/2023, 07:12:38,844
GEOR20066,Pako Forever,3999,06/27/2023, 08:16:18,844
GEOR20066,Pako Forever,4000,06/27/2023, 09:13:21,844
GEOR20066,Pako Forever,4000,06/27/2023, 10:14:09,844
GEOR20066,Pako Forever,4000,06/27/2023, 11:10:59,844
GEOR20066,Pako Forever,4000,06/27/2023, 12:25:53,844
GEOR20066,Pako Forever,4000,06/27/2023, 13:22:05,844
GEOR20066,Pako Forever,4000,06/27/2023, 14:12:07,844
GEOR20066,Pako Forever,4001,06/27/2023, 15:13:41,844
GEOR20066,Pako Forever,4001,06/27/2023, 16:16:39,844
GEOR20066,Pako Forever,4002,06/27/2023, 17:11:35,844
GEOR20066,Pako Forever,4003,06/27/2023, 18:15:54,844
GEOR20066,Pako Forever,4003,06/27/2023, 19:10:40,844
GEOR20066,Pako Forever,4003,06/27/2023, 20:13:41,844
GEOR20066,Pako Forever,4003,06/27/2023, 21:11:43,844
GEOR20066,Pako Forever,4003,06/27/2023, 22:12:28,844
GEOR20066,Pako Forever,4004,06/27/2023, 23:12:39,844
GEOR20066,Pako Forever,4004,06/28/2023, 01:13:18,844
GEOR20066,Pako Forever,4004,06/28/2023, 02:55:27,844
GEOR20066,Pako Forever,4004,06/28/2023, 03:24:20,844
GEOR20066,Pako Forever,4004,06/28/2023, 04:16:04,844
GEOR20066,Pako Forever,4004,06/28/2023, 05:12:52,844
GEOR20066,Pako Forever,4004,06/28/2023, 06:17:04,844
GEOR20066,Pako Forever,4005,06/28/2023, 07:12:28,844
GEOR20066,Pako Forever,4005,06/28/2023, 08:16:12,844
GEOR20066,Pako Forever,4005,06/28/2023, 09:13:18,844
GEOR20066,Pako Forever,4005,06/28/2023, 10:15:03,844
GEOR20066,Pako Forever,4006,06/28/2023, 11:10:51,844
GEOR20066,Pako Forever,4006,06/28/2023, 12:25:53,844
GEOR20066,Pako Forever,4006,06/28/2023, 13:22:39,844
GEOR20066,Pako Forever,4006,06/28/2023, 14:11:50,844
GEOR20066,Pako Forever,4008,06/28/2023, 16:15:54,844
GEOR20066,Pako Forever,4008,06/28/2023, 17:11:27,844
GEOR20066,Pako Forever,4008,06/28/2023, 18:15:35,844
GEOR20066,Pako Forever,4008,06/28/2023, 19:10:52,844
GEOR20066,Pako Forever,4008,06/28/2023, 21:11:34,844
GEOR20066,Pako Forever,4008,06/28/2023, 22:12:27,844
GEOR20066,Pako Forever,4008,06/28/2023, 23:13:14,844
GEOR20066,Pako Forever,4009,06/29/2023, 01:08:55,844
GEOR20066,Pako Forever,4009,06/29/2023, 02:52:31,844
GEOR20066,Pako Forever,4009,06/29/2023, 03:21:15,844
GEOR20066,Pako Forever,4009,06/29/2023, 04:15:36,844
GEOR20066,Pako Forever,4009,06/29/2023, 05:12:53,844
GEOR20066,Pako Forever,4009,06/29/2023, 06:17:15,844
GEOR20066,Pako Forever,4009,06/29/2023, 07:12:23,844
GEOR20066,Pako Forever,4009,06/29/2023, 08:16:17,844
GEOR20066,Pako Forever,4009,06/29/2023, 09:13:10,844
GEOR20066,Pako Forever,4010,06/29/2023, 10:13:41,844
GEOR20066,Pako Forever,4010,06/29/2023, 11:10:31,844
GEOR20066,Pako Forever,4010,06/29/2023, 12:24:45,844
GEOR20066,Pako Forever,4011,06/29/2023, 13:20:21,844
GEOR20066,Pako Forever,4011,06/29/2023, 14:11:19,844
GEOR20066,Pako Forever,4012,06/29/2023, 15:13:01,844
GEOR20066,Pako Forever,4012,06/29/2023, 16:15:43,844
GEOR20066,Pako Forever,4012,06/29/2023, 17:11:23,844
GEOR20066,Pako Forever,4012,06/29/2023, 18:17:28,844
GEOR20066,Pako Forever,4012,06/29/2023, 19:10:32,844
GEOR20066,Pako Forever,4014,06/29/2023, 20:12:59,844
GEOR20066,Pako Forever,4014,06/29/2023, 21:11:18,844
GEOR20066,Pako Forever,4016,06/29/2023, 22:11:46,844
GEOR20066,Pako Forever,4016,06/29/2023, 23:13:06,844
GEOR20066,Pako Forever,4016,06/30/2023, 01:07:08,844
GEOR20066,Pako Forever,4017,06/30/2023, 02:49:03,844
GEOR20066,Pako Forever,4017,06/30/2023, 03:18:10,844
GEOR20066,Pako Forever,4017,06/30/2023, 04:14:57,844
GEOR20066,Pako Forever,4017,06/30/2023, 05:12:16,844
GEOR20066,Pako Forever,4017,06/30/2023, 06:16:30,844
GEOR20066,Pako Forever,4017,06/30/2023, 07:12:00,844
GEOR20066,Pako Forever,4018,06/30/2023, 08:15:37,844
GEOR20066,Pako Forever,4019,06/30/2023, 09:12:21,844
GEOR20066,Pako Forever,4019,06/30/2023, 10:13:00,844
GEOR20066,Pako Forever,4019,06/30/2023, 11:10:35,844
GEOR20066,Pako Forever,4021,06/30/2023, 12:23:39,844
GEOR20066,Pako Forever,4021,06/30/2023, 13:19:27,844
GEOR20066,Pako Forever,4021,06/30/2023, 14:11:24,844
GEOR20066,Pako Forever,4021,06/30/2023, 15:12:44,844
GEOR20066,Pako Forever,4021,06/30/2023, 16:15:33,844
GEOR20066,Pako Forever,4021,06/30/2023, 17:11:27,844
GEOR20066,Pako Forever,4023,06/30/2023, 18:15:17,844
GEOR20066,Pako Forever,4023,06/30/2023, 19:10:21,844
GEOR20066,Pako Forever,4023,06/30/2023, 20:13:04,844
GEOR20066,Pako Forever,4024,06/30/2023, 21:11:00,844
GEOR20066,Pako Forever,4025,06/30/2023, 22:11:54,844
GEOR20066,Pako Forever,4025,06/30/2023, 23:12:07,844
GEOR20066,Pako Forever,4025,07/01/2023, 01:16:54,844
GEOR20066,Pako Forever,4027,07/01/2023, 03:04:03,844
GEOR20066,Pako Forever,4027,07/01/2023, 04:14:33,844
GEOR20066,Pako Forever,4027,07/01/2023, 05:11:58,844
GEOR20066,Pako Forever,4027,07/01/2023, 06:15:37,844
GEOR20066,Pako Forever,4027,07/01/2023, 07:11:12,844
GEOR20066,Pako Forever,4027,07/01/2023, 08:14:33,844
GEOR20066,Pako Forever,4027,07/01/2023, 09:11:46,844
GEOR20066,Pako Forever,4027,07/01/2023, 10:13:02,844
GEOR20066,Pako Forever,4027,07/01/2023, 11:10:21,844
GEOR20066,Pako Forever,4028,07/01/2023, 12:22:23,844
GEOR20066,Pako Forever,4028,07/01/2023, 13:16:52,844
GEOR20066,Pako Forever,4028,07/01/2023, 14:10:43,844
GEOR20066,Pako Forever,4028,07/01/2023, 15:12:01,844
GEOR20066,Pako Forever,4028,07/01/2023, 16:14:59,844
GEOR20066,Pako Forever,4030,07/01/2023, 17:11:13,844
GEOR20066,Pako Forever,4031,07/01/2023, 18:14:35,844
GEOR20066,Pako Forever,4032,07/01/2023, 19:09:42,844
GEOR20066,Pako Forever,4035,07/01/2023, 20:12:25,844
GEOR20066,Pako Forever,4035,07/01/2023, 21:11:01,844
GEOR20066,Pako Forever,4036,07/01/2023, 22:11:19,844
GEOR20066,Pako Forever,4036,07/01/2023, 23:12:06,844
GEOR20066,Pako Forever,4036,07/02/2023, 01:14:15,844
GEOR20066,Pako Forever,4036,07/02/2023, 03:00:31,844
GEOR20066,Pako Forever,4036,07/02/2023, 03:29:18,844
GEOR20066,Pako Forever,4036,07/02/2023, 04:14:19,844
GEOR20066,Pako Forever,4036,07/02/2023, 05:12:13,844
GEOR20066,Pako Forever,4037,07/02/2023, 06:15:17,844
GEOR20066,Pako Forever,4037,07/02/2023, 07:11:06,844
GEOR20066,Pako Forever,4038,07/02/2023, 08:15:30,844
GEOR20066,Pako Forever,4039,07/02/2023, 09:11:51,844
GEOR20066,Pako Forever,4039,07/02/2023, 10:12:32,844
GEOR20066,Pako Forever,4039,07/02/2023, 11:10:23,844
GEOR20066,Pako Forever,4039,07/02/2023, 12:22:41,844
GEOR20066,Pako Forever,4039,07/02/2023, 13:16:13,844
GEOR20066,Pako Forever,4039,07/02/2023, 14:10:57,844
GEOR20066,Pako Forever,4039,07/02/2023, 15:11:55,844
GEOR20066,Pako Forever,4039,07/02/2023, 16:14:29,844
GEOR20066,Pako Forever,4040,07/02/2023, 17:10:41,844
GEOR20066,Pako Forever,4040,07/02/2023, 18:14:29,844
GEOR20066,Pako Forever,4042,07/02/2023, 19:10:00,844
GEOR20066,Pako Forever,4043,07/02/2023, 20:12:22,844
GEOR20066,Pako Forever,4044,07/02/2023, 21:10:46,844
GEOR20066,Pako Forever,4044,07/02/2023, 22:11:21,844
GEOR20066,Pako Forever,4045,07/02/2023, 23:12:26,844
GEOR20066,Pako Forever,4046,07/03/2023, 01:12:58,844
GEOR20066,Pako Forever,4046,07/03/2023, 02:55:27,844
GEOR20066,Pako Forever,4046,07/03/2023, 03:23:06,844
GEOR20066,Pako Forever,4046,07/03/2023, 04:15:19,844
GEOR20066,Pako Forever,4046,07/03/2023, 05:13:11,844
GEOR20066,Pako Forever,4046,07/03/2023, 06:17:01,844
GEOR20066,Pako Forever,4048,07/03/2023, 08:16:18,844
GEOR20066,Pako Forever,4048,07/03/2023, 09:13:22,844
GEOR20066,Pako Forever,4048,07/03/2023, 10:13:53,844
GEOR20066,Pako Forever,4048,07/03/2023, 11:10:51,844
GEOR20066,Pako Forever,4049,07/03/2023, 12:26:40,844
GEOR20066,Pako Forever,4050,07/03/2023, 13:23:05,844
GEOR20066,Pako Forever,4051,07/03/2023, 14:11:55,844
GEOR20066,Pako Forever,4052,07/03/2023, 15:13:13,844
GEOR20066,Pako Forever,4053,07/03/2023, 16:15:39,844
GEOR20066,Pako Forever,4053,07/03/2023, 17:11:21,844
GEOR20066,Pako Forever,4053,07/03/2023, 18:15:34,844
GEOR20066,Pako Forever,4053,07/03/2023, 19:10:45,844
GEOR20066,Pako Forever,4053,07/03/2023, 20:13:55,844
GEOR20066,Pako Forever,4054,07/03/2023, 21:11:49,844
GEOR20066,Pako Forever,4054,07/03/2023, 22:12:27,844
GEOR20066,Pako Forever,4054,07/03/2023, 23:13:41,844
GEOR20066,Pako Forever,4054,07/04/2023, 01:12:04,844
GEOR20066,Pako Forever,4055,07/04/2023, 02:57:16,844
GEOR20066,Pako Forever,4055,07/04/2023, 03:27:24,844
GEOR20066,Pako Forever,4055,07/04/2023, 04:16:05,844
GEOR20066,Pako Forever,4055,07/04/2023, 05:12:55,844
GEOR20066,Pako Forever,4055,07/04/2023, 06:17:25,844
GEOR20066,Pako Forever,4055,07/04/2023, 07:12:43,844
GEOR20066,Pako Forever,4055,07/04/2023, 08:16:54,844
GEOR20066,Pako Forever,4056,07/04/2023, 09:13:41,844
GEOR20066,Pako Forever,4056,07/04/2023, 10:14:32,844
GEOR20066,Pako Forever,4056,07/04/2023, 11:11:28,844
GEOR20066,Pako Forever,4057,07/04/2023, 12:25:24,844
GEOR20066,Pako Forever,4057,07/04/2023, 13:23:06,844
GEOR20066,Pako Forever,4057,07/04/2023, 14:12:19,844
GEOR20066,Pako Forever,4058,07/04/2023, 15:13:38,844
GEOR20066,Pako Forever,4059,07/04/2023, 16:16:45,844
GEOR20066,Pako Forever,4059,07/04/2023, 17:11:53,844
GEOR20066,Pako Forever,4059,07/04/2023, 18:16:21,844
GEOR20066,Pako Forever,4061,07/04/2023, 19:10:45,844
GEOR20066,Pako Forever,4061,07/04/2023, 20:13:51,844
GEOR20066,Pako Forever,4061,07/04/2023, 21:12:03,844
GEOR20066,Pako Forever,4061,07/04/2023, 22:12:26,844
GEOR20066,Pako Forever,4062,07/04/2023, 23:12:45,844
GEOR20066,Pako Forever,4063,07/05/2023, 01:13:15,844
GEOR20066,Pako Forever,4064,07/05/2023, 02:56:35,844
GEOR20066,Pako Forever,4064,07/05/2023, 03:26:14,844
GEOR20066,Pako Forever,4064,07/05/2023, 04:16:26,844
GEOR20066,Pako Forever,4064,07/05/2023, 05:13:43,844
GEOR20066,Pako Forever,4064,07/05/2023, 06:17:38,844
GEOR20066,Pako Forever,4064,07/05/2023, 07:13:07,844
GEOR20066,Pako Forever,4064,07/05/2023, 08:17:38,844
GEOR20066,Pako Forever,4064,07/05/2023, 09:13:50,844
GEOR20066,Pako Forever,4064,07/05/2023, 10:14:27,844
GEOR20066,Pako Forever,4065,07/05/2023, 11:11:26,844
GEOR20066,Pako Forever,4066,07/05/2023, 12:28:00,844
GEOR20066,Pako Forever,4067,07/05/2023, 13:25:09,844
GEOR20066,Pako Forever,4067,07/05/2023, 14:13:09,844
GEOR20066,Pako Forever,4067,07/05/2023, 15:14:10,844
GEOR20066,Pako Forever,4068,07/05/2023, 16:17:31,844
GEOR20066,Pako Forever,4070,07/05/2023, 17:12:17,844
GEOR20066,Pako Forever,4070,07/05/2023, 18:16:52,844
GEOR20066,Pako Forever,4070,07/05/2023, 19:11:08,844
GEOR20066,Pako Forever,4071,07/05/2023, 20:14:15,844
GEOR20066,Pako Forever,4071,07/05/2023, 21:12:13,844
GEOR20066,Pako Forever,4071,07/05/2023, 22:13:03,844
GEOR20066,Pako Forever,4072,07/05/2023, 23:13:35,844
GEOR20066,Pako Forever,4072,07/06/2023, 01:13:26,844
GEOR20066,Pako Forever,4072,07/06/2023, 02:58:19,844
GEOR20066,Pako Forever,4072,07/06/2023, 03:29:32,844
GEOR20066,Pako Forever,4072,07/06/2023, 04:16:18,844
GEOR20066,Pako Forever,4072,07/06/2023, 05:13:29,844
GEOR20066,Pako Forever,4073,07/06/2023, 06:17:37,844
GEOR20066,Pako Forever,4073,07/06/2023, 07:13:08,844
GEOR20066,Pako Forever,4073,07/06/2023, 08:16:57,844
GEOR20066,Pako Forever,4074,07/06/2023, 09:13:53,844
GEOR20066,Pako Forever,4075,07/06/2023, 10:14:30,844
GEOR20066,Pako Forever,4075,07/06/2023, 11:11:52,844
GEOR20066,Pako Forever,4075,07/06/2023, 12:26:34,844
GEOR20066,Pako Forever,4075,07/06/2023, 13:29:34,844
GEOR20066,Pako Forever,4075,07/06/2023, 14:12:32,844
GEOR20066,Pako Forever,4075,07/06/2023, 15:14:02,844
GEOR20066,Pako Forever,4078,07/06/2023, 16:17:30,844
GEOR20066,Pako Forever,4078,07/06/2023, 17:12:14,844
GEOR20066,Pako Forever,4078,07/06/2023, 18:15:44,844
GEOR20066,Pako Forever,4082,07/06/2023, 20:13:36,844
GEOR20066,Pako Forever,4082,07/06/2023, 21:12:00,844
GEOR20066,Pako Forever,4082,07/06/2023, 22:12:27,844
GEOR20066,Pako Forever,4086,07/06/2023, 23:13:45,844
GEOR20066,Pako Forever,4086,07/07/2023, 01:13:32,844
GEOR20066,Pako Forever,4086,07/07/2023, 02:55:18,844
GEOR20066,Pako Forever,4086,07/07/2023, 03:24:41,844
GEOR20066,Pako Forever,4086,07/07/2023, 04:15:37,844
GEOR20066,Pako Forever,4086,07/07/2023, 05:12:50,844
GEOR20066,Pako Forever,4091,07/07/2023, 06:17:08,844
GEOR20066,Pako Forever,4093,07/07/2023, 07:12:29,844
GEOR20066,Pako Forever,4093,07/07/2023, 08:16:25,844
GEOR20066,Pako Forever,4093,07/07/2023, 10:14:04,844
GEOR20066,Pako Forever,4094,07/07/2023, 11:10:51,844
GEOR20066,Pako Forever,4095,07/07/2023, 12:25:36,844
GEOR20066,Pako Forever,4095,07/07/2023, 13:21:00,844
GEOR20066,Pako Forever,4096,07/07/2023, 14:11:49,844
GEOR20066,Pako Forever,4096,07/07/2023, 15:13:32,844
GEOR20066,Pako Forever,4096,07/07/2023, 16:16:35,844
GEOR20066,Pako Forever,4096,07/07/2023, 17:11:54,844
GEOR20066,Pako Forever,4096,07/07/2023, 18:15:43,844
GEOR20066,Pako Forever,4096,07/07/2023, 19:09:58,844
GEOR20066,Pako Forever,4096,07/07/2023, 20:13:35,844
GEOR20066,Pako Forever,4096,07/07/2023, 21:11:19,844
GEOR20066,Pako Forever,4096,07/07/2023, 22:12:14,844
GEOR20066,Pako Forever,4097,07/07/2023, 23:12:39,844
GEOR20066,Pako Forever,4098,07/08/2023, 01:12:50,844
GEOR20066,Pako Forever,4099,07/08/2023, 02:55:58,844
GEOR20066,Pako Forever,4099,07/08/2023, 03:26:29,844
GEOR20066,Pako Forever,4101,07/08/2023, 04:14:55,844
GEOR20066,Pako Forever,4101,07/08/2023, 05:11:41,844
GEOR20066,Pako Forever,4101,07/08/2023, 06:15:21,844
GEOR20066,Pako Forever,4101,07/08/2023, 07:11:27,844
GEOR20066,Pako Forever,4101,07/08/2023, 08:14:49,844
GEOR20066,Pako Forever,4101,07/08/2023, 09:11:47,844
GEOR20066,Pako Forever,4102,07/08/2023, 10:12:59,844
GEOR20066,Pako Forever,4102,07/08/2023, 11:10:16,844
GEOR20066,Pako Forever,4102,07/08/2023, 12:22:22,844
GEOR20066,Pako Forever,4102,07/08/2023, 13:16:53,844
GEOR20066,Pako Forever,4103,07/08/2023, 14:10:43,844
GEOR20066,Pako Forever,4103,07/08/2023, 15:12:03,844
GEOR20066,Pako Forever,4103,07/08/2023, 16:14:48,844
GEOR20066,Pako Forever,4105,07/08/2023, 17:10:43,844
GEOR20066,Pako Forever,4107,07/08/2023, 18:14:47,844
GEOR20066,Pako Forever,4108,07/08/2023, 19:09:58,844
GEOR20066,Pako Forever,4108,07/08/2023, 20:12:26,844
GEOR20066,Pako Forever,4108,07/08/2023, 21:10:53,844
GEOR20066,Pako Forever,4109,07/08/2023, 22:11:31,844
GEOR20066,Pako Forever,4110,07/08/2023, 23:12:11,844
GEOR20066,Pako Forever,4111,07/09/2023, 01:16:06,844
GEOR20066,Pako Forever,4112,07/09/2023, 03:04:03,844
GEOR20066,Pako Forever,4112,07/09/2023, 04:14:48,844
GEOR20066,Pako Forever,4113,07/09/2023, 05:12:13,844
GEOR20066,Pako Forever,4113,07/09/2023, 06:15:46,844
GEOR20066,Pako Forever,4114,07/09/2023, 07:11:31,844
GEOR20066,Pako Forever,4114,07/09/2023, 08:14:47,844
GEOR20066,Pako Forever,4115,07/09/2023, 09:12:00,844
GEOR20066,Pako Forever,4116,07/09/2023, 10:12:37,844
GEOR20066,Pako Forever,4118,07/09/2023, 11:10:29,844
GEOR20066,Pako Forever,4118,07/09/2023, 12:22:32,844
GEOR20066,Pako Forever,4118,07/09/2023, 13:17:09,844
GEOR20066,Pako Forever,4118,07/09/2023, 14:10:58,844
GEOR20066,Pako Forever,4120,07/09/2023, 15:12:14,844
GEOR20066,Pako Forever,4122,07/09/2023, 16:15:06,844
GEOR20066,Pako Forever,4124,07/09/2023, 17:10:46,844
GEOR20066,Pako Forever,4124,07/09/2023, 18:14:54,844
GEOR20066,Pako Forever,4125,07/09/2023, 19:10:06,844
GEOR20066,Pako Forever,4125,07/09/2023, 20:12:41,844
GEOR20066,Pako Forever,4126,07/09/2023, 21:11:25,844
GEOR20066,Pako Forever,4128,07/09/2023, 22:11:44,844
GEOR20066,Pako Forever,4128,07/09/2023, 23:12:26,844
GEOR20066,Pako Forever,4128,07/10/2023, 01:10:43,844
GEOR20066,Pako Forever,4128,07/10/2023, 02:59:01,844
GEOR20066,Pako Forever,4129,07/10/2023, 03:29:44,844
GEOR20066,Pako Forever,4130,07/10/2023, 04:15:39,844
GEOR20066,Pako Forever,4130,07/10/2023, 05:13:02,844
GEOR20066,Pako Forever,4130,07/10/2023, 06:17:30,844
GEOR20066,Pako Forever,4130,07/10/2023, 07:13:20,844
GEOR20066,Pako Forever,4130,07/10/2023, 08:17:33,844
GEOR20066,Pako Forever,4130,07/10/2023, 10:14:31,844
GEOR20066,Pako Forever,4130,07/10/2023, 11:11:09,844
GEOR20066,Pako Forever,4130,07/10/2023, 12:25:13,844
GEOR20066,Pako Forever,4130,07/10/2023, 13:22:51,844
GEOR20066,Pako Forever,4130,07/10/2023, 14:12:26,844
GEOR20066,Pako Forever,4130,07/10/2023, 15:13:32,844
GEOR20066,Pako Forever,4130,07/10/2023, 16:17:07,844
GEOR20066,Pako Forever,4130,07/10/2023, 17:11:51,844
GEOR20066,Pako Forever,4131,07/10/2023, 18:15:58,844
GEOR20066,Pako Forever,4132,07/10/2023, 19:10:41,844
GEOR20066,Pako Forever,4134,07/10/2023, 20:13:35,844
GEOR20066,Pako Forever,4134,07/10/2023, 21:11:38,844
GEOR20066,Pako Forever,4134,07/10/2023, 22:12:28,844
GEOR20066,Pako Forever,4134,07/10/2023, 23:12:56,844
GEOR20066,Pako Forever,4134,07/11/2023, 01:04:24,844
GEOR20066,Pako Forever,4136,07/11/2023, 02:48:24,844
GEOR20066,Pako Forever,4136,07/11/2023, 03:18:11,844
GEOR20066,Pako Forever,4138,07/11/2023, 04:15:25,844
GEOR20066,Pako Forever,4138,07/11/2023, 05:12:37,844
GEOR20066,Pako Forever,4139,07/11/2023, 06:16:44,844
GEOR20066,Pako Forever,4139,07/11/2023, 07:12:37,844
GEOR20066,Pako Forever,4139,07/11/2023, 08:16:33,844
GEOR20066,Pako Forever,4139,07/11/2023, 09:13:15,844
GEOR20066,Pako Forever,4139,07/11/2023, 10:14:10,844
GEOR20066,Pako Forever,4139,07/11/2023, 11:10:53,844
GEOR20066,Pako Forever,4139,07/11/2023, 12:26:09,844
GEOR20066,Pako Forever,4139,07/11/2023, 13:22:13,844
GEOR20066,Pako Forever,4139,07/11/2023, 14:12:07,844
GEOR20066,Pako Forever,4139,07/11/2023, 15:13:35,844
GEOR20066,Pako Forever,4139,07/11/2023, 16:16:36,844
GEOR20066,Pako Forever,4139,07/11/2023, 17:11:40,844
GEOR20066,Pako Forever,4139,07/11/2023, 18:15:46,844
GEOR20066,Pako Forever,4139,07/11/2023, 19:10:40,844
GEOR20066,Pako Forever,4141,07/11/2023, 20:13:31,844
GEOR20066,Pako Forever,4141,07/11/2023, 21:11:35,844
GEOR20066,Pako Forever,4142,07/11/2023, 22:12:17,844
GEOR20066,Pako Forever,4142,07/11/2023, 23:12:31,844
GEOR20066,Pako Forever,4142,07/12/2023, 01:10:41,844
GEOR20066,Pako Forever,4142,07/12/2023, 02:54:12,844
GEOR20066,Pako Forever,4142,07/12/2023, 03:22:27,844
GEOR20066,Pako Forever,4142,07/12/2023, 04:15:15,844
GEOR20066,Pako Forever,4142,07/12/2023, 05:12:21,844
GEOR20066,Pako Forever,4142,07/12/2023, 06:16:37,844
GEOR20066,Pako Forever,4142,07/12/2023, 07:12:23,844
GEOR20066,Pako Forever,4142,07/12/2023, 08:16:33,844
GEOR20066,Pako Forever,4143,07/12/2023, 09:12:56,844
GEOR20066,Pako Forever,4147,07/12/2023, 10:13:39,844
GEOR20066,Pako Forever,4147,07/12/2023, 11:10:41,844
GEOR20066,Pako Forever,4148,07/12/2023, 12:25:47,844
GEOR20066,Pako Forever,4149,07/12/2023, 13:23:23,844
GEOR20066,Pako Forever,4149,07/12/2023, 14:12:07,844
GEOR20066,Pako Forever,4151,07/12/2023, 15:13:34,844
GEOR20066,Pako Forever,4152,07/12/2023, 16:16:31,844
GEOR20066,Pako Forever,4152,07/12/2023, 17:11:48,844
GEOR20066,Pako Forever,4152,07/12/2023, 18:15:44,844
GEOR20066,Pako Forever,4152,07/12/2023, 19:10:50,844
GEOR20066,Pako Forever,4152,07/12/2023, 20:13:18,844
GEOR20066,Pako Forever,4152,07/12/2023, 21:11:28,844
GEOR20066,Pako Forever,4153,07/12/2023, 22:12:03,844
GEOR20066,Pako Forever,4154,07/12/2023, 23:12:33,844
GEOR20066,Pako Forever,4155,07/13/2023, 01:12:41,844
GEOR20066,Pako Forever,4157,07/13/2023, 02:57:36,844
GEOR20066,Pako Forever,4158,07/13/2023, 03:26:26,844
GEOR20066,Pako Forever,4158,07/13/2023, 04:15:33,844
GEOR20066,Pako Forever,4158,07/13/2023, 05:12:54,844
GEOR20066,Pako Forever,4158,07/13/2023, 06:16:57,844
GEOR20066,Pako Forever,4159,07/13/2023, 07:12:20,844
GEOR20066,Pako Forever,4159,07/13/2023, 08:16:05,844
GEOR20066,Pako Forever,4159,07/13/2023, 09:13:03,844
GEOR20066,Pako Forever,4159,07/13/2023, 10:13:47,844
GEOR20066,Pako Forever,4159,07/13/2023, 11:11:05,844
GEOR20066,Pako Forever,4160,07/13/2023, 12:26:19,844
GEOR20066,Pako Forever,4160,07/13/2023, 13:24:12,844
GEOR20066,Pako Forever,4160,07/13/2023, 14:11:58,844
GEOR20066,Pako Forever,4160,07/13/2023, 15:13:26,844
GEOR20066,Pako Forever,4161,07/13/2023, 16:16:28,844
GEOR20066,Pako Forever,4162,07/13/2023, 17:11:37,844
GEOR20066,Pako Forever,4162,07/13/2023, 18:15:49,844
GEOR20066,Pako Forever,4163,07/13/2023, 19:09:10,844
GEOR20066,Pako Forever,4164,07/13/2023, 20:13:42,844
GEOR20066,Pako Forever,4164,07/13/2023, 21:11:39,844
GEOR20066,Pako Forever,4165,07/13/2023, 22:12:26,844
GEOR20066,Pako Forever,4166,07/13/2023, 23:13:19,844
GEOR20066,Pako Forever,4166,07/14/2023, 01:12:46,844
GEOR20066,Pako Forever,4167,07/14/2023, 02:56:55,844
GEOR20066,Pako Forever,4167,07/14/2023, 03:24:51,844
GEOR20066,Pako Forever,4167,07/14/2023, 04:15:20,844
GEOR20066,Pako Forever,4167,07/14/2023, 05:12:34,844
GEOR20066,Pako Forever,4167,07/14/2023, 06:17:10,844
GEOR20066,Pako Forever,4168,07/14/2023, 07:12:31,844
GEOR20066,Pako Forever,4168,07/14/2023, 08:15:56,844
GEOR20066,Pako Forever,4169,07/14/2023, 09:12:27,844
GEOR20066,Pako Forever,4169,07/14/2023, 10:13:34,844
GEOR20066,Pako Forever,4169,07/14/2023, 11:10:41,844
GEOR20066,Pako Forever,4171,07/14/2023, 12:24:15,844
GEOR20066,Pako Forever,4171,07/14/2023, 13:20:54,844
GEOR20066,Pako Forever,4172,07/14/2023, 14:11:46,844
GEOR20066,Pako Forever,4174,07/14/2023, 15:13:03,844
GEOR20066,Pako Forever,4175,07/14/2023, 16:15:44,844
GEOR20066,Pako Forever,4175,07/14/2023, 17:10:52,844
GEOR20066,Pako Forever,4175,07/14/2023, 18:15:06,844
GEOR20066,Pako Forever,4175,07/14/2023, 19:10:30,844
GEOR20066,Pako Forever,4175,07/14/2023, 20:13:35,844
GEOR20066,Pako Forever,4176,07/14/2023, 21:11:21,844
GEOR20066,Pako Forever,4176,07/14/2023, 22:12:01,844
GEOR20066,Pako Forever,4177,07/14/2023, 23:12:32,844
GEOR20066,Pako Forever,4181,07/15/2023, 01:10:46,844
GEOR20066,Pako Forever,4182,07/15/2023, 02:59:00,844
GEOR20066,Pako Forever,4182,07/15/2023, 03:30:19,844
GEOR20066,Pako Forever,4182,07/15/2023, 04:14:30,844
GEOR20066,Pako Forever,4183,07/15/2023, 05:12:13,844
GEOR20066,Pako Forever,4183,07/15/2023, 06:15:40,844
GEOR20066,Pako Forever,4183,07/15/2023, 07:11:30,844
GEOR20066,Pako Forever,4183,07/15/2023, 08:14:42,844
GEOR20066,Pako Forever,4183,07/15/2023, 09:11:45,844
GEOR20066,Pako Forever,4183,07/15/2023, 10:12:44,844
GEOR20066,Pako Forever,4183,07/15/2023, 11:10:09,844
GEOR20066,Pako Forever,4184,07/15/2023, 12:22:14,844
GEOR20066,Pako Forever,4184,07/15/2023, 13:17:05,844
GEOR20066,Pako Forever,4184,07/15/2023, 14:10:45,844
GEOR20066,Pako Forever,4185,07/15/2023, 15:12:00,844
GEOR20066,Pako Forever,4185,07/15/2023, 16:14:57,844
GEOR20066,Pako Forever,4185,07/15/2023, 17:10:44,844
GEOR20066,Pako Forever,4188,07/15/2023, 18:14:31,844
GEOR20066,Pako Forever,4188,07/15/2023, 19:09:39,844
GEOR20066,Pako Forever,4190,07/15/2023, 20:12:40,844
GEOR20066,Pako Forever,4190,07/15/2023, 21:10:59,844
GEOR20066,Pako Forever,4192,07/15/2023, 22:11:16,844
GEOR20066,Pako Forever,4192,07/15/2023, 23:11:56,844
GEOR20066,Pako Forever,4192,07/16/2023, 01:19:30,844
GEOR20066,Pako Forever,4192,07/16/2023, 03:07:13,844
GEOR20066,Pako Forever,4193,07/16/2023, 04:14:38,844
GEOR20066,Pako Forever,4193,07/16/2023, 05:11:57,844
GEOR20066,Pako Forever,4193,07/16/2023, 06:15:43,844
GEOR20066,Pako Forever,4193,07/16/2023, 07:11:25,844
GEOR20066,Pako Forever,4193,07/16/2023, 08:14:37,844
GEOR20066,Pako Forever,4194,07/16/2023, 09:11:44,844
GEOR20066,Pako Forever,4195,07/16/2023, 10:12:52,844
GEOR20066,Pako Forever,4195,07/16/2023, 11:10:14,844
GEOR20066,Pako Forever,4196,07/16/2023, 12:21:56,844
GEOR20066,Pako Forever,4196,07/16/2023, 13:16:53,844
GEOR20066,Pako Forever,4196,07/16/2023, 14:10:56,844
GEOR20066,Pako Forever,4196,07/16/2023, 15:12:03,844
GEOR20066,Pako Forever,4197,07/16/2023, 16:14:41,844
GEOR20066,Pako Forever,4198,07/16/2023, 17:10:55,844
GEOR20066,Pako Forever,4200,07/16/2023, 18:14:32,844
GEOR20066,Pako Forever,4200,07/16/2023, 19:10:22,844
GEOR20066,Pako Forever,4200,07/16/2023, 20:12:40,844
GEOR20066,Pako Forever,4200,07/16/2023, 21:10:59,844
GEOR20066,Pako Forever,4201,07/16/2023, 22:11:24,844
GEOR20066,Pako Forever,4202,07/17/2023, 01:14:15,844
GEOR20066,Pako Forever,4203,07/17/2023, 03:01:17,844
GEOR20066,Pako Forever,4203,07/17/2023, 03:32:33,844
GEOR20066,Pako Forever,4203,07/17/2023, 04:15:51,844
GEOR20066,Pako Forever,4203,07/17/2023, 05:12:53,844
GEOR20066,Pako Forever,4203,07/17/2023, 06:17:36,844
GEOR20066,Pako Forever,4203,07/17/2023, 07:12:38,844
GEOR20066,Pako Forever,4203,07/17/2023, 08:17:16,844
GEOR20066,Pako Forever,4204,07/17/2023, 09:13:58,844
GEOR20066,Pako Forever,4204,07/17/2023, 10:14:33,844
GEOR20066,Pako Forever,4204,07/17/2023, 11:11:09,844
GEOR20066,Pako Forever,4206,07/17/2023, 12:27:43,844
GEOR20066,Pako Forever,4206,07/17/2023, 13:23:30,844
GEOR20066,Pako Forever,4206,07/17/2023, 14:12:32,844
GEOR20066,Pako Forever,4206,07/17/2023, 15:13:34,844
GEOR20066,Pako Forever,4206,07/17/2023, 16:16:27,844
GEOR20066,Pako Forever,4206,07/17/2023, 17:11:45,844
GEOR20066,Pako Forever,4206,07/17/2023, 18:16:22,844
GEOR20066,Pako Forever,4206,07/17/2023, 19:10:23,844
GEOR20066,Pako Forever,4207,07/17/2023, 20:13:50,844
GEOR20066,Pako Forever,4208,07/17/2023, 21:11:20,844
GEOR20066,Pako Forever,4208,07/17/2023, 22:11:30,844
GEOR20066,Pako Forever,4209,07/17/2023, 23:12:25,844
GEOR20066,Pako Forever,4209,07/18/2023, 01:26:40,844
GEOR20066,Pako Forever,4210,07/18/2023, 02:57:38,844
GEOR20066,Pako Forever,4211,07/18/2023, 03:22:59,844
GEOR20066,Pako Forever,4212,07/18/2023, 04:14:28,844
GEOR20066,Pako Forever,4212,07/18/2023, 05:11:50,844
GEOR20066,Pako Forever,4212,07/18/2023, 06:15:45,844
GEOR20066,Pako Forever,4212,07/18/2023, 07:12:02,844
GEOR20066,Pako Forever,4212,07/18/2023, 08:15:27,844
GEOR20066,Pako Forever,4212,07/18/2023, 09:12:28,844
GEOR20066,Pako Forever,4212,07/18/2023, 10:13:04,844
GEOR20066,Pako Forever,4212,07/18/2023, 11:10:35,844
GEOR20066,Pako Forever,4212,07/18/2023, 12:24:00,844
GEOR20066,Pako Forever,4212,07/18/2023, 13:19:14,844
GEOR20066,Pako Forever,4212,07/18/2023, 14:11:56,844
GEOR20066,Pako Forever,4212,07/18/2023, 15:12:47,844
GEOR20066,Pako Forever,4212,07/18/2023, 16:16:47,844
GEOR20066,Pako Forever,4213,07/18/2023, 17:11:12,844
GEOR20066,Pako Forever,4213,07/18/2023, 18:15:28,844
GEOR20066,Pako Forever,4214,07/18/2023, 19:09:56,844
GEOR20066,Pako Forever,4216,07/18/2023, 20:13:04,844
GEOR20066,Pako Forever,4216,07/18/2023, 21:10:48,844
GEOR20066,Pako Forever,4216,07/18/2023, 22:10:46,844
GEOR20066,Pako Forever,4218,07/18/2023, 23:11:23,844
GEOR20066,Pako Forever,4219,07/19/2023, 02:06:52,844
GEOR20066,Pako Forever,4220,07/19/2023, 03:52:28,844
GEOR20066,Pako Forever,4220,07/19/2023, 04:19:05,844
GEOR20066,Pako Forever,4221,07/19/2023, 05:11:23,844
GEOR20066,Pako Forever,4221,07/19/2023, 06:15:03,844
GEOR20066,Pako Forever,4221,07/19/2023, 07:11:27,844
GEOR20066,Pako Forever,4221,07/19/2023, 08:14:41,844
GEOR20066,Pako Forever,4221,07/19/2023, 09:11:46,844
GEOR20066,Pako Forever,4224,07/19/2023, 10:12:25,844
GEOR20066,Pako Forever,4224,07/19/2023, 11:10:09,844
GEOR20066,Pako Forever,4224,07/19/2023, 12:21:58,844
GEOR20066,Pako Forever,4224,07/19/2023, 13:16:20,844
GEOR20066,Pako Forever,4225,07/19/2023, 14:11:42,844
GEOR20066,Pako Forever,4226,07/19/2023, 15:12:08,844
GEOR20066,Pako Forever,4226,07/19/2023, 16:14:54,844
GEOR20066,Pako Forever,4226,07/19/2023, 17:10:55,844
GEOR20066,Pako Forever,4226,07/19/2023, 18:14:10,844
GEOR20066,Pako Forever,4226,07/19/2023, 19:09:44,844
GEOR20066,Pako Forever,4226,07/19/2023, 20:11:57,844
GEOR20066,Pako Forever,4226,07/19/2023, 21:10:19,844
GEOR20066,Pako Forever,4227,07/19/2023, 22:10:52,844
GEOR20066,Pako Forever,4227,07/19/2023, 23:11:25,844
GEOR20066,Pako Forever,4229,07/20/2023, 01:02:09,844
GEOR20066,Pako Forever,4230,07/20/2023, 02:30:29,844
GEOR20066,Pako Forever,4230,07/20/2023, 03:11:56,844
GEOR20066,Pako Forever,4230,07/20/2023, 04:13:57,844
GEOR20066,Pako Forever,4230,07/20/2023, 05:11:39,844
GEOR20066,Pako Forever,4230,07/20/2023, 06:15:09,844
GEOR20066,Pako Forever,4230,07/20/2023, 07:11:11,844
GEOR20066,Pako Forever,4231,07/20/2023, 08:14:43,844
GEOR20066,Pako Forever,4231,07/20/2023, 09:11:51,844
GEOR20066,Pako Forever,4231,07/20/2023, 10:13:00,844
GEOR20066,Pako Forever,4231,07/20/2023, 11:10:01,844
GEOR20066,Pako Forever,4231,07/20/2023, 12:23:26,844
GEOR20066,Pako Forever,4231,07/20/2023, 13:16:10,844
GEOR20066,Pako Forever,4231,07/20/2023, 14:11:21,844
GEOR20066,Pako Forever,4231,07/20/2023, 15:12:02,844
GEOR20066,Pako Forever,4231,07/20/2023, 16:14:34,844
GEOR20066,Pako Forever,4231,07/20/2023, 17:10:40,844
GEOR20066,Pako Forever,4232,07/20/2023, 18:14:59,844
GEOR20066,Pako Forever,4233,07/20/2023, 19:09:48,844
GEOR20066,Pako Forever,4233,07/20/2023, 20:12:14,844
GEOR20066,Pako Forever,4233,07/20/2023, 21:10:28,844
GEOR20066,Pako Forever,4235,07/20/2023, 22:10:57,844
GEOR20066,Pako Forever,4235,07/20/2023, 23:11:38,844
GEOR20066,Pako Forever,4235,07/21/2023, 01:02:16,844
GEOR20066,Pako Forever,4235,07/21/2023, 02:32:41,844
GEOR20066,Pako Forever,4235,07/21/2023, 03:11:53,844
GEOR20066,Pako Forever,4235,07/21/2023, 04:13:44,844
GEOR20066,Pako Forever,4235,07/21/2023, 05:11:28,844
GEOR20066,Pako Forever,4235,07/21/2023, 06:15:15,844
GEOR20066,Pako Forever,4237,07/21/2023, 07:11:02,844
GEOR20066,Pako Forever,4237,07/21/2023, 08:14:36,844
GEOR20066,Pako Forever,4238,07/21/2023, 09:11:41,844
GEOR20066,Pako Forever,4238,07/21/2023, 10:12:23,844
GEOR20066,Pako Forever,4239,07/21/2023, 11:09:44,844
GEOR20066,Pako Forever,4239,07/21/2023, 12:21:56,844
GEOR20066,Pako Forever,4239,07/21/2023, 13:20:19,844
GEOR20066,Pako Forever,4239,07/21/2023, 14:11:04,844
GEOR20066,Pako Forever,4239,07/21/2023, 15:12:00,844
GEOR20066,Pako Forever,4239,07/21/2023, 16:14:41,844
GEOR20066,Pako Forever,4240,07/21/2023, 17:10:47,844
GEOR20066,Pako Forever,4242,07/21/2023, 18:14:55,844
GEOR20066,Pako Forever,4242,07/21/2023, 19:09:11,844
GEOR20066,Pako Forever,4242,07/21/2023, 20:11:53,844
GEOR20066,Pako Forever,4244,07/21/2023, 21:10:33,844
GEOR20066,Pako Forever,4245,07/21/2023, 22:10:39,844
GEOR20066,Pako Forever,4245,07/21/2023, 23:11:17,844
GEOR20066,Pako Forever,4245,07/22/2023, 01:02:00,844
GEOR20066,Pako Forever,4245,07/22/2023, 02:29:02,844
GEOR20066,Pako Forever,4245,07/22/2023, 03:11:49,844
GEOR20066,Pako Forever,4245,07/22/2023, 04:13:09,844
GEOR20066,Pako Forever,4246,07/22/2023, 05:10:53,844
GEOR20066,Pako Forever,4246,07/22/2023, 06:14:05,844
GEOR20066,Pako Forever,4246,07/22/2023, 07:10:16,844
GEOR20066,Pako Forever,4246,07/22/2023, 08:13:30,844
GEOR20066,Pako Forever,4247,07/22/2023, 09:11:00,844
GEOR20066,Pako Forever,4248,07/22/2023, 10:11:03,844
GEOR20066,Pako Forever,4248,07/22/2023, 11:09:48,844
GEOR20066,Pako Forever,4250,07/22/2023, 12:20:23,844
GEOR20066,Pako Forever,4250,07/22/2023, 13:12:47,844
GEOR20066,Pako Forever,4250,07/22/2023, 14:09:46,844
GEOR20066,Pako Forever,4251,07/22/2023, 15:10:51,844
GEOR20066,Pako Forever,4251,07/22/2023, 16:13:43,844
GEOR20066,Pako Forever,4252,07/22/2023, 17:09:44,844
GEOR20066,Pako Forever,4252,07/22/2023, 18:13:25,844
GEOR20066,Pako Forever,4252,07/22/2023, 19:09:10,844
GEOR20066,Pako Forever,4252,07/22/2023, 20:11:39,844
GEOR20066,Pako Forever,4252,07/22/2023, 21:09:45,844
GEOR20066,Pako Forever,4253,07/22/2023, 22:10:33,844
GEOR20066,Pako Forever,4254,07/22/2023, 23:10:50,844
GEOR20066,Pako Forever,4254,07/23/2023, 01:06:05,844
GEOR20066,Pako Forever,4254,07/23/2023, 02:35:33,844
GEOR20066,Pako Forever,4254,07/23/2023, 03:12:18,844
GEOR20066,Pako Forever,4254,07/23/2023, 04:13:23,844
GEOR20066,Pako Forever,4254,07/23/2023, 05:11:12,844
GEOR20066,Pako Forever,4256,07/23/2023, 06:14:28,844
GEOR20066,Pako Forever,4257,07/23/2023, 07:10:34,844
GEOR20066,Pako Forever,4257,07/23/2023, 08:13:49,844
GEOR20066,Pako Forever,4257,07/23/2023, 09:10:31,844
GEOR20066,Pako Forever,4258,07/23/2023, 10:11:18,844
GEOR20066,Pako Forever,4258,07/23/2023, 11:09:20,844
GEOR20066,Pako Forever,4258,07/23/2023, 12:20:03,844
GEOR20066,Pako Forever,4259,07/23/2023, 13:12:43,844
GEOR20066,Pako Forever,4260,07/23/2023, 14:09:49,844
GEOR20066,Pako Forever,4260,07/23/2023, 15:11:04,844
GEOR20066,Pako Forever,4260,07/23/2023, 16:13:33,844
GEOR20066,Pako Forever,4261,07/23/2023, 17:09:52,844
GEOR20066,Pako Forever,4262,07/23/2023, 18:13:28,844
GEOR20066,Pako Forever,4263,07/23/2023, 19:09:17,844
GEOR20066,Pako Forever,4267,07/23/2023, 20:11:38,844
GEOR20066,Pako Forever,4267,07/23/2023, 21:10:49,844
GEOR20066,Pako Forever,4268,07/23/2023, 22:10:17,844
GEOR20066,Pako Forever,4268,07/23/2023, 23:11:27,844
GEOR20066,Pako Forever,4269,07/24/2023, 01:02:38,844
GEOR20066,Pako Forever,4269,07/24/2023, 02:32:37,844
GEOR20066,Pako Forever,4269,07/24/2023, 03:12:41,844
GEOR20066,Pako Forever,4271,07/24/2023, 04:14:04,844
GEOR20066,Pako Forever,4271,07/24/2023, 05:11:49,844
GEOR20066,Pako Forever,4272,07/24/2023, 06:15:43,844
GEOR20066,Pako Forever,4272,07/24/2023, 07:11:42,844
GEOR20066,Pako Forever,4272,07/24/2023, 08:15:35,844
GEOR20066,Pako Forever,4273,07/24/2023, 09:12:42,844
GEOR20066,Pako Forever,4273,07/24/2023, 10:12:58,844
GEOR20066,Pako Forever,4273,07/24/2023, 11:10:04,844
GEOR20066,Pako Forever,4273,07/24/2023, 12:22:30,844
GEOR20066,Pako Forever,4273,07/24/2023, 13:16:34,844
GEOR20066,Pako Forever,4273,07/24/2023, 14:11:47,844
GEOR20066,Pako Forever,4273,07/24/2023, 15:12:53,844
GEOR20066,Pako Forever,4273,07/24/2023, 16:14:52,844
GEOR20066,Pako Forever,4273,07/24/2023, 17:11:10,844
GEOR20066,Pako Forever,4273,07/24/2023, 18:16:04,844
GEOR20066,Pako Forever,4273,07/24/2023, 19:10:03,844
GEOR20066,Pako Forever,4273,07/24/2023, 20:11:24,844
GEOR20066,Pako Forever,4273,07/24/2023, 21:11:26,844
GEOR20066,Pako Forever,4273,07/24/2023, 22:11:23,844
GEOR20066,Pako Forever,4274,07/24/2023, 23:11:27,844
GEOR20066,Pako Forever,4276,07/25/2023, 01:08:10,844
GEOR20066,Pako Forever,4276,07/25/2023, 02:43:57,844
GEOR20066,Pako Forever,4276,07/25/2023, 03:12:40,844
GEOR20066,Pako Forever,4276,07/25/2023, 04:13:49,844
GEOR20066,Pako Forever,4276,07/25/2023, 05:11:33,844
GEOR20066,Pako Forever,4277,07/25/2023, 06:15:20,844
GEOR20066,Pako Forever,4277,07/25/2023, 07:11:40,844
GEOR20066,Pako Forever,4277,07/25/2023, 08:15:20,844
GEOR20066,Pako Forever,4278,07/25/2023, 09:12:15,844
GEOR20066,Pako Forever,4278,07/25/2023, 10:12:56,844
GEOR20066,Pako Forever,4278,07/25/2023, 11:10:18,844
GEOR20066,Pako Forever,4278,07/25/2023, 12:23:26,844
GEOR20066,Pako Forever,4278,07/25/2023, 13:18:12,844
GEOR20066,Pako Forever,4279,07/25/2023, 14:11:15,844
GEOR20066,Pako Forever,4279,07/25/2023, 15:12:27,844
GEOR20066,Pako Forever,4279,07/25/2023, 16:14:50,844
GEOR20066,Pako Forever,4279,07/25/2023, 17:10:50,844
GEOR20066,Pako Forever,4279,07/25/2023, 18:13:43,844
GEOR20066,Pako Forever,4279,07/25/2023, 19:08:20,844
GEOR20066,Pako Forever,4279,07/25/2023, 20:11:54,844
GEOR20066,Pako Forever,4280,07/25/2023, 21:10:13,844
GEOR20066,Pako Forever,4281,07/25/2023, 22:10:31,844
GEOR20066,Pako Forever,4284,07/25/2023, 23:09:31,844
GEOR20066,Pako Forever,4284,07/26/2023, 01:01:43,844
GEOR20066,Pako Forever,4285,07/26/2023, 02:33:59,844
GEOR20066,Pako Forever,4285,07/26/2023, 03:12:05,844
GEOR20066,Pako Forever,4286,07/26/2023, 04:13:37,844
GEOR20066,Pako Forever,4286,07/26/2023, 05:11:06,844
GEOR20066,Pako Forever,4287,07/26/2023, 06:14:31,844
GEOR20066,Pako Forever,4289,07/26/2023, 07:11:18,844
GEOR20066,Pako Forever,4289,07/26/2023, 08:14:39,844
GEOR20066,Pako Forever,4289,07/26/2023, 09:11:41,844
GEOR20066,Pako Forever,4291,07/26/2023, 10:12:15,844
GEOR20066,Pako Forever,4291,07/26/2023, 11:09:30,844
GEOR20066,Pako Forever,4292,07/26/2023, 12:21:11,844
GEOR20066,Pako Forever,4292,07/26/2023, 13:15:02,844
GEOR20066,Pako Forever,4292,07/26/2023, 14:10:40,844
GEOR20066,Pako Forever,4293,07/26/2023, 15:11:49,844
GEOR20066,Pako Forever,4294,07/26/2023, 16:14:14,844
GEOR20066,Pako Forever,4295,07/26/2023, 17:10:26,844
GEOR20066,Pako Forever,4295,07/26/2023, 18:14:01,844
GEOR20066,Pako Forever,4295,07/26/2023, 19:09:44,844
GEOR20066,Pako Forever,4298,07/26/2023, 20:11:41,844
GEOR20066,Pako Forever,4298,07/26/2023, 21:10:30,844
GEOR20066,Pako Forever,4298,07/26/2023, 22:10:38,844
GEOR20066,Pako Forever,4298,07/26/2023, 23:11:03,844
GEOR20066,Pako Forever,4298,07/27/2023, 00:55:27,844
GEOR20066,Pako Forever,4298,07/27/2023, 01:56:51,844
GEOR20066,Pako Forever,4298,07/27/2023, 02:24:36,844
GEOR20066,Pako Forever,4298,07/27/2023, 03:11:52,844
GEOR20066,Pako Forever,4298,07/27/2023, 04:13:20,844
GEOR20066,Pako Forever,4298,07/27/2023, 05:10:58,844
GEOR20066,Pako Forever,4298,07/27/2023, 06:14:59,844
GEOR20066,Pako Forever,4299,07/27/2023, 07:11:09,844
GEOR20066,Pako Forever,4299,07/27/2023, 08:14:17,844
GEOR20066,Pako Forever,4299,07/27/2023, 09:11:54,844
GEOR20066,Pako Forever,4299,07/27/2023, 10:12:13,844
GEOR20066,Pako Forever,4299,07/27/2023, 11:09:32,844
GEOR20066,Pako Forever,4299,07/27/2023, 12:22:33,844
GEOR20066,Pako Forever,4300,07/27/2023, 13:14:55,844
GEOR20066,Pako Forever,4300,07/27/2023, 14:10:40,844
GEOR20066,Pako Forever,4301,07/27/2023, 15:11:54,844
GEOR20066,Pako Forever,4304,07/27/2023, 16:14:45,844
GEOR20066,Pako Forever,4305,07/27/2023, 17:10:26,844
GEOR20066,Pako Forever,4306,07/27/2023, 18:13:48,844
GEOR20066,Pako Forever,4307,07/27/2023, 19:09:33,844
GEOR20066,Pako Forever,4307,07/27/2023, 20:11:42,844
GEOR20066,Pako Forever,4307,07/27/2023, 21:09:14,844
GEOR20066,Pako Forever,4307,07/27/2023, 22:10:21,844
GEOR20066,Pako Forever,4307,07/27/2023, 23:11:28,844
GEOR20066,Pako Forever,4307,07/28/2023, 00:56:23,844
GEOR20066,Pako Forever,4307,07/28/2023, 02:01:53,844
GEOR20066,Pako Forever,4307,07/28/2023, 03:11:40,844
GEOR20066,Pako Forever,4307,07/28/2023, 04:13:35,844
GEOR20066,Pako Forever,4307,07/28/2023, 05:11:00,844
GEOR20066,Pako Forever,4308,07/28/2023, 06:14:53,844
GEOR20066,Pako Forever,4308,07/28/2023, 07:11:03,844
GEOR20066,Pako Forever,4308,07/28/2023, 08:14:13,844
GEOR20066,Pako Forever,4308,07/28/2023, 09:11:34,844
GEOR20066,Pako Forever,4309,07/28/2023, 10:11:59,844
GEOR20066,Pako Forever,4309,07/28/2023, 11:09:44,844
GEOR20066,Pako Forever,4309,07/28/2023, 12:21:46,844
GEOR20066,Pako Forever,4309,07/28/2023, 13:14:51,844
GEOR20066,Pako Forever,4309,07/28/2023, 14:10:42,844
GEOR20066,Pako Forever,4309,07/28/2023, 15:11:55,844
GEOR20066,Pako Forever,4309,07/28/2023, 16:14:23,844
GEOR20066,Pako Forever,4310,07/28/2023, 17:10:02,844
GEOR20066,Pako Forever,4311,07/28/2023, 18:13:02,844
GEOR20066,Pako Forever,4311,07/28/2023, 19:09:34,844
GEOR20066,Pako Forever,4311,07/28/2023, 20:11:58,844
GEOR20066,Pako Forever,4312,07/28/2023, 21:10:00,844
GEOR20066,Pako Forever,4314,07/28/2023, 22:10:31,844
GEOR20066,Pako Forever,4314,07/28/2023, 23:11:01,844
GEOR20066,Pako Forever,4314,07/29/2023, 00:56:14,844
GEOR20066,Pako Forever,4314,07/29/2023, 01:57:22,844
GEOR20066,Pako Forever,4315,07/29/2023, 02:25:03,844
GEOR20066,Pako Forever,4315,07/29/2023, 03:11:45,844
GEOR20066,Pako Forever,4315,07/29/2023, 04:12:57,844
GEOR20066,Pako Forever,4315,07/29/2023, 05:10:20,844
GEOR20066,Pako Forever,4315,07/29/2023, 06:13:34,844
GEOR20066,Pako Forever,4315,07/29/2023, 07:09:49,844
GEOR20066,Pako Forever,4315,07/29/2023, 08:12:55,844
GEOR20066,Pako Forever,4315,07/29/2023, 09:10:01,844
GEOR20066,Pako Forever,4315,07/29/2023, 10:10:50,844
GEOR20066,Pako Forever,4315,07/29/2023, 11:09:12,844
GEOR20066,Pako Forever,4315,07/29/2023, 12:19:45,844
GEOR20066,Pako Forever,4316,07/29/2023, 13:11:45,844
GEOR20066,Pako Forever,4316,07/29/2023, 14:09:33,844
GEOR20066,Pako Forever,4317,07/29/2023, 15:10:26,844
GEOR20066,Pako Forever,4317,07/29/2023, 16:13:13,844
GEOR20066,Pako Forever,4317,07/29/2023, 17:09:40,844
GEOR20066,Pako Forever,4317,07/29/2023, 18:12:43,844
GEOR20066,Pako Forever,4317,07/29/2023, 19:09:00,844
GEOR20066,Pako Forever,4317,07/29/2023, 20:10:55,844
GEOR20066,Pako Forever,4317,07/29/2023, 21:09:15,844
GEOR20066,Pako Forever,4318,07/29/2023, 22:10:00,844
GEOR20066,Pako Forever,4318,07/29/2023, 23:10:42,844
GEOR20066,Pako Forever,4318,07/30/2023, 00:59:16,844
GEOR20066,Pako Forever,4318,07/30/2023, 02:02:36,844
GEOR20066,Pako Forever,4318,07/30/2023, 03:11:36,844
GEOR20066,Pako Forever,4318,07/30/2023, 04:12:33,844
GEOR20066,Pako Forever,4320,07/30/2023, 05:10:20,844
GEOR20066,Pako Forever,4320,07/30/2023, 06:13:36,844
GEOR20066,Pako Forever,4320,07/30/2023, 07:09:54,844
GEOR20066,Pako Forever,4320,07/30/2023, 08:12:58,844
GEOR20066,Pako Forever,4321,07/30/2023, 09:10:06,844
GEOR20066,Pako Forever,4321,07/30/2023, 10:11:01,844
GEOR20066,Pako Forever,4321,07/30/2023, 11:09:11,844
GEOR20066,Pako Forever,4321,07/30/2023, 12:20:11,844
GEOR20066,Pako Forever,4321,07/30/2023, 13:12:15,844
GEOR20066,Pako Forever,4321,07/30/2023, 14:09:50,844
GEOR20066,Pako Forever,4321,07/30/2023, 15:10:46,844
GEOR20066,Pako Forever,4321,07/30/2023, 16:13:16,844
GEOR20066,Pako Forever,4321,07/30/2023, 17:09:23,844
GEOR20066,Pako Forever,4321,07/30/2023, 18:13:02,844
GEOR20066,Pako Forever,4321,07/30/2023, 19:09:13,844
GEOR20066,Pako Forever,4321,07/30/2023, 20:11:07,844
GEOR20066,Pako Forever,4321,07/30/2023, 21:09:28,844
GEOR20066,Pako Forever,4321,07/30/2023, 22:10:26,844
GEOR20066,Pako Forever,4321,07/30/2023, 23:11:04,844
GEOR20066,Pako Forever,4323,07/31/2023, 00:58:24,844
GEOR20066,Pako Forever,4323,07/31/2023, 02:04:54,844
GEOR20066,Pako Forever,4324,07/31/2023, 03:12:18,844
GEOR20066,Pako Forever,4324,07/31/2023, 04:13:48,844
GEOR20066,Pako Forever,4324,07/31/2023, 05:11:30,844
GEOR20066,Pako Forever,4324,07/31/2023, 06:15:03,844
GEOR20066,Pako Forever,4324,07/31/2023, 07:11:47,844
GEOR20066,Pako Forever,4324,07/31/2023, 08:15:58,844
GEOR20066,Pako Forever,4324,07/31/2023, 09:12:40,844
GEOR20066,Pako Forever,4325,07/31/2023, 10:12:57,844
GEOR20066,Pako Forever,4325,07/31/2023, 11:10:17,844
GEOR20066,Pako Forever,4325,07/31/2023, 12:23:19,844
GEOR20066,Pako Forever,4325,07/31/2023, 13:17:03,844
GEOR20066,Pako Forever,4325,07/31/2023, 14:11:28,844
GEOR20066,Pako Forever,4326,07/31/2023, 15:13:06,844
GEOR20066,Pako Forever,4326,07/31/2023, 16:15:34,844
GEOR20066,Pako Forever,4326,07/31/2023, 17:10:56,844
GEOR20066,Pako Forever,4327,07/31/2023, 18:14:04,844
GEOR20066,Pako Forever,4328,07/31/2023, 19:09:45,844
GEOR20066,Pako Forever,4328,07/31/2023, 20:11:48,844
GEOR20066,Pako Forever,4328,07/31/2023, 21:10:27,844
GEOR20066,Pako Forever,4329,07/31/2023, 22:10:47,844
GEOR20066,Pako Forever,4330,07/31/2023, 23:11:24,844
GEOR20066,Pako Forever,4331,08/01/2023, 01:03:07,844
GEOR20066,Pako Forever,4331,08/01/2023, 02:34:32,844
GEOR20066,Pako Forever,4331,08/01/2023, 03:12:42,844
GEOR20066,Pako Forever,4332,08/01/2023, 04:13:57,844
GEOR20066,Pako Forever,4332,08/01/2023, 05:11:34,844
GEOR20066,Pako Forever,4332,08/01/2023, 06:15:48,844
GEOR20066,Pako Forever,4332,08/01/2023, 07:11:52,844
GEOR20066,Pako Forever,4332,08/01/2023, 08:14:59,844
GEOR20066,Pako Forever,4332,08/01/2023, 09:12:02,844
GEOR20066,Pako Forever,4332,08/01/2023, 10:12:35,844
GEOR20066,Pako Forever,4332,08/01/2023, 11:09:45,844
GEOR20066,Pako Forever,4332,08/01/2023, 12:22:20,844
GEOR20066,Pako Forever,4332,08/01/2023, 13:14:47,844
GEOR20066,Pako Forever,4332,08/01/2023, 14:10:52,844
GEOR20066,Pako Forever,4332,08/01/2023, 15:12:13,844
GEOR20066,Pako Forever,4333,08/01/2023, 16:14:35,844
GEOR20066,Pako Forever,4333,08/01/2023, 17:10:27,844
GEOR20066,Pako Forever,4333,08/01/2023, 18:14:11,844
GEOR20066,Pako Forever,4333,08/01/2023, 19:09:17,844
GEOR20066,Pako Forever,4333,08/01/2023, 20:12:12,844
GEOR20066,Pako Forever,4334,08/01/2023, 21:10:36,844
GEOR20066,Pako Forever,4335,08/01/2023, 22:10:48,844
GEOR20066,Pako Forever,4335,08/01/2023, 23:11:23,844
GEOR20066,Pako Forever,4336,08/02/2023, 00:55:40,844
GEOR20066,Pako Forever,4336,08/02/2023, 01:56:33,844
GEOR20066,Pako Forever,4336,08/02/2023, 02:24:19,844
GEOR20066,Pako Forever,4336,08/02/2023, 03:11:43,844
GEOR20066,Pako Forever,4336,08/02/2023, 04:13:17,844
GEOR20066,Pako Forever,4336,08/02/2023, 05:11:01,844
GEOR20066,Pako Forever,4336,08/02/2023, 06:14:58,844
GEOR20066,Pako Forever,4336,08/02/2023, 07:11:18,844
GEOR20066,Pako Forever,4336,08/02/2023, 08:14:16,844
GEOR20066,Pako Forever,4336,08/02/2023, 09:11:44,844
GEOR20066,Pako Forever,4337,08/02/2023, 10:12:32,844
GEOR20066,Pako Forever,4337,08/02/2023, 11:09:39,844
GEOR20066,Pako Forever,4338,08/02/2023, 12:21:34,844
GEOR20066,Pako Forever,4339,08/02/2023, 13:14:57,844
GEOR20066,Pako Forever,4339,08/02/2023, 14:11:04,844
GEOR20066,Pako Forever,4339,08/02/2023, 15:11:19,844
GEOR20066,Pako Forever,4339,08/02/2023, 16:14:56,844
GEOR20066,Pako Forever,4339,08/02/2023, 17:10:01,844
GEOR20066,Pako Forever,4339,08/02/2023, 18:13:48,844
GEOR20066,Pako Forever,4339,08/02/2023, 19:09:26,844
GEOR20066,Pako Forever,4339,08/02/2023, 20:11:46,844
GEOR20066,Pako Forever,4340,08/02/2023, 21:10:00,844
GEOR20066,Pako Forever,4340,08/02/2023, 22:10:17,844
GEOR20066,Pako Forever,4341,08/02/2023, 23:10:27,844
GEOR20066,Pako Forever,4341,08/03/2023, 00:58:43,844
GEOR20066,Pako Forever,4341,08/03/2023, 02:00:37,844
GEOR20066,Pako Forever,4341,08/03/2023, 02:30:53,844
GEOR20066,Pako Forever,4341,08/03/2023, 03:11:43,844
GEOR20066,Pako Forever,4341,08/03/2023, 04:13:28,844
GEOR20066,Pako Forever,4341,08/03/2023, 05:11:00,844
GEOR20066,Pako Forever,4341,08/03/2023, 06:14:52,844
GEOR20066,Pako Forever,4342,08/03/2023, 07:11:16,844
GEOR20066,Pako Forever,4342,08/03/2023, 08:14:19,844
GEOR20066,Pako Forever,4343,08/03/2023, 09:11:21,844
GEOR20066,Pako Forever,4343,08/03/2023, 10:12:05,844
GEOR20066,Pako Forever,4345,08/03/2023, 11:10:14,844
GEOR20066,Pako Forever,4345,08/03/2023, 12:21:46,844
GEOR20066,Pako Forever,4345,08/03/2023, 13:14:44,844
GEOR20066,Pako Forever,4345,08/03/2023, 14:10:45,844
GEOR20066,Pako Forever,4346,08/03/2023, 15:11:55,844
GEOR20066,Pako Forever,4346,08/03/2023, 16:13:25,844
GEOR20066,Pako Forever,4347,08/03/2023, 17:10:11,844
GEOR20066,Pako Forever,4347,08/03/2023, 18:13:56,844
GEOR20066,Pako Forever,4347,08/03/2023, 19:09:21,844
GEOR20066,Pako Forever,4347,08/03/2023, 20:11:38,844
GEOR20066,Pako Forever,4347,08/03/2023, 21:09:45,844
GEOR20066,Pako Forever,4347,08/03/2023, 22:10:27,844
GEOR20066,Pako Forever,4347,08/03/2023, 23:10:55,844
GEOR20066,Pako Forever,4347,08/04/2023, 00:58:57,844
GEOR20066,Pako Forever,4347,08/04/2023, 02:01:50,844
GEOR20066,Pako Forever,4347,08/04/2023, 03:11:46,844
GEOR20066,Pako Forever,4347,08/04/2023, 04:13:12,844
GEOR20066,Pako Forever,4347,08/04/2023, 05:11:06,844
GEOR20066,Pako Forever,4348,08/04/2023, 06:14:34,844
GEOR20066,Pako Forever,4348,08/04/2023, 07:10:36,844
GEOR20066,Pako Forever,4348,08/04/2023, 08:14:02,844
GEOR20066,Pako Forever,4348,08/04/2023, 09:11:21,844
GEOR20066,Pako Forever,4348,08/04/2023, 10:11:55,844
GEOR20066,Pako Forever,4348,08/04/2023, 11:09:36,844
GEOR20066,Pako Forever,4348,08/04/2023, 12:21:04,844
GEOR20066,Pako Forever,4349,08/04/2023, 13:13:41,844
GEOR20066,Pako Forever,4349,08/04/2023, 14:10:29,844
GEOR20066,Pako Forever,4349,08/04/2023, 15:11:29,844
GEOR20066,Pako Forever,4351,08/04/2023, 16:14:11,844
GEOR20066,Pako Forever,4351,08/04/2023, 17:10:04,844
GEOR20066,Pako Forever,4351,08/04/2023, 18:13:41,844
GEOR20066,Pako Forever,4351,08/04/2023, 19:09:26,844
GEOR20066,Pako Forever,4353,08/04/2023, 20:11:26,844
GEOR20066,Pako Forever,4353,08/04/2023, 21:09:38,844
GEOR20066,Pako Forever,4353,08/04/2023, 22:10:26,844
GEOR20066,Pako Forever,4353,08/04/2023, 23:10:35,844
GEOR20066,Pako Forever,4355,08/05/2023, 00:55:39,844
GEOR20066,Pako Forever,4356,08/05/2023, 01:57:17,844
GEOR20066,Pako Forever,4356,08/05/2023, 02:24:26,844
GEOR20066,Pako Forever,4356,08/05/2023, 03:11:18,844
GEOR20066,Pako Forever,4356,08/05/2023, 04:13:11,844
GEOR20066,Pako Forever,4356,08/05/2023, 05:10:17,844
GEOR20066,Pako Forever,4357,08/05/2023, 06:13:21,844
GEOR20066,Pako Forever,4357,08/05/2023, 07:09:36,844
GEOR20066,Pako Forever,4357,08/05/2023, 08:12:59,844
GEOR20066,Pako Forever,4358,08/05/2023, 09:10:04,844
GEOR20066,Pako Forever,4359,08/05/2023, 10:10:38,844
GEOR20066,Pako Forever,4359,08/05/2023, 11:08:50,844
GEOR20066,Pako Forever,4359,08/05/2023, 12:19:14,844
GEOR20066,Pako Forever,4359,08/05/2023, 13:11:37,844
GEOR20066,Pako Forever,4360,08/05/2023, 14:09:16,844
GEOR20066,Pako Forever,4360,08/05/2023, 15:10:38,844
GEOR20066,Pako Forever,4360,08/05/2023, 16:13:07,844
GEOR20066,Pako Forever,4362,08/05/2023, 17:09:26,844
GEOR20066,Pako Forever,4362,08/05/2023, 18:12:28,844
GEOR20066,Pako Forever,4362,08/05/2023, 19:08:46,844
GEOR20066,Pako Forever,4362,08/05/2023, 20:10:45,844
GEOR20066,Pako Forever,4362,08/05/2023, 21:09:15,844
GEOR20066,Pako Forever,4362,08/05/2023, 22:09:56,844
GEOR20066,Pako Forever,4362,08/05/2023, 23:10:50,844
GEOR20066,Pako Forever,4362,08/06/2023, 00:53:16,844
GEOR20066,Pako Forever,4362,08/06/2023, 01:52:18,844
GEOR20066,Pako Forever,4362,08/06/2023, 02:20:18,844
GEOR20066,Pako Forever,4363,08/06/2023, 03:11:39,844
GEOR20066,Pako Forever,4363,08/06/2023, 04:12:56,844
GEOR20066,Pako Forever,4363,08/06/2023, 05:10:29,844
GEOR20066,Pako Forever,4363,08/06/2023, 06:13:37,844
GEOR20066,Pako Forever,4363,08/06/2023, 07:10:08,844
GEOR20066,Pako Forever,4364,08/06/2023, 08:13:09,844
GEOR20066,Pako Forever,4364,08/06/2023, 09:10:02,844
GEOR20066,Pako Forever,4364,08/06/2023, 10:11:06,844
GEOR20066,Pako Forever,4364,08/06/2023, 11:09:28,844
GEOR20066,Pako Forever,4364,08/06/2023, 12:18:39,844
GEOR20066,Pako Forever,4365,08/06/2023, 13:12:29,844
GEOR20066,Pako Forever,4366,08/06/2023, 14:09:38,844
GEOR20066,Pako Forever,4366,08/06/2023, 15:10:53,844
GEOR20066,Pako Forever,4366,08/06/2023, 16:14:02,844
GEOR20066,Pako Forever,4366,08/06/2023, 17:09:25,844
GEOR20066,Pako Forever,4366,08/06/2023, 18:12:34,844
GEOR20066,Pako Forever,4366,08/06/2023, 19:08:44,844
GEOR20066,Pako Forever,4368,08/06/2023, 20:11:03,844
GEOR20066,Pako Forever,4370,08/06/2023, 21:09:22,844
GEOR20066,Pako Forever,4370,08/06/2023, 22:09:58,844
GEOR20066,Pako Forever,4374,08/06/2023, 23:10:53,844
GEOR20066,Pako Forever,4374,08/07/2023, 00:58:10,844
GEOR20066,Pako Forever,4374,08/07/2023, 02:02:47,844
GEOR20066,Pako Forever,4374,08/07/2023, 03:11:57,844
GEOR20066,Pako Forever,4374,08/07/2023, 04:13:10,844
GEOR20066,Pako Forever,4376,08/07/2023, 05:10:55,844
GEOR20066,Pako Forever,4377,08/07/2023, 06:14:46,844
GEOR20066,Pako Forever,4377,08/07/2023, 07:11:12,844
GEOR20066,Pako Forever,4377,08/07/2023, 08:14:43,844
GEOR20066,Pako Forever,4377,08/07/2023, 09:12:12,844
GEOR20066,Pako Forever,4377,08/07/2023, 10:12:17,844
GEOR20066,Pako Forever,4377,08/07/2023, 11:09:55,844
GEOR20066,Pako Forever,4377,08/07/2023, 12:22:11,844
GEOR20066,Pako Forever,4377,08/07/2023, 13:14:42,844
GEOR20066,Pako Forever,4377,08/07/2023, 14:10:59,844
GEOR20066,Pako Forever,4378,08/07/2023, 15:12:15,844
GEOR20066,Pako Forever,4379,08/07/2023, 16:14:18,844
GEOR20066,Pako Forever,4379,08/07/2023, 17:10:10,844
GEOR20066,Pako Forever,4380,08/07/2023, 18:13:43,844
GEOR20066,Pako Forever,4381,08/07/2023, 19:09:31,844
GEOR20066,Pako Forever,4382,08/07/2023, 20:11:58,844
GEOR20066,Pako Forever,4383,08/07/2023, 21:10:06,844
GEOR20066,Pako Forever,4385,08/07/2023, 22:10:49,844
GEOR20066,Pako Forever,4385,08/07/2023, 23:10:42,844
GEOR20066,Pako Forever,4386,08/08/2023, 00:56:53,844
GEOR20066,Pako Forever,4386,08/08/2023, 01:59:57,844
GEOR20066,Pako Forever,4386,08/08/2023, 02:31:34,844
GEOR20066,Pako Forever,4386,08/08/2023, 03:11:52,844
GEOR20066,Pako Forever,4387,08/08/2023, 04:13:18,844
GEOR20066,Pako Forever,4387,08/08/2023, 05:10:52,844
GEOR20066,Pako Forever,4387,08/08/2023, 06:14:27,844
GEOR20066,Pako Forever,4387,08/08/2023, 07:10:41,844
GEOR20066,Pako Forever,4387,08/08/2023, 08:14:15,844
GEOR20066,Pako Forever,4387,08/08/2023, 09:11:01,844
GEOR20066,Pako Forever,4388,08/08/2023, 10:12:25,844
GEOR20066,Pako Forever,4390,08/08/2023, 11:09:51,844
GEOR20066,Pako Forever,4390,08/08/2023, 12:21:25,844
GEOR20066,Pako Forever,4390,08/08/2023, 13:14:15,844
GEOR20066,Pako Forever,4390,08/08/2023, 14:10:30,844
GEOR20066,Pako Forever,4390,08/08/2023, 15:12:11,844
GEOR20066,Pako Forever,4390,08/08/2023, 16:14:43,844
GEOR20066,Pako Forever,4390,08/08/2023, 17:11:10,844
GEOR20066,Pako Forever,4390,08/08/2023, 18:14:55,844
GEOR20066,Pako Forever,4392,08/08/2023, 19:09:50,844
GEOR20066,Pako Forever,4392,08/08/2023, 20:12:24,844
GEOR20066,Pako Forever,4392,08/08/2023, 21:10:29,844
GEOR20066,Pako Forever,4392,08/08/2023, 22:10:59,844
GEOR20066,Pako Forever,4394,08/08/2023, 23:11:11,844
GEOR20066,Pako Forever,4394,08/09/2023, 00:57:25,844
GEOR20066,Pako Forever,4394,08/09/2023, 02:00:45,844
GEOR20066,Pako Forever,4394,08/09/2023, 02:32:39,844
GEOR20066,Pako Forever,4394,08/09/2023, 03:11:48,844
GEOR20066,Pako Forever,4394,08/09/2023, 04:13:33,844
GEOR20066,Pako Forever,4394,08/09/2023, 05:10:47,844
GEOR20066,Pako Forever,4394,08/09/2023, 06:15:02,844
GEOR20066,Pako Forever,4394,08/09/2023, 07:11:25,844
GEOR20066,Pako Forever,4394,08/09/2023, 08:15:23,844
GEOR20066,Pako Forever,4395,08/09/2023, 09:12:28,844
GEOR20066,Pako Forever,4396,08/09/2023, 10:12:50,844
GEOR20066,Pako Forever,4397,08/09/2023, 11:10:01,844
GEOR20066,Pako Forever,4397,08/09/2023, 12:23:20,844
GEOR20066,Pako Forever,4397,08/09/2023, 13:16:11,844
GEOR20066,Pako Forever,4398,08/09/2023, 14:11:45,844
GEOR20066,Pako Forever,4399,08/09/2023, 15:13:10,844
GEOR20066,Pako Forever,4399,08/09/2023, 16:16:37,844
GEOR20066,Pako Forever,4399,08/09/2023, 17:11:00,844
GEOR20066,Pako Forever,4400,08/09/2023, 18:14:55,844
GEOR20066,Pako Forever,4400,08/09/2023, 19:09:53,844
GEOR20066,Pako Forever,4400,08/09/2023, 20:12:42,844
GEOR20066,Pako Forever,4400,08/09/2023, 21:10:38,844
GEOR20066,Pako Forever,4400,08/09/2023, 22:10:58,844
GEOR20066,Pako Forever,4400,08/09/2023, 23:11:00,844
GEOR20066,Pako Forever,4400,08/10/2023, 00:58:42,844
GEOR20066,Pako Forever,4400,08/10/2023, 02:06:40,844
GEOR20066,Pako Forever,4400,08/10/2023, 03:11:44,844
GEOR20066,Pako Forever,4400,08/10/2023, 04:13:47,844
GEOR20066,Pako Forever,4400,08/10/2023, 05:11:15,844
GEOR20066,Pako Forever,4400,08/10/2023, 06:15:05,844
GEOR20066,Pako Forever,4400,08/10/2023, 07:11:22,844
GEOR20066,Pako Forever,4400,08/10/2023, 08:15:00,844
GEOR20066,Pako Forever,4400,08/10/2023, 09:12:04,844
GEOR20066,Pako Forever,4400,08/10/2023, 10:12:42,844
GEOR20066,Pako Forever,4400,08/10/2023, 11:10:16,844
GEOR20066,Pako Forever,4400,08/10/2023, 12:22:58,844
GEOR20066,Pako Forever,4400,08/10/2023, 13:16:48,844
GEOR20066,Pako Forever,4400,08/10/2023, 14:11:27,844
GEOR20066,Pako Forever,4400,08/10/2023, 15:12:27,844
GEOR20066,Pako Forever,4400,08/10/2023, 16:14:53,844
GEOR20066,Pako Forever,4400,08/10/2023, 17:10:23,844
GEOR20066,Pako Forever,4400,08/10/2023, 18:14:01,844
GEOR20066,Pako Forever,4401,08/10/2023, 19:09:19,844
GEOR20066,Pako Forever,4402,08/10/2023, 20:11:39,844
GEOR20066,Pako Forever,4403,08/10/2023, 21:10:03,844
GEOR20066,Pako Forever,4403,08/10/2023, 22:10:05,844
GEOR20066,Pako Forever,4403,08/10/2023, 23:10:42,844
GEOR20066,Pako Forever,4403,08/11/2023, 00:45:58,844
GEOR20066,Pako Forever,4403,08/11/2023, 01:41:32,844
GEOR20066,Pako Forever,4403,08/11/2023, 02:15:00,844
GEOR20066,Pako Forever,4403,08/11/2023, 03:11:03,844
GEOR20066,Pako Forever,4403,08/11/2023, 04:13:25,844
GEOR20066,Pako Forever,4403,08/11/2023, 05:10:35,844
GEOR20066,Pako Forever,4403,08/11/2023, 06:14:01,844
GEOR20066,Pako Forever,4403,08/11/2023, 07:10:26,844
GEOR20066,Pako Forever,4403,08/11/2023, 08:13:28,844
GEOR20066,Pako Forever,4403,08/11/2023, 09:10:56,844
GEOR20066,Pako Forever,4403,08/11/2023, 10:11:40,844
GEOR20066,Pako Forever,4403,08/11/2023, 11:09:22,844
GEOR20066,Pako Forever,4404,08/11/2023, 12:19:24,844
GEOR20066,Pako Forever,4404,08/11/2023, 13:12:48,844
GEOR20066,Pako Forever,4404,08/11/2023, 14:09:50,844
GEOR20066,Pako Forever,4404,08/11/2023, 15:11:06,844
GEOR20066,Pako Forever,4405,08/11/2023, 16:12:47,844
GEOR20066,Pako Forever,4405,08/11/2023, 17:09:51,844
GEOR20066,Pako Forever,4406,08/11/2023, 18:13:11,844
GEOR20066,Pako Forever,4406,08/11/2023, 19:08:47,844
GEOR20066,Pako Forever,4406,08/11/2023, 20:11:27,844
GEOR20066,Pako Forever,4407,08/11/2023, 21:09:24,844
GEOR20066,Pako Forever,4407,08/11/2023, 22:10:29,844
GEOR20066,Pako Forever,4407,08/11/2023, 23:10:18,844
GEOR20066,Pako Forever,4408,08/12/2023, 00:44:51,844
GEOR20066,Pako Forever,4408,08/12/2023, 01:40:10,844
GEOR20066,Pako Forever,4408,08/12/2023, 02:13:37,844
GEOR20066,Pako Forever,4409,08/12/2023, 03:11:05,844
GEOR20066,Pako Forever,4409,08/12/2023, 04:12:29,844
GEOR20066,Pako Forever,4431,08/12/2023, 05:09:56,844
GEOR20066,Pako Forever,4431,08/12/2023, 06:12:51,844
GEOR20066,Pako Forever,4432,08/12/2023, 07:09:27,844
GEOR20066,Pako Forever,4432,08/12/2023, 08:12:37,844
GEOR20066,Pako Forever,4432,08/12/2023, 09:09:32,844
GEOR20066,Pako Forever,4432,08/12/2023, 10:10:19,844
GEOR20066,Pako Forever,4432,08/12/2023, 11:08:38,844
GEOR20066,Pako Forever,4432,08/12/2023, 12:18:04,844
GEOR20066,Pako Forever,4432,08/12/2023, 13:11:31,844
GEOR20066,Pako Forever,4434,08/12/2023, 14:09:02,844
GEOR20066,Pako Forever,4434,08/12/2023, 15:09:55,844
GEOR20066,Pako Forever,4434,08/12/2023, 16:12:30,844
GEOR20066,Pako Forever,4436,08/12/2023, 17:09:01,844
GEOR20066,Pako Forever,4438,08/12/2023, 18:12:05,844
GEOR20066,Pako Forever,4439,08/12/2023, 19:08:17,844
GEOR20066,Pako Forever,4439,08/12/2023, 20:10:15,844
GEOR20066,Pako Forever,4440,08/12/2023, 21:08:45,844
GEOR20066,Pako Forever,4440,08/12/2023, 22:09:25,844
GEOR20066,Pako Forever,4440,08/12/2023, 23:10:25,844
GEOR20066,Pako Forever,4441,08/13/2023, 00:49:14,844
GEOR20066,Pako Forever,4441,08/13/2023, 01:44:22,844
GEOR20066,Pako Forever,4441,08/13/2023, 02:15:40,844
GEOR20066,Pako Forever,4441,08/13/2023, 03:10:51,844
GEOR20066,Pako Forever,4441,08/13/2023, 04:12:21,844
GEOR20066,Pako Forever,4441,08/13/2023, 05:10:13,844
GEOR20066,Pako Forever,4441,08/13/2023, 06:12:43,844
GEOR20066,Pako Forever,4441,08/13/2023, 07:09:36,844
GEOR20066,Pako Forever,4441,08/13/2023, 08:12:26,844
GEOR20066,Pako Forever,4442,08/13/2023, 09:10:02,844
GEOR20066,Pako Forever,4442,08/13/2023, 10:10:28,844
GEOR20066,Pako Forever,4442,08/13/2023, 11:08:30,844
GEOR20066,Pako Forever,4442,08/13/2023, 12:17:51,844
GEOR20066,Pako Forever,4445,08/13/2023, 13:11:25,844
GEOR20066,Pako Forever,4445,08/13/2023, 14:09:11,844
GEOR20066,Pako Forever,4446,08/13/2023, 15:10:00,844
GEOR20066,Pako Forever,4447,08/13/2023, 16:12:51,844
GEOR20066,Pako Forever,4447,08/13/2023, 17:09:30,844
GEOR20066,Pako Forever,4447,08/13/2023, 18:12:15,844
GEOR20066,Pako Forever,4448,08/13/2023, 19:08:28,844
GEOR20066,Pako Forever,4449,08/13/2023, 20:10:30,844
GEOR20066,Pako Forever,4449,08/13/2023, 21:09:12,844
GEOR20066,Pako Forever,4449,08/13/2023, 22:09:27,844
GEOR20066,Pako Forever,4449,08/13/2023, 23:10:18,844
GEOR20066,Pako Forever,4450,08/14/2023, 00:47:29,844
GEOR20066,Pako Forever,4451,08/14/2023, 01:43:12,844
GEOR20066,Pako Forever,4451,08/14/2023, 02:16:15,844
GEOR20066,Pako Forever,4451,08/14/2023, 03:11:40,844
GEOR20066,Pako Forever,4451,08/14/2023, 04:13:02,844
GEOR20066,Pako Forever,4451,08/14/2023, 05:10:51,844
GEOR20066,Pako Forever,4451,08/14/2023, 06:14:43,844
GEOR20066,Pako Forever,4452,08/14/2023, 07:10:40,844
GEOR20066,Pako Forever,4452,08/14/2023, 08:14:07,844
GEOR20066,Pako Forever,4452,08/14/2023, 09:11:29,844
GEOR20066,Pako Forever,4452,08/14/2023, 10:11:43,844
GEOR20066,Pako Forever,4452,08/14/2023, 11:09:32,844
GEOR20066,Pako Forever,4452,08/14/2023, 12:20:16,844
GEOR20066,Pako Forever,4452,08/14/2023, 13:13:46,844
GEOR20066,Pako Forever,4452,08/14/2023, 14:10:20,844
GEOR20066,Pako Forever,4452,08/14/2023, 15:10:44,844
GEOR20066,Pako Forever,4452,08/14/2023, 16:12:42,844
GEOR20066,Pako Forever,4453,08/14/2023, 17:09:55,844
GEOR20066,Pako Forever,4453,08/14/2023, 18:13:24,844
GEOR20066,Pako Forever,4453,08/14/2023, 19:09:01,844
GEOR20066,Pako Forever,4454,08/14/2023, 20:11:57,844
GEOR20066,Pako Forever,4454,08/14/2023, 21:10:05,844
GEOR20066,Pako Forever,4456,08/14/2023, 22:10:27,844
GEOR20066,Pako Forever,4457,08/14/2023, 23:10:23,844
GEOR20066,Pako Forever,4457,08/15/2023, 00:46:35,844
GEOR20066,Pako Forever,4457,08/15/2023, 01:42:25,844
GEOR20066,Pako Forever,4457,08/15/2023, 02:15:30,844
GEOR20066,Pako Forever,4459,08/15/2023, 03:11:39,844
GEOR20066,Pako Forever,4459,08/15/2023, 04:13:04,844
GEOR20066,Pako Forever,4460,08/15/2023, 05:10:28,844
GEOR20066,Pako Forever,4461,08/15/2023, 06:14:03,844
GEOR20066,Pako Forever,4461,08/15/2023, 07:10:30,844
GEOR20066,Pako Forever,4461,08/15/2023, 08:14:08,844
GEOR20066,Pako Forever,4461,08/15/2023, 09:11:20,844
GEOR20066,Pako Forever,4461,08/15/2023, 10:11:20,844
GEOR20066,Pako Forever,4462,08/15/2023, 11:09:05,844
GEOR20066,Pako Forever,4462,08/15/2023, 12:19:40,844
GEOR20066,Pako Forever,4462,08/15/2023, 13:12:49,844
GEOR20066,Pako Forever,4462,08/15/2023, 14:09:56,844
GEOR20066,Pako Forever,4462,08/15/2023, 15:11:11,844
GEOR20066,Pako Forever,4462,08/15/2023, 16:14:04,844
GEOR20066,Pako Forever,4462,08/15/2023, 17:10:03,844
GEOR20066,Pako Forever,4463,08/15/2023, 18:13:10,844
GEOR20066,Pako Forever,4463,08/15/2023, 19:08:56,844
GEOR20066,Pako Forever,4463,08/15/2023, 20:11:43,844
GEOR20066,Pako Forever,4464,08/15/2023, 21:09:51,844
GEOR20066,Pako Forever,4465,08/15/2023, 22:10:14,844
GEOR20066,Pako Forever,4466,08/15/2023, 23:10:23,844
GEOR20066,Pako Forever,4469,08/16/2023, 00:46:10,844
GEOR20066,Pako Forever,4469,08/16/2023, 01:41:58,844
GEOR20066,Pako Forever,4469,08/16/2023, 02:15:40,844
GEOR20066,Pako Forever,4469,08/16/2023, 03:11:55,844
GEOR20066,Pako Forever,4469,08/16/2023, 04:13:11,844
GEOR20066,Pako Forever,4470,08/16/2023, 05:10:45,844
GEOR20066,Pako Forever,4470,08/16/2023, 06:14:17,844
GEOR20066,Pako Forever,4470,08/16/2023, 07:10:30,844
GEOR20066,Pako Forever,4471,08/16/2023, 08:14:10,844
GEOR20066,Pako Forever,4471,08/16/2023, 09:11:02,844
GEOR20066,Pako Forever,4471,08/16/2023, 10:11:35,844
GEOR20066,Pako Forever,4471,08/16/2023, 11:09:36,844
GEOR20066,Pako Forever,4472,08/16/2023, 12:19:43,844
GEOR20066,Pako Forever,4472,08/16/2023, 13:13:29,844
GEOR20066,Pako Forever,4473,08/16/2023, 14:10:08,844
GEOR20066,Pako Forever,4473,08/16/2023, 15:11:21,844
GEOR20066,Pako Forever,4473,08/16/2023, 16:14:04,844
GEOR20066,Pako Forever,4473,08/16/2023, 17:09:47,844
GEOR20066,Pako Forever,4473,08/16/2023, 18:13:10,844
GEOR20066,Pako Forever,4473,08/16/2023, 19:09:02,844
GEOR20066,Pako Forever,4473,08/16/2023, 20:11:35,844
GEOR20066,Pako Forever,4473,08/16/2023, 21:09:38,844
GEOR20066,Pako Forever,4473,08/16/2023, 22:10:41,844
GEOR20066,Pako Forever,4473,08/16/2023, 23:10:38,844
GEOR20066,Pako Forever,4473,08/17/2023, 00:45:20,844
GEOR20066,Pako Forever,4474,08/17/2023, 01:40:22,844
GEOR20066,Pako Forever,4474,08/17/2023, 02:14:27,844
GEOR20066,Pako Forever,4474,08/17/2023, 03:11:21,844
GEOR20066,Pako Forever,4475,08/17/2023, 04:12:56,844
GEOR20066,Pako Forever,4475,08/17/2023, 05:10:21,844
GEOR20066,Pako Forever,4476,08/17/2023, 06:14:10,844
GEOR20066,Pako Forever,4476,08/17/2023, 07:10:31,844
GEOR20066,Pako Forever,4476,08/17/2023, 08:14:05,844
GEOR20066,Pako Forever,4476,08/17/2023, 09:10:49,844
GEOR20066,Pako Forever,4476,08/17/2023, 10:11:19,844
GEOR20066,Pako Forever,4476,08/17/2023, 11:09:29,844
GEOR20066,Pako Forever,4476,08/17/2023, 12:19:23,844
GEOR20066,Pako Forever,4476,08/17/2023, 13:12:33,844
GEOR20066,Pako Forever,4476,08/17/2023, 14:10:12,844
GEOR20066,Pako Forever,4476,08/17/2023, 15:10:51,844
GEOR20066,Pako Forever,4476,08/17/2023, 16:14:03,844
GEOR20066,Pako Forever,4476,08/17/2023, 17:09:50,844
GEOR20066,Pako Forever,4476,08/17/2023, 18:13:40,844
GEOR20066,Pako Forever,4477,08/17/2023, 19:09:01,844
GEOR20066,Pako Forever,4478,08/17/2023, 20:11:45,844
GEOR20066,Pako Forever,4479,08/17/2023, 21:09:36,844
GEOR20066,Pako Forever,4479,08/17/2023, 22:10:20,844
GEOR20066,Pako Forever,4479,08/17/2023, 23:11:01,844
GEOR20066,Pako Forever,4480,08/18/2023, 00:45:59,844
GEOR20066,Pako Forever,4480,08/18/2023, 01:41:32,844
GEOR20066,Pako Forever,4480,08/18/2023, 02:15:27,844
GEOR20066,Pako Forever,4480,08/18/2023, 03:11:35,844
GEOR20066,Pako Forever,4480,08/18/2023, 04:13:17,844
GEOR20066,Pako Forever,4480,08/18/2023, 05:10:29,844
GEOR20066,Pako Forever,4480,08/18/2023, 06:13:55,844
GEOR20066,Pako Forever,4480,08/18/2023, 07:10:14,844
GEOR20066,Pako Forever,4480,08/18/2023, 08:13:53,844
GEOR20066,Pako Forever,4480,08/18/2023, 09:10:43,844
GEOR20066,Pako Forever,4480,08/18/2023, 10:11:37,844
GEOR20066,Pako Forever,4480,08/18/2023, 11:09:22,844
GEOR20066,Pako Forever,4480,08/18/2023, 12:19:33,844
GEOR20066,Pako Forever,4480,08/18/2023, 13:13:00,844
GEOR20066,Pako Forever,4481,08/18/2023, 14:09:59,844
GEOR20066,Pako Forever,4481,08/18/2023, 15:11:08,844
GEOR20066,Pako Forever,4481,08/18/2023, 16:14:04,844
GEOR20066,Pako Forever,4482,08/18/2023, 17:09:49,844
GEOR20066,Pako Forever,4482,08/18/2023, 18:13:17,844
GEOR20066,Pako Forever,4484,08/18/2023, 19:09:00,844
GEOR20066,Pako Forever,4484,08/18/2023, 20:11:12,844
GEOR20066,Pako Forever,4484,08/18/2023, 21:09:19,844
GEOR20066,Pako Forever,4484,08/18/2023, 22:10:11,844
GEOR20066,Pako Forever,4484,08/18/2023, 23:10:21,844
GEOR20066,Pako Forever,4484,08/19/2023, 00:44:22,844
GEOR20066,Pako Forever,4484,08/19/2023, 01:38:49,844
GEOR20066,Pako Forever,4484,08/19/2023, 02:12:47,844
GEOR20066,Pako Forever,4484,08/19/2023, 03:11:27,844
GEOR20066,Pako Forever,4484,08/19/2023, 04:12:16,844
GEOR20066,Pako Forever,4484,08/19/2023, 05:10:00,844
GEOR20066,Pako Forever,4484,08/19/2023, 06:12:31,844
GEOR20066,Pako Forever,4485,08/19/2023, 07:09:39,844
GEOR20066,Pako Forever,4485,08/19/2023, 08:12:41,844
GEOR20066,Pako Forever,4485,08/19/2023, 09:09:46,844
GEOR20066,Pako Forever,4486,08/19/2023, 10:10:32,844
GEOR20066,Pako Forever,4487,08/19/2023, 11:08:41,844
GEOR20066,Pako Forever,4488,08/19/2023, 12:17:30,844
GEOR20066,Pako Forever,4488,08/19/2023, 13:11:50,844
GEOR20066,Pako Forever,4488,08/19/2023, 14:09:01,844
GEOR20066,Pako Forever,4489,08/19/2023, 15:10:01,844
GEOR20066,Pako Forever,4490,08/19/2023, 16:12:30,844
GEOR20066,Pako Forever,4490,08/19/2023, 17:09:11,844
GEOR20066,Pako Forever,4490,08/19/2023, 18:12:14,844
GEOR20066,Pako Forever,4490,08/19/2023, 19:08:15,844
GEOR20066,Pako Forever,4490,08/19/2023, 20:10:29,844
GEOR20066,Pako Forever,4490,08/19/2023, 21:09:07,844
GEOR20066,Pako Forever,4491,08/19/2023, 22:09:17,844
GEOR20066,Pako Forever,4491,08/19/2023, 23:10:16,844
GEOR20066,Pako Forever,4491,08/20/2023, 01:43:43,844
GEOR20066,Pako Forever,4491,08/20/2023, 02:15:19,844
GEOR20066,Pako Forever,4491,08/20/2023, 03:11:01,844
GEOR20066,Pako Forever,4491,08/20/2023, 04:12:34,844
GEOR20066,Pako Forever,4492,08/20/2023, 05:09:55,844
GEOR20066,Pako Forever,4492,08/20/2023, 06:13:07,844
GEOR20066,Pako Forever,4492,08/20/2023, 07:09:24,844
GEOR20066,Pako Forever,4492,08/20/2023, 08:12:45,844
GEOR20066,Pako Forever,4492,08/20/2023, 10:10:19,844
GEOR20066,Pako Forever,4492,08/20/2023, 11:08:39,844
GEOR20066,Pako Forever,4493,08/20/2023, 12:17:34,844
GEOR20066,Pako Forever,4493,08/20/2023, 13:11:30,844
GEOR20066,Pako Forever,4493,08/20/2023, 14:09:06,844
GEOR20066,Pako Forever,4494,08/20/2023, 15:10:00,844
GEOR20066,Pako Forever,4494,08/20/2023, 16:12:40,844
GEOR20066,Pako Forever,4494,08/20/2023, 17:08:59,844
GEOR20066,Pako Forever,4494,08/20/2023, 18:12:12,844
GEOR20066,Pako Forever,4494,08/20/2023, 19:09:32,844
GEOR20066,Pako Forever,4494,08/20/2023, 20:10:41,844
GEOR20066,Pako Forever,4494,08/20/2023, 21:09:16,844
GEOR20066,Pako Forever,4495,08/20/2023, 22:09:40,844
GEOR20066,Pako Forever,4495,08/20/2023, 23:10:19,844
GEOR20066,Pako Forever,4495,08/21/2023, 00:46:45,844
GEOR20066,Pako Forever,4495,08/21/2023, 01:42:16,844
GEOR20066,Pako Forever,4495,08/21/2023, 02:15:27,844
GEOR20066,Pako Forever,4495,08/21/2023, 03:11:46,844
GEOR20066,Pako Forever,4495,08/21/2023, 04:13:16,844
GEOR20066,Pako Forever,4495,08/21/2023, 05:10:51,844
GEOR20066,Pako Forever,4495,08/21/2023, 06:14:37,844
GEOR20066,Pako Forever,4495,08/21/2023, 07:10:40,844
GEOR20066,Pako Forever,4495,08/21/2023, 08:14:17,844
GEOR20066,Pako Forever,4495,08/21/2023, 09:11:35,844
GEOR20066,Pako Forever,4495,08/21/2023, 10:11:47,844
GEOR20066,Pako Forever,4495,08/21/2023, 11:09:28,844
GEOR20066,Pako Forever,4495,08/21/2023, 12:20:18,844
GEOR20066,Pako Forever,4495,08/21/2023, 13:14:15,844
GEOR20066,Pako Forever,4495,08/21/2023, 14:10:50,844
GEOR20066,Pako Forever,4495,08/21/2023, 15:11:24,844
GEOR20066,Pako Forever,4495,08/21/2023, 16:14:04,844
GEOR20066,Pako Forever,4495,08/21/2023, 17:10:24,844
GEOR20066,Pako Forever,4496,08/21/2023, 18:12:32,844
GEOR20066,Pako Forever,4496,08/21/2023, 19:09:00,844
GEOR20066,Pako Forever,4496,08/21/2023, 20:11:33,844
GEOR20066,Pako Forever,4496,08/21/2023, 21:09:51,844
GEOR20066,Pako Forever,4496,08/21/2023, 22:10:20,844
GEOR20066,Pako Forever,4496,08/21/2023, 23:10:36,844
GEOR20066,Pako Forever,4496,08/22/2023, 00:47:32,844
GEOR20066,Pako Forever,4496,08/22/2023, 01:43:25,844
GEOR20066,Pako Forever,4496,08/22/2023, 02:16:07,844
GEOR20066,Pako Forever,4496,08/22/2023, 03:11:42,844
GEOR20066,Pako Forever,4496,08/22/2023, 04:12:59,844
GEOR20066,Pako Forever,4496,08/22/2023, 05:10:37,844
GEOR20066,Pako Forever,4497,08/22/2023, 06:14:02,844
GEOR20066,Pako Forever,4497,08/22/2023, 07:10:39,844
GEOR20066,Pako Forever,4498,08/22/2023, 08:14:18,844
GEOR20066,Pako Forever,4499,08/22/2023, 09:11:29,844
GEOR20066,Pako Forever,4500,08/22/2023, 10:11:54,844
GEOR20066,Pako Forever,4500,08/22/2023, 11:09:37,844
GEOR20066,Pako Forever,4500,08/22/2023, 12:20:09,844
GEOR20066,Pako Forever,4500,08/22/2023, 13:13:31,844
GEOR20066,Pako Forever,4500,08/22/2023, 14:10:22,844
GEOR20066,Pako Forever,4501,08/22/2023, 15:11:37,844
GEOR20066,Pako Forever,4501,08/22/2023, 16:13:55,844
GEOR20066,Pako Forever,4501,08/22/2023, 17:10:14,844
GEOR20066,Pako Forever,4502,08/22/2023, 18:13:44,844
GEOR20066,Pako Forever,4503,08/22/2023, 19:09:10,844
GEOR20066,Pako Forever,4503,08/22/2023, 20:11:38,844
GEOR20066,Pako Forever,4503,08/22/2023, 21:09:41,844
GEOR20066,Pako Forever,4503,08/22/2023, 22:10:21,844
GEOR20066,Pako Forever,4503,08/22/2023, 23:10:31,844
GEOR20066,Pako Forever,4505,08/23/2023, 00:46:45,844
GEOR20066,Pako Forever,4505,08/23/2023, 01:42:11,844
GEOR20066,Pako Forever,4505,08/23/2023, 02:15:18,844
GEOR20066,Pako Forever,4505,08/23/2023, 03:11:44,844
GEOR20066,Pako Forever,4505,08/23/2023, 04:12:39,844
GEOR20066,Pako Forever,4505,08/23/2023, 05:10:17,844
GEOR20066,Pako Forever,4505,08/23/2023, 06:14:31,844
GEOR20066,Pako Forever,4506,08/23/2023, 07:10:29,844
GEOR20066,Pako Forever,4507,08/23/2023, 08:14:02,844
GEOR20066,Pako Forever,4507,08/23/2023, 09:11:20,844
GEOR20066,Pako Forever,4507,08/23/2023, 10:11:46,844
GEOR20066,Pako Forever,4507,08/23/2023, 11:09:34,844
GEOR20066,Pako Forever,4508,08/23/2023, 12:20:18,844
GEOR20066,Pako Forever,4509,08/23/2023, 13:13:30,844
GEOR20066,Pako Forever,4509,08/23/2023, 14:10:19,844
GEOR20066,Pako Forever,4509,08/23/2023, 15:11:36,844
GEOR20066,Pako Forever,4509,08/23/2023, 16:14:01,844
GEOR20066,Pako Forever,4509,08/23/2023, 17:09:27,844
GEOR20066,Pako Forever,4509,08/23/2023, 18:11:50,844
GEOR20066,Pako Forever,4510,08/23/2023, 19:09:06,844
GEOR20066,Pako Forever,4510,08/23/2023, 20:11:16,844
GEOR20066,Pako Forever,4510,08/23/2023, 21:09:51,844
GEOR20066,Pako Forever,4512,08/23/2023, 22:10:10,844
GEOR20066,Pako Forever,4512,08/23/2023, 23:10:42,844
GEOR20066,Pako Forever,4512,08/24/2023, 00:46:41,844
GEOR20066,Pako Forever,4512,08/24/2023, 01:42:08,844
GEOR20066,Pako Forever,4512,08/24/2023, 02:16:00,844
GEOR20066,Pako Forever,4512,08/24/2023, 03:11:45,844
GEOR20066,Pako Forever,4512,08/24/2023, 04:12:43,844
GEOR20066,Pako Forever,4513,08/24/2023, 05:10:32,844
GEOR20066,Pako Forever,4513,08/24/2023, 06:14:26,844
GEOR20066,Pako Forever,4514,08/24/2023, 07:10:29,844
GEOR20066,Pako Forever,4515,08/24/2023, 08:14:07,844
GEOR20066,Pako Forever,4515,08/24/2023, 09:11:06,844
GEOR20066,Pako Forever,4515,08/24/2023, 10:11:43,844
GEOR20066,Pako Forever,4515,08/24/2023, 11:09:40,844
GEOR20066,Pako Forever,4515,08/24/2023, 12:20:05,844
GEOR20066,Pako Forever,4515,08/24/2023, 13:13:55,844
GEOR20066,Pako Forever,4516,08/24/2023, 14:10:18,844
GEOR20066,Pako Forever,4516,08/24/2023, 15:11:35,844
GEOR20066,Pako Forever,4516,08/24/2023, 16:14:16,844
GEOR20066,Pako Forever,4516,08/24/2023, 17:10:15,844
GEOR20066,Pako Forever,4516,08/24/2023, 18:13:36,844
GEOR20066,Pako Forever,4516,08/24/2023, 19:09:05,844
GEOR20066,Pako Forever,4516,08/24/2023, 20:11:44,844
GEOR20066,Pako Forever,4517,08/24/2023, 21:09:47,844
GEOR20066,Pako Forever,4517,08/24/2023, 22:10:26,844
GEOR20066,Pako Forever,4517,08/24/2023, 23:10:50,844
GEOR20066,Pako Forever,4517,08/25/2023, 00:47:45,844
GEOR20066,Pako Forever,4517,08/25/2023, 01:44:16,844
GEOR20066,Pako Forever,4517,08/25/2023, 02:17:31,844
GEOR20066,Pako Forever,4517,08/25/2023, 03:11:51,844
GEOR20066,Pako Forever,4517,08/25/2023, 04:13:02,844
GEOR20066,Pako Forever,4517,08/25/2023, 05:10:23,844
GEOR20066,Pako Forever,4517,08/25/2023, 06:14:29,844
GEOR20066,Pako Forever,4517,08/25/2023, 07:10:31,844
GEOR20066,Pako Forever,4517,08/25/2023, 08:14:09,844
GEOR20066,Pako Forever,4518,08/25/2023, 09:10:47,844
GEOR20066,Pako Forever,4519,08/25/2023, 10:11:38,844
GEOR20066,Pako Forever,4519,08/25/2023, 11:09:28,844
GEOR20066,Pako Forever,4519,08/25/2023, 12:19:52,844
GEOR20066,Pako Forever,4519,08/25/2023, 13:13:27,844
GEOR20066,Pako Forever,4519,08/25/2023, 14:10:14,844
GEOR20066,Pako Forever,4519,08/25/2023, 15:11:21,844
GEOR20066,Pako Forever,4519,08/25/2023, 16:13:57,844
GEOR20066,Pako Forever,4519,08/25/2023, 17:09:58,844
GEOR20066,Pako Forever,4519,08/25/2023, 18:13:33,844
GEOR20066,Pako Forever,4519,08/25/2023, 19:08:53,844
GEOR20066,Pako Forever,4519,08/25/2023, 20:11:29,844
GEOR20066,Pako Forever,4519,08/25/2023, 21:09:31,844
GEOR20066,Pako Forever,4519,08/25/2023, 22:10:36,844
GEOR20066,Pako Forever,4520,08/25/2023, 23:11:29,844
GEOR20066,Pako Forever,4521,08/26/2023, 00:45:09,844
GEOR20066,Pako Forever,4522,08/26/2023, 01:40:38,844
GEOR20066,Pako Forever,4522,08/26/2023, 02:14:12,844
GEOR20066,Pako Forever,4522,08/26/2023, 03:10:52,844
GEOR20066,Pako Forever,4522,08/26/2023, 04:12:21,844
GEOR20066,Pako Forever,4522,08/26/2023, 05:10:11,844
GEOR20066,Pako Forever,4522,08/26/2023, 06:13:34,844
GEOR20066,Pako Forever,4522,08/26/2023, 07:09:27,844
GEOR20066,Pako Forever,4522,08/26/2023, 08:12:27,844
GEOR20066,Pako Forever,4522,08/26/2023, 09:09:57,844
GEOR20066,Pako Forever,4523,08/26/2023, 10:11:08,844
GEOR20066,Pako Forever,4524,08/26/2023, 11:08:32,844
GEOR20066,Pako Forever,4524,08/26/2023, 12:17:48,844
GEOR20066,Pako Forever,4525,08/26/2023, 13:11:36,844
GEOR20066,Pako Forever,4525,08/26/2023, 14:09:20,844
GEOR20066,Pako Forever,4525,08/26/2023, 15:10:12,844
GEOR20066,Pako Forever,4525,08/26/2023, 16:12:39,844
GEOR20066,Pako Forever,4525,08/26/2023, 17:09:17,844
GEOR20066,Pako Forever,4525,08/26/2023, 18:12:45,844
GEOR20066,Pako Forever,4525,08/26/2023, 19:08:37,844
GEOR20066,Pako Forever,4525,08/26/2023, 20:10:31,844
GEOR20066,Pako Forever,4526,08/26/2023, 21:09:20,844
GEOR20066,Pako Forever,4526,08/26/2023, 22:09:34,844
GEOR20066,Pako Forever,4527,08/26/2023, 23:10:33,844
GEOR20066,Pako Forever,4529,08/27/2023, 00:50:40,844
GEOR20066,Pako Forever,4529,08/27/2023, 01:47:16,844
GEOR20066,Pako Forever,4529,08/27/2023, 02:17:31,844
GEOR20066,Pako Forever,4531,08/27/2023, 03:11:16,844
GEOR20066,Pako Forever,4531,08/27/2023, 04:12:32,844
GEOR20066,Pako Forever,4531,08/27/2023, 05:10:05,844
GEOR20066,Pako Forever,4531,08/27/2023, 06:13:37,844
GEOR20066,Pako Forever,4531,08/27/2023, 07:09:39,844
GEOR20066,Pako Forever,4531,08/27/2023, 08:12:56,844
GEOR20066,Pako Forever,4531,08/27/2023, 09:10:23,844
GEOR20066,Pako Forever,4532,08/27/2023, 10:10:36,844
GEOR20066,Pako Forever,4532,08/27/2023, 11:08:37,844
GEOR20066,Pako Forever,4532,08/27/2023, 12:18:24,844
GEOR20066,Pako Forever,4533,08/27/2023, 13:11:24,844
GEOR20066,Pako Forever,4533,08/27/2023, 14:09:21,844
GEOR20066,Pako Forever,4534,08/27/2023, 15:09:57,844
GEOR20066,Pako Forever,4534,08/27/2023, 16:12:37,844
GEOR20066,Pako Forever,4534,08/27/2023, 17:09:15,844
GEOR20066,Pako Forever,4536,08/27/2023, 18:12:30,844
GEOR20066,Pako Forever,4536,08/27/2023, 19:08:30,844
GEOR20066,Pako Forever,4537,08/27/2023, 20:10:45,844
GEOR20066,Pako Forever,4538,08/27/2023, 21:09:01,844
GEOR20066,Pako Forever,4538,08/27/2023, 22:09:48,844
GEOR20066,Pako Forever,4538,08/27/2023, 23:10:25,844
GEOR20066,Pako Forever,4539,08/28/2023, 00:48:31,844
GEOR20066,Pako Forever,4539,08/28/2023, 01:44:29,844
GEOR20066,Pako Forever,4539,08/28/2023, 02:17:27,844
GEOR20066,Pako Forever,4539,08/28/2023, 03:12:01,844
GEOR20066,Pako Forever,4541,08/28/2023, 04:13:25,844
GEOR20066,Pako Forever,4541,08/28/2023, 05:11:09,844
GEOR20066,Pako Forever,4541,08/28/2023, 06:14:46,844
GEOR20066,Pako Forever,4541,08/28/2023, 07:11:07,844
GEOR20066,Pako Forever,4542,08/28/2023, 08:15:07,844
GEOR20066,Pako Forever,4542,08/28/2023, 09:11:49,844
GEOR20066,Pako Forever,4542,08/28/2023, 10:12:31,844
GEOR20066,Pako Forever,4542,08/28/2023, 11:09:35,844
GEOR20066,Pako Forever,4542,08/28/2023, 12:20:53,844
GEOR20066,Pako Forever,4543,08/28/2023, 13:14:08,844
GEOR20066,Pako Forever,4543,08/28/2023, 14:09:57,844
GEOR20066,Pako Forever,4543,08/28/2023, 15:11:52,844
GEOR20066,Pako Forever,4543,08/28/2023, 16:14:17,844
GEOR20066,Pako Forever,4545,08/28/2023, 17:10:15,844
GEOR20066,Pako Forever,4545,08/28/2023, 18:13:55,844
GEOR20066,Pako Forever,4545,08/28/2023, 19:09:12,844
GEOR20066,Pako Forever,4545,08/28/2023, 20:11:42,844
GEOR20066,Pako Forever,4545,08/28/2023, 21:09:46,844
GEOR20066,Pako Forever,4545,08/28/2023, 22:10:27,844
GEOR20066,Pako Forever,4545,08/28/2023, 23:10:42,844
GEOR20066,Pako Forever,4548,08/29/2023, 00:48:00,844
GEOR20066,Pako Forever,4548,08/29/2023, 01:44:25,844
GEOR20066,Pako Forever,4548,08/29/2023, 02:46:51,844
GEOR20066,Pako Forever,4548,08/29/2023, 03:12:36,844
GEOR20066,Pako Forever,4548,08/29/2023, 04:12:59,844
GEOR20066,Pako Forever,4548,08/29/2023, 05:11:11,844
GEOR20066,Pako Forever,4548,08/29/2023, 06:14:40,844
GEOR20066,Pako Forever,4548,08/29/2023, 07:10:34,844
GEOR20066,Pako Forever,4548,08/29/2023, 08:14:39,844
GEOR20066,Pako Forever,4549,08/29/2023, 09:11:43,844
GEOR20066,Pako Forever,4549,08/29/2023, 10:11:50,844
GEOR20066,Pako Forever,4549,08/29/2023, 11:09:41,844
GEOR20066,Pako Forever,4549,08/29/2023, 12:20:46,844
GEOR20066,Pako Forever,4550,08/29/2023, 13:14:31,844
GEOR20066,Pako Forever,4551,08/29/2023, 14:10:47,844
GEOR20066,Pako Forever,4551,08/29/2023, 15:11:41,844
GEOR20066,Pako Forever,4551,08/29/2023, 16:14:16,844
GEOR20066,Pako Forever,4553,08/29/2023, 17:10:26,844
GEOR20066,Pako Forever,4554,08/29/2023, 18:14:04,844
GEOR20066,Pako Forever,4557,08/29/2023, 19:09:13,844
GEOR20066,Pako Forever,4557,08/29/2023, 20:12:07,844
GEOR20066,Pako Forever,4557,08/29/2023, 21:10:01,844
GEOR20066,Pako Forever,4558,08/29/2023, 22:10:20,844
GEOR20066,Pako Forever,4559,08/29/2023, 23:09:41,844
GEOR20066,Pako Forever,4559,08/30/2023, 00:47:48,844
GEOR20066,Pako Forever,4559,08/30/2023, 01:44:05,844
GEOR20066,Pako Forever,4559,08/30/2023, 02:16:44,844
GEOR20066,Pako Forever,4559,08/30/2023, 03:11:49,844
GEOR20066,Pako Forever,4559,08/30/2023, 04:13:09,844
GEOR20066,Pako Forever,4559,08/30/2023, 05:10:57,844
GEOR20066,Pako Forever,4559,08/30/2023, 06:14:31,844
GEOR20066,Pako Forever,4560,08/30/2023, 07:10:45,844
GEOR20066,Pako Forever,4560,08/30/2023, 08:14:22,844
GEOR20066,Pako Forever,4560,08/30/2023, 09:11:26,844
GEOR20066,Pako Forever,4560,08/30/2023, 10:11:57,844
GEOR20066,Pako Forever,4560,08/30/2023, 11:09:46,844
GEOR20066,Pako Forever,4560,08/30/2023, 12:20:32,844
GEOR20066,Pako Forever,4560,08/30/2023, 13:14:02,844
GEOR20066,Pako Forever,4560,08/30/2023, 14:10:21,844
GEOR20066,Pako Forever,4560,08/30/2023, 15:11:54,844
GEOR20066,Pako Forever,4560,08/30/2023, 16:14:11,844
GEOR20066,Pako Forever,4560,08/30/2023, 17:10:16,844
GEOR20066,Pako Forever,4561,08/30/2023, 18:14:05,844
GEOR20066,Pako Forever,4562,08/30/2023, 19:09:10,844
GEOR20066,Pako Forever,4562,08/30/2023, 20:12:06,844
GEOR20066,Pako Forever,4564,08/30/2023, 21:11:22,844
GEOR20066,Pako Forever,4564,08/30/2023, 22:10:28,844
GEOR20066,Pako Forever,4564,08/30/2023, 23:10:44,844
GEOR20066,Pako Forever,4564,08/31/2023, 00:48:17,844
GEOR20066,Pako Forever,4565,08/31/2023, 01:44:18,844
GEOR20066,Pako Forever,4565,08/31/2023, 02:17:26,844
GEOR20066,Pako Forever,4565,08/31/2023, 03:11:46,844
GEOR20066,Pako Forever,4565,08/31/2023, 04:13:31,844
GEOR20066,Pako Forever,4565,08/31/2023, 05:10:43,844
GEOR20066,Pako Forever,4565,08/31/2023, 06:14:34,844
GEOR20066,Pako Forever,4566,08/31/2023, 07:10:39,844
GEOR20066,Pako Forever,4566,08/31/2023, 08:14:32,844
GEOR20066,Pako Forever,4566,08/31/2023, 09:11:42,844
GEOR20066,Pako Forever,4566,08/31/2023, 10:11:49,844
GEOR20066,Pako Forever,4566,08/31/2023, 11:09:27,844
GEOR20066,Pako Forever,4566,08/31/2023, 12:20:32,844
GEOR20066,Pako Forever,4566,08/31/2023, 13:14:05,844
GEOR20066,Pako Forever,4566,08/31/2023, 14:10:58,844
GEOR20066,Pako Forever,4566,08/31/2023, 15:11:55,844
GEOR20066,Pako Forever,4567,08/31/2023, 16:14:21,844
GEOR20066,Pako Forever,4567,08/31/2023, 17:10:15,844
GEOR20066,Pako Forever,4567,08/31/2023, 18:13:53,844
GEOR20066,Pako Forever,4568,08/31/2023, 19:08:25,844
GEOR20066,Pako Forever,4568,08/31/2023, 20:11:55,844
GEOR20066,Pako Forever,4568,08/31/2023, 21:10:16,844
GEOR20066,Pako Forever,4569,08/31/2023, 22:10:22,844
GEOR20066,Pako Forever,4570,08/31/2023, 23:11:24,844
GEOR20066,Pako Forever,4570,09/01/2023, 00:51:48,844
GEOR20066,Pako Forever,4570,09/01/2023, 01:52:10,844
GEOR20066,Pako Forever,4570,09/01/2023, 02:21:43,844
GEOR20066,Pako Forever,4570,09/01/2023, 03:11:53,844
GEOR20066,Pako Forever,4571,09/01/2023, 04:13:32,844
GEOR20066,Pako Forever,4571,09/01/2023, 05:11:03,844
GEOR20066,Pako Forever,4571,09/01/2023, 06:14:44,844
GEOR20066,Pako Forever,4571,09/01/2023, 07:10:40,844
GEOR20066,Pako Forever,4572,09/01/2023, 08:14:13,844
GEOR20066,Pako Forever,4572,09/01/2023, 09:11:35,844
GEOR20066,Pako Forever,4572,09/01/2023, 10:12:09,844
GEOR20066,Pako Forever,4572,09/01/2023, 11:09:44,844
GEOR20066,Pako Forever,4572,09/01/2023, 12:20:15,844
GEOR20066,Pako Forever,4572,09/01/2023, 13:13:36,844
GEOR20066,Pako Forever,4572,09/01/2023, 14:10:58,844
GEOR20066,Pako Forever,4572,09/01/2023, 15:11:31,844
GEOR20066,Pako Forever,4572,09/01/2023, 16:14:06,844
GEOR20066,Pako Forever,4573,09/01/2023, 17:10:30,844
GEOR20066,Pako Forever,4575,09/01/2023, 18:12:19,844
GEOR20066,Pako Forever,4575,09/01/2023, 19:08:58,844
GEOR20066,Pako Forever,4575,09/01/2023, 20:11:32,844
GEOR20066,Pako Forever,4575,09/01/2023, 21:09:50,844
GEOR20066,Pako Forever,4575,09/01/2023, 22:10:19,844
GEOR20066,Pako Forever,4575,09/01/2023, 23:10:48,844
GEOR20066,Pako Forever,4577,09/02/2023, 00:45:51,844
GEOR20066,Pako Forever,4577,09/02/2023, 01:40:54,844
GEOR20066,Pako Forever,4578,09/02/2023, 02:14:19,844
GEOR20066,Pako Forever,4578,09/02/2023, 03:11:11,844
GEOR20066,Pako Forever,4578,09/02/2023, 04:12:31,844
GEOR20066,Pako Forever,4579,09/02/2023, 05:10:13,844
GEOR20066,Pako Forever,4579,09/02/2023, 06:13:17,844
GEOR20066,Pako Forever,4579,09/02/2023, 07:09:37,844
GEOR20066,Pako Forever,4579,09/02/2023, 08:12:42,844
GEOR20066,Pako Forever,4579,09/02/2023, 09:10:05,844
GEOR20066,Pako Forever,4579,09/02/2023, 10:10:24,844
GEOR20066,Pako Forever,4579,09/02/2023, 11:08:46,844
GEOR20066,Pako Forever,4579,09/02/2023, 12:18:28,844
GEOR20066,Pako Forever,4579,09/02/2023, 13:11:25,844
GEOR20066,Pako Forever,4582,09/02/2023, 14:09:23,844
GEOR20066,Pako Forever,4582,09/02/2023, 15:10:02,844
GEOR20066,Pako Forever,4582,09/02/2023, 16:12:40,844
GEOR20066,Pako Forever,4582,09/02/2023, 17:09:14,844
GEOR20066,Pako Forever,4582,09/02/2023, 18:12:33,844
GEOR20066,Pako Forever,4583,09/02/2023, 19:08:26,844
GEOR20066,Pako Forever,4583,09/02/2023, 20:10:42,844
GEOR20066,Pako Forever,4583,09/02/2023, 21:09:17,844
GEOR20066,Pako Forever,4583,09/02/2023, 22:09:35,844
GEOR20066,Pako Forever,4583,09/02/2023, 23:10:18,844
GEOR20066,Pako Forever,4583,09/03/2023, 00:51:01,844
GEOR20066,Pako Forever,4584,09/03/2023, 01:48:09,844
GEOR20066,Pako Forever,4584,09/03/2023, 02:18:01,844
GEOR20066,Pako Forever,4584,09/03/2023, 03:11:25,844
GEOR20066,Pako Forever,4584,09/03/2023, 04:12:28,844
GEOR20066,Pako Forever,4584,09/03/2023, 05:10:41,844
GEOR20066,Pako Forever,4584,09/03/2023, 06:13:33,844
GEOR20066,Pako Forever,4584,09/03/2023, 07:09:54,844
GEOR20066,Pako Forever,4584,09/03/2023, 08:12:42,844
GEOR20066,Pako Forever,4584,09/03/2023, 09:10:09,844
GEOR20066,Pako Forever,4584,09/03/2023, 10:10:52,844
GEOR20066,Pako Forever,4585,09/03/2023, 11:08:33,844
GEOR20066,Pako Forever,4586,09/03/2023, 12:18:27,844
GEOR20066,Pako Forever,4586,09/03/2023, 13:11:47,844
GEOR20066,Pako Forever,4587,09/03/2023, 14:09:22,844
GEOR20066,Pako Forever,4591,09/03/2023, 15:10:44,844
GEOR20066,Pako Forever,4591,09/03/2023, 16:12:45,844
GEOR20066,Pako Forever,4591,09/03/2023, 17:10:13,844
GEOR20066,Pako Forever,4591,09/03/2023, 18:12:38,844
GEOR20066,Pako Forever,4591,09/03/2023, 19:08:25,844
GEOR20066,Pako Forever,4591,09/03/2023, 20:10:58,844
GEOR20066,Pako Forever,4592,09/03/2023, 21:09:12,844
GEOR20066,Pako Forever,4592,09/03/2023, 22:10:08,844
GEOR20066,Pako Forever,4593,09/03/2023, 23:10:51,844
GEOR20066,Pako Forever,4593,09/04/2023, 00:48:57,844
GEOR20066,Pako Forever,4595,09/04/2023, 01:45:18,844
GEOR20066,Pako Forever,4595,09/04/2023, 02:18:03,844
GEOR20066,Pako Forever,4596,09/04/2023, 03:11:49,844
GEOR20066,Pako Forever,4596,09/04/2023, 04:13:19,844
GEOR20066,Pako Forever,4596,09/04/2023, 05:11:07,844
GEOR20066,Pako Forever,4596,09/04/2023, 06:15:05,844
GEOR20066,Pako Forever,4596,09/04/2023, 07:11:49,844
GEOR20066,Pako Forever,4596,09/04/2023, 08:14:47,844
GEOR20066,Pako Forever,4596,09/04/2023, 09:12:07,844
GEOR20066,Pako Forever,4596,09/04/2023, 10:12:23,844
GEOR20066,Pako Forever,4596,09/04/2023, 11:09:36,844
GEOR20066,Pako Forever,4596,09/04/2023, 12:20:40,844
GEOR20066,Pako Forever,4596,09/04/2023, 13:14:02,844
GEOR20066,Pako Forever,4596,09/04/2023, 14:10:49,844
GEOR20066,Pako Forever,4597,09/04/2023, 15:11:33,844
GEOR20066,Pako Forever,4597,09/04/2023, 16:13:38,844
GEOR20066,Pako Forever,4597,09/04/2023, 17:10:06,844
GEOR20066,Pako Forever,4597,09/04/2023, 18:13:28,844
GEOR20066,Pako Forever,4598,09/04/2023, 19:08:46,844
GEOR20066,Pako Forever,4598,09/04/2023, 20:11:27,844
GEOR20066,Pako Forever,4598,09/04/2023, 21:09:36,844
GEOR20066,Pako Forever,4598,09/04/2023, 22:10:34,844
GEOR20066,Pako Forever,4598,09/04/2023, 23:11:44,844
GEOR20066,Pako Forever,4598,09/05/2023, 00:47:21,844
GEOR20066,Pako Forever,4599,09/05/2023, 01:42:49,844
GEOR20066,Pako Forever,4600,09/05/2023, 02:16:19,844
GEOR20066,Pako Forever,4600,09/05/2023, 03:12:11,844
GEOR20066,Pako Forever,4601,09/05/2023, 05:11:00,844
GEOR20066,Pako Forever,4601,09/05/2023, 06:14:18,844
GEOR20066,Pako Forever,4601,09/05/2023, 07:10:31,844
GEOR20066,Pako Forever,4601,09/05/2023, 08:14:34,844
GEOR20066,Pako Forever,4602,09/05/2023, 09:11:42,844
GEOR20066,Pako Forever,4602,09/05/2023, 10:11:56,844
GEOR20066,Pako Forever,4602,09/05/2023, 11:09:55,844
GEOR20066,Pako Forever,4602,09/05/2023, 12:20:37,844
GEOR20066,Pako Forever,4602,09/05/2023, 13:14:21,844
GEOR20066,Pako Forever,4602,09/05/2023, 14:10:52,844
GEOR20066,Pako Forever,4603,09/05/2023, 15:11:47,844
GEOR20066,Pako Forever,4603,09/05/2023, 16:14:26,844
GEOR20066,Pako Forever,4603,09/05/2023, 17:10:18,844
GEOR20066,Pako Forever,4603,09/05/2023, 18:13:57,844
GEOR20066,Pako Forever,4603,09/05/2023, 19:09:15,844
GEOR20066,Pako Forever,4603,09/05/2023, 20:11:50,844
GEOR20066,Pako Forever,4603,09/05/2023, 21:10:02,844
GEOR20066,Pako Forever,4604,09/05/2023, 22:10:30,844
GEOR20066,Pako Forever,4604,09/05/2023, 23:11:01,844
GEOR20066,Pako Forever,4605,09/06/2023, 00:48:09,844
GEOR20066,Pako Forever,4605,09/06/2023, 01:44:11,844
GEOR20066,Pako Forever,4605,09/06/2023, 02:17:10,844
GEOR20066,Pako Forever,4605,09/06/2023, 03:11:51,844
GEOR20066,Pako Forever,4605,09/06/2023, 04:13:43,844
GEOR20066,Pako Forever,4605,09/06/2023, 05:10:55,844
GEOR20066,Pako Forever,4605,09/06/2023, 06:14:42,844
GEOR20066,Pako Forever,4605,09/06/2023, 07:10:41,844
GEOR20066,Pako Forever,4605,09/06/2023, 08:14:23,844
GEOR20066,Pako Forever,4605,09/06/2023, 09:11:31,844
GEOR20066,Pako Forever,4605,09/06/2023, 10:11:46,844
GEOR20066,Pako Forever,4605,09/06/2023, 11:09:45,844
GEOR20066,Pako Forever,4605,09/06/2023, 12:20:46,844
GEOR20066,Pako Forever,4605,09/06/2023, 13:14:38,844
GEOR20066,Pako Forever,4605,09/06/2023, 14:10:53,844
GEOR20066,Pako Forever,4605,09/06/2023, 15:12:38,844
GEOR20066,Pako Forever,4605,09/06/2023, 16:14:33,844
GEOR20066,Pako Forever,4605,09/06/2023, 17:10:17,844
GEOR20066,Pako Forever,4605,09/06/2023, 18:14:05,844
GEOR20066,Pako Forever,4606,09/06/2023, 19:09:20,844
GEOR20066,Pako Forever,4606,09/06/2023, 20:11:43,844
GEOR20066,Pako Forever,4606,09/06/2023, 21:09:53,844
GEOR20066,Pako Forever,4606,09/06/2023, 22:10:15,844
GEOR20066,Pako Forever,4606,09/06/2023, 23:10:41,844
GEOR20066,Pako Forever,4606,09/07/2023, 00:47:23,844
GEOR20066,Pako Forever,4606,09/07/2023, 01:44:13,844
GEOR20066,Pako Forever,4606,09/07/2023, 02:17:09,844
GEOR20066,Pako Forever,4609,09/07/2023, 03:11:39,844
GEOR20066,Pako Forever,4609,09/07/2023, 04:13:33,844
GEOR20066,Pako Forever,4609,09/07/2023, 05:10:56,844
GEOR20066,Pako Forever,4609,09/07/2023, 06:14:19,844
GEOR20066,Pako Forever,4609,09/07/2023, 07:10:28,844
GEOR20066,Pako Forever,4609,09/07/2023, 08:14:25,844
GEOR20066,Pako Forever,4609,09/07/2023, 09:11:42,844
GEOR20066,Pako Forever,4609,09/07/2023, 10:11:58,844
GEOR20066,Pako Forever,4609,09/07/2023, 11:09:44,844
GEOR20066,Pako Forever,4609,09/07/2023, 12:20:36,844
GEOR20066,Pako Forever,4609,09/07/2023, 13:13:57,844
GEOR20066,Pako Forever,4609,09/07/2023, 14:10:42,844
GEOR20066,Pako Forever,4609,09/07/2023, 15:11:44,844
GEOR20066,Pako Forever,4609,09/07/2023, 16:14:36,844
GEOR20066,Pako Forever,4609,09/07/2023, 17:10:14,844
GEOR20066,Pako Forever,4609,09/07/2023, 18:13:59,844
GEOR20066,Pako Forever,4610,09/07/2023, 19:09:18,844
GEOR20066,Pako Forever,4610,09/07/2023, 20:11:39,844
GEOR20066,Pako Forever,4611,09/07/2023, 21:10:11,844
GEOR20066,Pako Forever,4611,09/07/2023, 22:10:37,844
GEOR20066,Pako Forever,4612,09/07/2023, 23:11:27,844
GEOR20066,Pako Forever,4613,09/08/2023, 00:47:42,844
GEOR20066,Pako Forever,4613,09/08/2023, 01:44:37,844
GEOR20066,Pako Forever,4613,09/08/2023, 02:17:33,844
GEOR20066,Pako Forever,4613,09/08/2023, 03:11:33,844
GEOR20066,Pako Forever,4613,09/08/2023, 04:13:27,844
GEOR20066,Pako Forever,4613,09/08/2023, 05:10:54,844
GEOR20066,Pako Forever,4613,09/08/2023, 06:14:33,844
GEOR20066,Pako Forever,4613,09/08/2023, 07:11:01,844
GEOR20066,Pako Forever,4613,09/08/2023, 08:14:02,844
GEOR20066,Pako Forever,4613,09/08/2023, 09:11:14,844
GEOR20066,Pako Forever,4613,09/08/2023, 10:11:47,844
GEOR20066,Pako Forever,4613,09/08/2023, 11:09:44,844
GEOR20066,Pako Forever,4613,09/08/2023, 12:20:13,844
GEOR20066,Pako Forever,4614,09/08/2023, 13:13:52,844
GEOR20066,Pako Forever,4614,09/08/2023, 14:10:20,844
GEOR20066,Pako Forever,4614,09/08/2023, 15:09:55,844
GEOR20066,Pako Forever,4614,09/08/2023, 16:13:57,844
GEOR20066,Pako Forever,4614,09/08/2023, 17:10:02,844
GEOR20066,Pako Forever,4614,09/08/2023, 18:13:57,844
GEOR20066,Pako Forever,4614,09/08/2023, 19:09:03,844
GEOR20066,Pako Forever,4614,09/08/2023, 20:11:40,844
GEOR20066,Pako Forever,4616,09/08/2023, 21:09:39,844
GEOR20066,Pako Forever,4616,09/08/2023, 22:10:35,844
GEOR20066,Pako Forever,4616,09/08/2023, 23:10:51,844
GEOR20066,Pako Forever,4616,09/09/2023, 00:46:22,844
GEOR20066,Pako Forever,4616,09/09/2023, 01:41:18,844
GEOR20066,Pako Forever,4616,09/09/2023, 02:14:48,844
GEOR20066,Pako Forever,4616,09/09/2023, 03:11:24,844
GEOR20066,Pako Forever,4616,09/09/2023, 04:12:44,844
GEOR20066,Pako Forever,4617,09/09/2023, 05:10:05,844
GEOR20066,Pako Forever,4617,09/09/2023, 06:13:01,844
GEOR20066,Pako Forever,4617,09/09/2023, 07:09:51,844
GEOR20066,Pako Forever,4617,09/09/2023, 08:12:46,844
GEOR20066,Pako Forever,4617,09/09/2023, 09:09:56,844
GEOR20066,Pako Forever,4617,09/09/2023, 10:10:47,844
GEOR20066,Pako Forever,4618,09/09/2023, 11:08:37,844
GEOR20066,Pako Forever,4618,09/09/2023, 12:18:17,844
GEOR20066,Pako Forever,4619,09/09/2023, 13:11:19,844
GEOR20066,Pako Forever,4619,09/09/2023, 14:09:25,844
GEOR20066,Pako Forever,4620,09/09/2023, 15:10:03,844
GEOR20066,Pako Forever,4620,09/09/2023, 16:12:37,844
GEOR20066,Pako Forever,4620,09/09/2023, 17:09:23,844
GEOR20066,Pako Forever,4620,09/09/2023, 18:12:21,844
GEOR20066,Pako Forever,4620,09/09/2023, 19:08:36,844
GEOR20066,Pako Forever,4620,09/09/2023, 20:10:48,844
GEOR20066,Pako Forever,4620,09/09/2023, 21:09:02,844
GEOR20066,Pako Forever,4620,09/09/2023, 22:09:48,844
GEOR20066,Pako Forever,4621,09/09/2023, 23:10:15,844
GEOR20066,Pako Forever,4622,09/10/2023, 00:51:28,844
GEOR20066,Pako Forever,4622,09/10/2023, 01:49:06,844
GEOR20066,Pako Forever,4622,09/10/2023, 02:18:45,844
GEOR20066,Pako Forever,4623,09/10/2023, 03:11:32,844
GEOR20066,Pako Forever,4623,09/10/2023, 04:12:35,844
GEOR20066,Pako Forever,4623,09/10/2023, 05:10:03,844
GEOR20066,Pako Forever,4623,09/10/2023, 06:13:18,844
GEOR20066,Pako Forever,4623,09/10/2023, 07:09:46,844
GEOR20066,Pako Forever,4623,09/10/2023, 08:12:42,844
GEOR20066,Pako Forever,4624,09/10/2023, 09:10:30,844
GEOR20066,Pako Forever,4624,09/10/2023, 10:10:52,844
GEOR20066,Pako Forever,4624,09/10/2023, 11:08:39,844
GEOR20066,Pako Forever,4624,09/10/2023, 12:18:21,844
GEOR20066,Pako Forever,4625,09/10/2023, 13:11:46,844
GEOR20066,Pako Forever,4625,09/10/2023, 14:09:12,844
GEOR20066,Pako Forever,4627,09/10/2023, 15:10:16,844
GEOR20066,Pako Forever,4627,09/10/2023, 16:13:43,844
GEOR20066,Pako Forever,4629,09/10/2023, 17:09:34,844
GEOR20066,Pako Forever,4629,09/10/2023, 18:12:31,844
GEOR20066,Pako Forever,4629,09/10/2023, 19:08:39,844
GEOR20066,Pako Forever,4630,09/10/2023, 20:10:53,844
GEOR20066,Pako Forever,4630,09/10/2023, 21:09:20,844
GEOR20066,Pako Forever,4631,09/10/2023, 22:09:50,844
GEOR20066,Pako Forever,4631,09/10/2023, 23:10:27,844
GEOR20066,Pako Forever,4632,09/11/2023, 00:48:32,844
GEOR20066,Pako Forever,4632,09/11/2023, 01:46:15,844
GEOR20066,Pako Forever,4633,09/11/2023, 02:18:20,844
GEOR20066,Pako Forever,4633,09/11/2023, 03:11:54,844
GEOR20066,Pako Forever,4634,09/11/2023, 04:13:38,844
GEOR20066,Pako Forever,4634,09/11/2023, 05:11:16,844
GEOR20066,Pako Forever,4636,09/11/2023, 06:15:08,844
GEOR20066,Pako Forever,4636,09/11/2023, 07:11:26,844
GEOR20066,Pako Forever,4636,09/11/2023, 08:14:55,844
GEOR20066,Pako Forever,4636,09/11/2023, 09:12:37,844
GEOR20066,Pako Forever,4636,09/11/2023, 10:12:18,844
GEOR20066,Pako Forever,4636,09/11/2023, 11:09:48,844
GEOR20066,Pako Forever,4636,09/11/2023, 12:21:04,844
GEOR20066,Pako Forever,4636,09/11/2023, 13:14:36,844
GEOR20066,Pako Forever,4638,09/11/2023, 14:11:04,844
GEOR20066,Pako Forever,4638,09/11/2023, 15:11:54,844
GEOR20066,Pako Forever,4639,09/11/2023, 16:14:17,844
GEOR20066,Pako Forever,4640,09/11/2023, 17:10:50,844
GEOR20066,Pako Forever,4640,09/11/2023, 18:14:07,844
GEOR20066,Pako Forever,4640,09/11/2023, 19:09:26,844
GEOR20066,Pako Forever,4640,09/11/2023, 20:10:52,844
GEOR20066,Pako Forever,4640,09/11/2023, 21:10:02,844
GEOR20066,Pako Forever,4640,09/11/2023, 22:10:26,844
GEOR20066,Pako Forever,4640,09/11/2023, 23:10:55,844
GEOR20066,Pako Forever,4640,09/12/2023, 00:46:23,844
GEOR20066,Pako Forever,4640,09/12/2023, 01:42:46,844
GEOR20066,Pako Forever,4640,09/12/2023, 02:16:31,844
GEOR20066,Pako Forever,4640,09/12/2023, 03:11:54,844
GEOR20066,Pako Forever,4640,09/12/2023, 04:13:28,844
GEOR20066,Pako Forever,4640,09/12/2023, 05:10:54,844
GEOR20066,Pako Forever,4641,09/12/2023, 06:14:21,844
GEOR20066,Pako Forever,4641,09/12/2023, 07:10:52,844
GEOR20066,Pako Forever,4641,09/12/2023, 08:14:24,844
GEOR20066,Pako Forever,4641,09/12/2023, 09:11:37,844
GEOR20066,Pako Forever,4642,09/12/2023, 10:12:33,844
GEOR20066,Pako Forever,4642,09/12/2023, 11:09:43,844
GEOR20066,Pako Forever,4642,09/12/2023, 12:20:34,844
GEOR20066,Pako Forever,4642,09/12/2023, 13:14:24,844
GEOR20066,Pako Forever,4644,09/12/2023, 14:11:46,844
GEOR20066,Pako Forever,4645,09/12/2023, 15:11:52,844
GEOR20066,Pako Forever,4645,09/12/2023, 16:14:11,844
GEOR20066,Pako Forever,4645,09/12/2023, 17:10:36,844
GEOR20066,Pako Forever,4645,09/12/2023, 18:13:55,844
GEOR20066,Pako Forever,4646,09/12/2023, 19:09:29,844
GEOR20066,Pako Forever,4646,09/12/2023, 20:12:12,844
GEOR20066,Pako Forever,4646,09/12/2023, 21:09:54,844
GEOR20066,Pako Forever,4646,09/12/2023, 22:10:01,844
GEOR20066,Pako Forever,4646,09/12/2023, 23:11:03,844
GEOR20066,Pako Forever,4646,09/13/2023, 00:49:46,844
GEOR20066,Pako Forever,4646,09/13/2023, 01:45:52,844
GEOR20066,Pako Forever,4646,09/13/2023, 02:17:49,844
GEOR20066,Pako Forever,4646,09/13/2023, 03:11:52,844
GEOR20066,Pako Forever,4646,09/13/2023, 04:13:27,844
GEOR20066,Pako Forever,4646,09/13/2023, 05:10:58,844
GEOR20066,Pako Forever,4646,09/13/2023, 06:14:50,844
GEOR20066,Pako Forever,4646,09/13/2023, 07:10:52,844
GEOR20066,Pako Forever,4647,09/13/2023, 08:14:30,844
GEOR20066,Pako Forever,4647,09/13/2023, 09:11:36,844
GEOR20066,Pako Forever,4647,09/13/2023, 10:12:21,844
GEOR20066,Pako Forever,4647,09/13/2023, 11:09:49,844
GEOR20066,Pako Forever,4647,09/13/2023, 12:20:56,844
GEOR20066,Pako Forever,4647,09/13/2023, 13:15:10,844
GEOR20066,Pako Forever,4647,09/13/2023, 14:10:58,844
GEOR20066,Pako Forever,4648,09/13/2023, 15:11:55,844
GEOR20066,Pako Forever,4650,09/13/2023, 16:14:14,844
GEOR20066,Pako Forever,4650,09/13/2023, 17:10:19,844
GEOR20066,Pako Forever,4650,09/13/2023, 18:13:58,844
GEOR20066,Pako Forever,4650,09/13/2023, 19:09:28,844
GEOR20066,Pako Forever,4651,09/13/2023, 20:10:21,844
GEOR20066,Pako Forever,4651,09/13/2023, 21:08:24,844
GEOR20066,Pako Forever,4651,09/13/2023, 22:10:21,844
GEOR20066,Pako Forever,4651,09/13/2023, 23:11:03,844
GEOR20066,Pako Forever,4651,09/14/2023, 00:48:04,844
GEOR20066,Pako Forever,4651,09/14/2023, 01:43:54,844
GEOR20066,Pako Forever,4652,09/14/2023, 02:17:22,844
GEOR20066,Pako Forever,4652,09/14/2023, 03:11:44,844
GEOR20066,Pako Forever,4652,09/14/2023, 04:13:16,844
GEOR20066,Pako Forever,4652,09/14/2023, 05:10:57,844
GEOR20066,Pako Forever,4652,09/14/2023, 06:14:54,844
GEOR20066,Pako Forever,4652,09/14/2023, 07:10:46,844
GEOR20066,Pako Forever,4652,09/14/2023, 08:14:18,844
GEOR20066,Pako Forever,4653,09/14/2023, 09:11:31,844
GEOR20066,Pako Forever,4653,09/14/2023, 10:12:25,844
GEOR20066,Pako Forever,4653,09/14/2023, 11:09:52,844
GEOR20066,Pako Forever,4653,09/14/2023, 12:20:48,844
GEOR20066,Pako Forever,4653,09/14/2023, 13:14:37,844
GEOR20066,Pako Forever,4653,09/14/2023, 14:11:12,844
GEOR20066,Pako Forever,4653,09/14/2023, 15:11:55,844
GEOR20066,Pako Forever,4653,09/14/2023, 16:14:22,844
GEOR20066,Pako Forever,4654,09/14/2023, 17:10:30,844
GEOR20066,Pako Forever,4655,09/14/2023, 18:14:18,844
GEOR20066,Pako Forever,4657,09/14/2023, 19:08:04,844
GEOR20066,Pako Forever,4657,09/14/2023, 20:11:52,844
GEOR20066,Pako Forever,4657,09/14/2023, 21:10:16,844
GEOR20066,Pako Forever,4657,09/14/2023, 22:10:35,844
GEOR20066,Pako Forever,4658,09/14/2023, 23:11:17,844
GEOR20066,Pako Forever,4658,09/15/2023, 00:49:12,844
GEOR20066,Pako Forever,4658,09/15/2023, 01:46:43,844
GEOR20066,Pako Forever,4658,09/15/2023, 02:19:02,844
GEOR20066,Pako Forever,4658,09/15/2023, 03:11:41,844
GEOR20066,Pako Forever,4661,09/15/2023, 04:13:20,844
GEOR20066,Pako Forever,4661,09/15/2023, 05:11:02,844
GEOR20066,Pako Forever,4661,09/15/2023, 06:14:37,844
GEOR20066,Pako Forever,4661,09/15/2023, 07:10:41,844
GEOR20066,Pako Forever,4661,09/15/2023, 08:14:24,844
GEOR20066,Pako Forever,4661,09/15/2023, 09:11:31,844
GEOR20066,Pako Forever,4661,09/15/2023, 10:12:13,844
GEOR20066,Pako Forever,4661,09/15/2023, 11:09:43,844
GEOR20066,Pako Forever,4661,09/15/2023, 12:20:40,844
GEOR20066,Pako Forever,4661,09/15/2023, 13:13:55,844
GEOR20066,Pako Forever,4663,09/15/2023, 14:10:28,844
GEOR20066,Pako Forever,4663,09/15/2023, 15:11:28,844
GEOR20066,Pako Forever,4664,09/15/2023, 16:14:02,844
GEOR20066,Pako Forever,4664,09/15/2023, 17:10:36,844
GEOR20066,Pako Forever,4664,09/15/2023, 18:13:49,844
GEOR20066,Pako Forever,4664,09/15/2023, 19:09:29,844
GEOR20066,Pako Forever,4664,09/15/2023, 20:11:42,844
GEOR20066,Pako Forever,4664,09/15/2023, 21:09:32,844
GEOR20066,Pako Forever,4664,09/15/2023, 22:10:10,844
GEOR20066,Pako Forever,4665,09/15/2023, 23:10:42,844
GEOR20066,Pako Forever,4665,09/16/2023, 00:47:08,844
GEOR20066,Pako Forever,4665,09/16/2023, 01:42:06,844
GEOR20066,Pako Forever,4665,09/16/2023, 02:15:04,844
GEOR20066,Pako Forever,4665,09/16/2023, 03:11:34,844
GEOR20066,Pako Forever,4665,09/16/2023, 04:12:45,844
GEOR20066,Pako Forever,4665,09/16/2023, 05:10:02,844
GEOR20066,Pako Forever,4666,09/16/2023, 06:13:15,844
GEOR20066,Pako Forever,4666,09/16/2023, 07:09:47,844
GEOR20066,Pako Forever,4666,09/16/2023, 08:12:55,844
GEOR20066,Pako Forever,4666,09/16/2023, 09:10:33,844
GEOR20066,Pako Forever,4666,09/16/2023, 10:10:39,844
GEOR20066,Pako Forever,4667,09/16/2023, 11:08:30,844
GEOR20066,Pako Forever,4667,09/16/2023, 12:18:11,844
GEOR20066,Pako Forever,4667,09/16/2023, 13:11:29,844
GEOR20066,Pako Forever,4668,09/16/2023, 14:09:25,844
GEOR20066,Pako Forever,4668,09/16/2023, 15:10:11,844
GEOR20066,Pako Forever,4668,09/16/2023, 16:12:38,844
GEOR20066,Pako Forever,4668,09/16/2023, 17:09:08,844
GEOR20066,Pako Forever,4669,09/16/2023, 18:12:56,844
GEOR20066,Pako Forever,4674,09/16/2023, 19:08:56,844
GEOR20066,Pako Forever,4675,09/16/2023, 20:10:52,844
GEOR20066,Pako Forever,4675,09/16/2023, 21:09:16,844
GEOR20066,Pako Forever,4675,09/16/2023, 22:10:00,844
GEOR20066,Pako Forever,4675,09/16/2023, 23:10:25,844
GEOR20066,Pako Forever,4676,09/17/2023, 00:51:44,844
GEOR20066,Pako Forever,4676,09/17/2023, 01:49:57,844
GEOR20066,Pako Forever,4676,09/17/2023, 02:18:52,844
GEOR20066,Pako Forever,4677,09/17/2023, 03:11:20,844
GEOR20066,Pako Forever,4677,09/17/2023, 04:12:51,844
GEOR20066,Pako Forever,4679,09/17/2023, 05:11:08,844
GEOR20066,Pako Forever,4679,09/17/2023, 06:13:32,844
GEOR20066,Pako Forever,4679,09/17/2023, 07:10:09,844
GEOR20066,Pako Forever,4679,09/17/2023, 08:12:37,844
GEOR20066,Pako Forever,4679,09/17/2023, 09:10:37,844
GEOR20066,Pako Forever,4680,09/17/2023, 10:10:50,844
GEOR20066,Pako Forever,4680,09/17/2023, 11:08:33,844
GEOR20066,Pako Forever,4680,09/17/2023, 12:18:31,844
GEOR20066,Pako Forever,4680,09/17/2023, 13:11:22,844
GEOR20066,Pako Forever,4680,09/17/2023, 14:09:21,844
GEOR20066,Pako Forever,4680,09/17/2023, 15:10:12,844
GEOR20066,Pako Forever,4681,09/17/2023, 16:12:38,844
GEOR20066,Pako Forever,4681,09/17/2023, 17:09:25,844
GEOR20066,Pako Forever,4681,09/17/2023, 18:13:07,844
GEOR20066,Pako Forever,4681,09/17/2023, 19:08:50,844
GEOR20066,Pako Forever,4681,09/17/2023, 20:11:00,844
GEOR20066,Pako Forever,4681,09/17/2023, 21:09:13,844
GEOR20066,Pako Forever,4681,09/17/2023, 22:10:09,844
GEOR20066,Pako Forever,4681,09/17/2023, 23:10:32,844
GEOR20066,Pako Forever,4681,09/18/2023, 00:48:51,844
GEOR20066,Pako Forever,4681,09/18/2023, 01:45:17,844
GEOR20066,Pako Forever,4681,09/18/2023, 02:18:09,844
GEOR20066,Pako Forever,4682,09/18/2023, 03:11:56,844
GEOR20066,Pako Forever,4682,09/18/2023, 04:13:32,844
GEOR20066,Pako Forever,4682,09/18/2023, 05:11:10,844
GEOR20066,Pako Forever,4682,09/18/2023, 06:14:46,844
GEOR20066,Pako Forever,4682,09/18/2023, 07:11:24,844
GEOR20066,Pako Forever,4682,09/18/2023, 08:15:32,844
GEOR20066,Pako Forever,4682,09/18/2023, 09:12:20,844
GEOR20066,Pako Forever,4682,09/18/2023, 10:12:18,844
GEOR20066,Pako Forever,4682,09/18/2023, 11:09:38,844
GEOR20066,Pako Forever,4682,09/18/2023, 12:21:24,844
GEOR20066,Pako Forever,4683,09/18/2023, 13:13:09,844
GEOR20066,Pako Forever,4683,09/18/2023, 14:11:16,844
GEOR20066,Pako Forever,4684,09/18/2023, 15:12:29,844
GEOR20066,Pako Forever,4684,09/18/2023, 16:14:25,844
GEOR20066,Pako Forever,4684,09/18/2023, 17:10:45,844
GEOR20066,Pako Forever,4684,09/18/2023, 18:14:29,844
GEOR20066,Pako Forever,4684,09/18/2023, 19:09:27,844
GEOR20066,Pako Forever,4685,09/18/2023, 20:11:48,844
GEOR20066,Pako Forever,4685,09/18/2023, 21:10:11,844
GEOR20066,Pako Forever,4685,09/18/2023, 22:10:28,844
GEOR20066,Pako Forever,4685,09/18/2023, 23:11:03,844
GEOR20066,Pako Forever,4685,09/19/2023, 00:49:02,844
GEOR20066,Pako Forever,4686,09/19/2023, 01:47:55,844
GEOR20066,Pako Forever,4686,09/19/2023, 02:19:02,844
GEOR20066,Pako Forever,4687,09/19/2023, 03:11:57,844
GEOR20066,Pako Forever,4687,09/19/2023, 04:13:25,844
GEOR20066,Pako Forever,4688,09/19/2023, 05:10:53,844
GEOR20066,Pako Forever,4688,09/19/2023, 06:15:14,844
GEOR20066,Pako Forever,4690,09/19/2023, 07:10:49,844
GEOR20066,Pako Forever,4690,09/19/2023, 08:15:09,844
GEOR20066,Pako Forever,4690,09/19/2023, 09:11:49,844
GEOR20066,Pako Forever,4690,09/19/2023, 10:12:20,844
GEOR20066,Pako Forever,4690,09/19/2023, 11:09:41,844
GEOR20066,Pako Forever,4690,09/19/2023, 12:21:39,844
GEOR20066,Pako Forever,4690,09/19/2023, 13:14:00,844
GEOR20066,Pako Forever,4690,09/19/2023, 14:10:49,844
GEOR20066,Pako Forever,4690,09/19/2023, 15:12:04,844
GEOR20066,Pako Forever,4691,09/19/2023, 16:14:28,844
GEOR20066,Pako Forever,4691,09/19/2023, 17:10:15,844
GEOR20066,Pako Forever,4692,09/19/2023, 18:13:57,844
GEOR20066,Pako Forever,4693,09/19/2023, 19:09:09,844
GEOR20066,Pako Forever,4693,09/19/2023, 20:11:31,844
GEOR20066,Pako Forever,4693,09/19/2023, 21:10:29,844
GEOR20066,Pako Forever,4693,09/19/2023, 22:10:17,844
GEOR20066,Pako Forever,4693,09/19/2023, 23:10:48,844
GEOR20066,Pako Forever,4693,09/20/2023, 00:48:57,844
GEOR20066,Pako Forever,4693,09/20/2023, 01:45:21,844
GEOR20066,Pako Forever,4693,09/20/2023, 02:17:59,844
GEOR20066,Pako Forever,4693,09/20/2023, 03:11:45,844
GEOR20066,Pako Forever,4693,09/20/2023, 04:13:30,844
GEOR20066,Pako Forever,4693,09/20/2023, 05:10:54,844
GEOR20066,Pako Forever,4693,09/20/2023, 06:14:41,844
GEOR20066,Pako Forever,4693,09/20/2023, 07:10:32,844
GEOR20066,Pako Forever,4693,09/20/2023, 08:14:39,844
GEOR20066,Pako Forever,4693,09/20/2023, 09:11:24,844
GEOR20066,Pako Forever,4693,09/20/2023, 10:12:37,844
GEOR20066,Pako Forever,4693,09/20/2023, 11:09:42,844
GEOR20066,Pako Forever,4694,09/20/2023, 12:21:19,844
GEOR20066,Pako Forever,4695,09/20/2023, 13:15:00,844
GEOR20066,Pako Forever,4695,09/20/2023, 14:11:38,844
GEOR20066,Pako Forever,4695,09/20/2023, 15:11:49,844
GEOR20066,Pako Forever,4697,09/20/2023, 16:14:19,844
GEOR20066,Pako Forever,4697,09/20/2023, 17:10:24,844
GEOR20066,Pako Forever,4698,09/20/2023, 18:14:30,844
GEOR20066,Pako Forever,4698,09/20/2023, 19:09:23,844
GEOR20066,Pako Forever,4698,09/20/2023, 20:11:58,844
GEOR20066,Pako Forever,4698,09/20/2023, 21:10:04,844
GEOR20066,Pako Forever,4698,09/20/2023, 22:10:27,844
GEOR20066,Pako Forever,4698,09/20/2023, 23:10:57,844
GEOR20066,Pako Forever,4699,09/21/2023, 00:48:24,844
GEOR20066,Pako Forever,4699,09/21/2023, 01:44:06,844
GEOR20066,Pako Forever,4699,09/21/2023, 02:17:14,844
GEOR20066,Pako Forever,4699,09/21/2023, 03:11:48,844
GEOR20066,Pako Forever,4699,09/21/2023, 04:13:26,844
GEOR20066,Pako Forever,4699,09/21/2023, 05:11:02,844
GEOR20066,Pako Forever,4699,09/21/2023, 06:14:46,844
GEOR20066,Pako Forever,4699,09/21/2023, 07:10:59,844
GEOR20066,Pako Forever,4699,09/21/2023, 08:14:29,844
GEOR20066,Pako Forever,4699,09/21/2023, 09:11:50,844
GEOR20066,Pako Forever,4699,09/21/2023, 10:12:46,844
GEOR20066,Pako Forever,4699,09/21/2023, 11:09:40,844
GEOR20066,Pako Forever,4699,09/21/2023, 12:20:57,844
GEOR20066,Pako Forever,4699,09/21/2023, 13:14:40,844
GEOR20066,Pako Forever,4699,09/21/2023, 14:11:03,844
GEOR20066,Pako Forever,4700,09/21/2023, 15:10:42,844
GEOR20066,Pako Forever,4704,09/21/2023, 16:13:46,844
GEOR20066,Pako Forever,4704,09/21/2023, 17:10:48,844
GEOR20066,Pako Forever,4704,09/21/2023, 18:14:49,844
GEOR20066,Pako Forever,4704,09/21/2023, 19:09:29,844
GEOR20066,Pako Forever,4704,09/21/2023, 20:10:46,844
GEOR20066,Pako Forever,4704,09/21/2023, 21:10:16,844
GEOR20066,Pako Forever,4704,09/21/2023, 22:10:27,844
GEOR20066,Pako Forever,4704,09/21/2023, 23:11:17,844
GEOR20066,Pako Forever,4704,09/22/2023, 00:48:54,844
GEOR20066,Pako Forever,4704,09/22/2023, 01:45:00,844
GEOR20066,Pako Forever,4705,09/22/2023, 02:18:13,844
GEOR20066,Pako Forever,4706,09/22/2023, 03:11:44,844
GEOR20066,Pako Forever,4706,09/22/2023, 04:13:09,844
GEOR20066,Pako Forever,4706,09/22/2023, 05:10:54,844
GEOR20066,Pako Forever,4706,09/22/2023, 06:15:09,844
GEOR20066,Pako Forever,4706,09/22/2023, 07:10:29,844
GEOR20066,Pako Forever,4706,09/22/2023, 08:14:47,844
GEOR20066,Pako Forever,4706,09/22/2023, 09:11:29,844
GEOR20066,Pako Forever,4706,09/22/2023, 10:12:27,844
GEOR20066,Pako Forever,4706,09/22/2023, 11:09:43,844
GEOR20066,Pako Forever,4707,09/22/2023, 12:20:36,844
GEOR20066,Pako Forever,4707,09/22/2023, 13:13:54,844
GEOR20066,Pako Forever,4708,09/22/2023, 14:10:41,844
GEOR20066,Pako Forever,4708,09/22/2023, 15:11:37,844
GEOR20066,Pako Forever,4709,09/22/2023, 16:13:52,844
GEOR20066,Pako Forever,4709,09/22/2023, 17:10:06,844
GEOR20066,Pako Forever,4709,09/22/2023, 18:14:18,844
GEOR20066,Pako Forever,4709,09/22/2023, 19:09:04,844
GEOR20066,Pako Forever,4709,09/22/2023, 20:11:32,844
GEOR20066,Pako Forever,4709,09/22/2023, 21:09:54,844
GEOR20066,Pako Forever,4709,09/22/2023, 22:10:14,844
GEOR20066,Pako Forever,4709,09/22/2023, 23:10:43,844
GEOR20066,Pako Forever,4709,09/23/2023, 00:47:03,844
GEOR20066,Pako Forever,4709,09/23/2023, 01:42:00,844
GEOR20066,Pako Forever,4709,09/23/2023, 02:15:07,844
GEOR20066,Pako Forever,4710,09/23/2023, 03:11:25,844
GEOR20066,Pako Forever,4710,09/23/2023, 04:12:32,844
GEOR20066,Pako Forever,4710,09/23/2023, 05:10:10,844
GEOR20066,Pako Forever,4710,09/23/2023, 06:13:45,844
GEOR20066,Pako Forever,4710,09/23/2023, 07:09:47,844
GEOR20066,Pako Forever,4710,09/23/2023, 08:13:03,844
GEOR20066,Pako Forever,4710,09/23/2023, 09:09:51,844
GEOR20066,Pako Forever,4711,09/23/2023, 10:10:45,844
GEOR20066,Pako Forever,4711,09/23/2023, 11:08:42,844
GEOR20066,Pako Forever,4711,09/23/2023, 12:18:41,844
GEOR20066,Pako Forever,4711,09/23/2023, 13:11:20,844
GEOR20066,Pako Forever,4712,09/23/2023, 14:08:53,844
GEOR20066,Pako Forever,4712,09/23/2023, 15:10:08,844
GEOR20066,Pako Forever,4712,09/23/2023, 16:12:41,844
GEOR20066,Pako Forever,4712,09/23/2023, 17:09:32,844
GEOR20066,Pako Forever,4712,09/23/2023, 18:12:48,844
GEOR20066,Pako Forever,4712,09/23/2023, 19:08:22,844
GEOR20066,Pako Forever,4712,09/23/2023, 20:10:47,844
GEOR20066,Pako Forever,4712,09/23/2023, 21:09:01,844
GEOR20066,Pako Forever,4712,09/23/2023, 22:09:51,844
GEOR20066,Pako Forever,4712,09/23/2023, 23:10:18,844
GEOR20066,Pako Forever,4712,09/24/2023, 00:51:40,844
GEOR20066,Pako Forever,4712,09/24/2023, 01:51:03,844
GEOR20066,Pako Forever,4712,09/24/2023, 02:19:27,844
GEOR20066,Pako Forever,4713,09/24/2023, 03:11:14,844
GEOR20066,Pako Forever,4713,09/24/2023, 04:12:37,844
GEOR20066,Pako Forever,4713,09/24/2023, 05:10:38,844
GEOR20066,Pako Forever,4713,09/24/2023, 06:13:17,844
GEOR20066,Pako Forever,4713,09/24/2023, 07:09:59,844
GEOR20066,Pako Forever,4713,09/24/2023, 08:12:40,844
GEOR20066,Pako Forever,4713,09/24/2023, 09:10:08,844
GEOR20066,Pako Forever,4713,09/24/2023, 10:10:46,844
GEOR20066,Pako Forever,4713,09/24/2023, 11:09:10,844
GEOR20066,Pako Forever,4713,09/24/2023, 12:18:50,844
GEOR20066,Pako Forever,4713,09/24/2023, 13:11:26,844
GEOR20066,Pako Forever,4713,09/24/2023, 14:09:18,844
GEOR20066,Pako Forever,4713,09/24/2023, 15:10:04,844
GEOR20066,Pako Forever,4713,09/24/2023, 16:12:36,844
GEOR20066,Pako Forever,4713,09/24/2023, 17:09:31,844
GEOR20066,Pako Forever,4713,09/24/2023, 18:12:47,844
GEOR20066,Pako Forever,4714,09/24/2023, 19:08:22,844
GEOR20066,Pako Forever,4715,09/24/2023, 20:10:41,844
GEOR20066,Pako Forever,4715,09/24/2023, 21:09:04,844
GEOR20066,Pako Forever,4715,09/24/2023, 22:09:55,844
GEOR20066,Pako Forever,4715,09/24/2023, 23:10:49,844
GEOR20066,Pako Forever,4715,09/25/2023, 00:49:09,844
GEOR20066,Pako Forever,4715,09/25/2023, 01:47:41,844
GEOR20066,Pako Forever,4716,09/25/2023, 02:19:14,844
GEOR20066,Pako Forever,4716,09/25/2023, 03:11:46,844
GEOR20066,Pako Forever,4716,09/25/2023, 04:13:36,844
GEOR20066,Pako Forever,4716,09/25/2023, 05:10:59,844
GEOR20066,Pako Forever,4716,09/25/2023, 06:15:05,844
GEOR20066,Pako Forever,4716,09/25/2023, 07:11:33,844
GEOR20066,Pako Forever,4716,09/25/2023, 08:15:04,844
GEOR20066,Pako Forever,4716,09/25/2023, 09:12:15,844
GEOR20066,Pako Forever,4716,09/25/2023, 10:12:07,844
GEOR20066,Pako Forever,4716,09/25/2023, 11:09:44,844
GEOR20066,Pako Forever,4716,09/25/2023, 12:21:34,844
GEOR20066,Pako Forever,4716,09/25/2023, 13:14:36,844
GEOR20066,Pako Forever,4716,09/25/2023, 14:10:52,844
GEOR20066,Pako Forever,4716,09/25/2023, 15:12:04,844
GEOR20066,Pako Forever,4717,09/25/2023, 16:14:28,844
GEOR20066,Pako Forever,4717,09/25/2023, 17:10:40,844
GEOR20066,Pako Forever,4717,09/25/2023, 18:14:50,844
GEOR20066,Pako Forever,4717,09/25/2023, 19:09:29,844
GEOR20066,Pako Forever,4717,09/25/2023, 20:11:47,844
GEOR20066,Pako Forever,4717,09/25/2023, 21:09:57,844
GEOR20066,Pako Forever,4717,09/25/2023, 22:10:27,844
GEOR20066,Pako Forever,4718,09/25/2023, 23:10:50,844
GEOR20066,Pako Forever,4719,09/26/2023, 00:49:35,844
GEOR20066,Pako Forever,4719,09/26/2023, 01:47:08,844
GEOR20066,Pako Forever,4719,09/26/2023, 02:18:58,844
GEOR20066,Pako Forever,4719,09/26/2023, 03:11:46,844
GEOR20066,Pako Forever,4719,09/26/2023, 04:13:40,844
GEOR20066,Pako Forever,4719,09/26/2023, 05:11:01,844
GEOR20066,Pako Forever,4719,09/26/2023, 06:15:22,844
GEOR20066,Pako Forever,4720,09/26/2023, 07:10:47,844
GEOR20066,Pako Forever,4720,09/26/2023, 08:15:09,844
GEOR20066,Pako Forever,4721,09/26/2023, 09:11:44,844
GEOR20066,Pako Forever,4721,09/26/2023, 10:12:24,844
GEOR20066,Pako Forever,4721,09/26/2023, 11:09:38,844
GEOR20066,Pako Forever,4721,09/26/2023, 12:21:31,844
GEOR20066,Pako Forever,4721,09/26/2023, 13:14:51,844
GEOR20066,Pako Forever,4721,09/26/2023, 14:11:40,844
GEOR20066,Pako Forever,4721,09/26/2023, 15:11:50,844
GEOR20066,Pako Forever,4722,09/26/2023, 16:14:24,844
GEOR20066,Pako Forever,4723,09/26/2023, 17:10:48,844
GEOR20066,Pako Forever,4723,09/26/2023, 18:14:30,844
GEOR20066,Pako Forever,4724,09/26/2023, 19:09:11,844
GEOR20066,Pako Forever,4724,09/26/2023, 20:12:05,844
GEOR20066,Pako Forever,4725,09/26/2023, 21:10:20,844
GEOR20066,Pako Forever,4725,09/26/2023, 22:10:31,844
GEOR20066,Pako Forever,4725,09/26/2023, 23:10:54,844
GEOR20066,Pako Forever,4725,09/27/2023, 00:49:48,844
GEOR20066,Pako Forever,4725,09/27/2023, 01:46:51,844
GEOR20066,Pako Forever,4725,09/27/2023, 02:18:27,844
GEOR20066,Pako Forever,4725,09/27/2023, 03:12:01,844
GEOR20066,Pako Forever,4726,09/27/2023, 04:13:34,844
GEOR20066,Pako Forever,4727,09/27/2023, 05:10:44,844
GEOR20066,Pako Forever,4727,09/27/2023, 06:15:17,844
GEOR20066,Pako Forever,4727,09/27/2023, 07:10:26,844
GEOR20066,Pako Forever,4727,09/27/2023, 08:14:54,844
GEOR20066,Pako Forever,4727,09/27/2023, 09:11:36,844
GEOR20066,Pako Forever,4727,09/27/2023, 10:12:33,844
GEOR20066,Pako Forever,4727,09/27/2023, 11:09:31,844
GEOR20066,Pako Forever,4727,09/27/2023, 12:21:19,844
GEOR20066,Pako Forever,4727,09/27/2023, 13:14:29,844
GEOR20066,Pako Forever,4727,09/27/2023, 14:10:58,844
GEOR20066,Pako Forever,4727,09/27/2023, 15:11:51,844
GEOR20066,Pako Forever,4729,09/27/2023, 16:14:16,844
GEOR20066,Pako Forever,4729,09/27/2023, 17:10:27,844
GEOR20066,Pako Forever,4729,09/27/2023, 18:14:30,844
GEOR20066,Pako Forever,4729,09/27/2023, 19:09:17,844
GEOR20066,Pako Forever,4729,09/27/2023, 20:11:41,844
GEOR20066,Pako Forever,4730,09/27/2023, 21:10:21,844
GEOR20066,Pako Forever,4730,09/27/2023, 22:10:21,844
GEOR20066,Pako Forever,4730,09/27/2023, 23:11:05,844
GEOR20066,Pako Forever,4730,09/28/2023, 00:48:48,844
GEOR20066,Pako Forever,4730,09/28/2023, 01:45:39,844
GEOR20066,Pako Forever,4730,09/28/2023, 02:18:02,844
GEOR20066,Pako Forever,4730,09/28/2023, 03:11:42,844
GEOR20066,Pako Forever,4730,09/28/2023, 04:13:17,844
GEOR20066,Pako Forever,4730,09/28/2023, 05:11:07,844
GEOR20066,Pako Forever,4730,09/28/2023, 06:16:03,844
GEOR20066,Pako Forever,4730,09/28/2023, 07:11:22,844
GEOR20066,Pako Forever,4730,09/28/2023, 08:15:00,844
GEOR20066,Pako Forever,4732,09/28/2023, 09:11:33,844
GEOR20066,Pako Forever,4732,09/28/2023, 10:11:55,844
GEOR20066,Pako Forever,4732,09/28/2023, 11:09:44,844
GEOR20066,Pako Forever,4732,09/28/2023, 12:21:00,844
GEOR20066,Pako Forever,4732,09/28/2023, 13:14:20,844
GEOR20066,Pako Forever,4732,09/28/2023, 14:11:12,844
GEOR20066,Pako Forever,4732,09/28/2023, 15:11:59,844
GEOR20066,Pako Forever,4732,09/28/2023, 16:14:20,844
GEOR20066,Pako Forever,4732,09/28/2023, 17:10:34,844
GEOR20066,Pako Forever,4732,09/28/2023, 18:14:17,844
GEOR20066,Pako Forever,4733,09/28/2023, 19:09:44,844
GEOR20066,Pako Forever,4734,09/28/2023, 20:10:54,844
GEOR20066,Pako Forever,4734,09/28/2023, 22:11:00,844
GEOR20066,Pako Forever,4734,09/28/2023, 23:11:11,844
GEOR20066,Pako Forever,4734,09/29/2023, 00:49:11,844
GEOR20066,Pako Forever,4736,09/29/2023, 01:45:35,844
GEOR20066,Pako Forever,4736,09/29/2023, 02:18:06,844
GEOR20066,Pako Forever,4736,09/29/2023, 03:11:50,844
GEOR20066,Pako Forever,4736,09/29/2023, 04:13:39,844
GEOR20066,Pako Forever,4736,09/29/2023, 05:11:08,844
GEOR20066,Pako Forever,4736,09/29/2023, 06:14:34,844
GEOR20066,Pako Forever,4736,09/29/2023, 07:10:36,844
GEOR20066,Pako Forever,4736,09/29/2023, 08:14:23,844
GEOR20066,Pako Forever,4736,09/29/2023, 09:11:29,844
GEOR20066,Pako Forever,4736,09/29/2023, 10:12:14,844
GEOR20066,Pako Forever,4736,09/29/2023, 11:09:44,844
GEOR20066,Pako Forever,4736,09/29/2023, 12:20:52,844
GEOR20066,Pako Forever,4736,09/29/2023, 13:13:40,844
GEOR20066,Pako Forever,4736,09/29/2023, 14:09:34,844
GEOR20066,Pako Forever,4737,09/29/2023, 15:12:05,844
GEOR20066,Pako Forever,4737,09/29/2023, 16:14:14,844
GEOR20066,Pako Forever,4737,09/29/2023, 17:10:26,844
GEOR20066,Pako Forever,4737,09/29/2023, 18:14:27,844
GEOR20066,Pako Forever,4737,09/29/2023, 19:09:25,844
GEOR20066,Pako Forever,4737,09/29/2023, 20:11:49,844
GEOR20066,Pako Forever,4737,09/29/2023, 21:09:42,844
GEOR20066,Pako Forever,4737,09/29/2023, 22:10:26,844
GEOR20066,Pako Forever,4737,09/29/2023, 23:10:39,844
GEOR20066,Pako Forever,4737,09/30/2023, 00:47:28,844
GEOR20066,Pako Forever,4737,09/30/2023, 01:42:58,844
GEOR20066,Pako Forever,4737,09/30/2023, 02:15:45,844
GEOR20066,Pako Forever,4737,09/30/2023, 03:11:26,844
GEOR20066,Pako Forever,4738,09/30/2023, 04:12:52,844
GEOR20066,Pako Forever,4738,09/30/2023, 05:10:23,844
GEOR20066,Pako Forever,4738,09/30/2023, 06:13:36,844
GEOR20066,Pako Forever,4738,09/30/2023, 07:09:25,844
GEOR20066,Pako Forever,4738,09/30/2023, 08:12:43,844
GEOR20066,Pako Forever,4738,09/30/2023, 09:09:57,844
GEOR20066,Pako Forever,4738,09/30/2023, 10:10:28,844
GEOR20066,Pako Forever,4739,09/30/2023, 11:08:32,844
GEOR20066,Pako Forever,4740,09/30/2023, 12:18:50,844
GEOR20066,Pako Forever,4740,09/30/2023, 13:11:37,844
GEOR20066,Pako Forever,4740,09/30/2023, 14:09:22,844
GEOR20066,Pako Forever,4740,09/30/2023, 15:09:57,844
GEOR20066,Pako Forever,4740,09/30/2023, 16:12:55,844
GEOR20066,Pako Forever,4740,09/30/2023, 17:09:22,844
GEOR20066,Pako Forever,4740,09/30/2023, 18:13:17,844
GEOR20066,Pako Forever,4740,09/30/2023, 19:08:17,844
GEOR20066,Pako Forever,4740,09/30/2023, 20:10:36,844
GEOR20066,Pako Forever,4741,09/30/2023, 21:09:26,844
GEOR20066,Pako Forever,4742,09/30/2023, 22:09:57,844
GEOR20066,Pako Forever,4742,09/30/2023, 23:10:26,844
GEOR20066,Pako Forever,4742,10/01/2023, 00:56:00,844
GEOR20066,Pako Forever,4742,10/01/2023, 01:56:46,844
GEOR20066,Pako Forever,4742,10/01/2023, 02:25:03,844
GEOR20066,Pako Forever,4742,10/01/2023, 03:11:48,844
GEOR20066,Pako Forever,4742,10/01/2023, 04:13:21,844
GEOR20066,Pako Forever,4743,10/01/2023, 05:10:31,844
GEOR20066,Pako Forever,4743,10/01/2023, 06:13:54,844
GEOR20066,Pako Forever,4743,10/01/2023, 07:10:17,844
GEOR20066,Pako Forever,4743,10/01/2023, 08:13:18,844
GEOR20066,Pako Forever,4743,10/01/2023, 09:10:29,844
GEOR20066,Pako Forever,4743,10/01/2023, 10:10:51,844
GEOR20066,Pako Forever,4743,10/01/2023, 11:08:54,844
GEOR20066,Pako Forever,4743,10/01/2023, 12:19:01,844
GEOR20066,Pako Forever,4743,10/01/2023, 13:11:21,844
GEOR20066,Pako Forever,4743,10/01/2023, 14:09:27,844
GEOR20066,Pako Forever,4743,10/01/2023, 15:10:05,844
GEOR20066,Pako Forever,4744,10/01/2023, 16:12:50,844
GEOR20066,Pako Forever,4744,10/01/2023, 17:09:48,844
GEOR20066,Pako Forever,4744,10/01/2023, 18:13:06,844
GEOR20066,Pako Forever,4745,10/01/2023, 19:08:48,844
GEOR20066,Pako Forever,4746,10/01/2023, 20:10:50,844
GEOR20066,Pako Forever,4747,10/01/2023, 21:09:35,844
GEOR20066,Pako Forever,4747,10/01/2023, 22:09:43,844
GEOR20066,Pako Forever,4747,10/01/2023, 23:10:45,844
GEOR20066,Pako Forever,4748,10/02/2023, 00:49:58,844
GEOR20066,Pako Forever,4748,10/02/2023, 01:48:06,844
GEOR20066,Pako Forever,4748,10/02/2023, 02:19:25,844
GEOR20066,Pako Forever,4748,10/02/2023, 03:12:21,844
GEOR20066,Pako Forever,4748,10/02/2023, 04:13:18,844
GEOR20066,Pako Forever,4748,10/02/2023, 05:10:43,844
GEOR20066,Pako Forever,4749,10/02/2023, 06:15:32,844
GEOR20066,Pako Forever,4749,10/02/2023, 07:11:11,844
GEOR20066,Pako Forever,4749,10/02/2023, 08:14:38,844
GEOR20066,Pako Forever,4749,10/02/2023, 09:12:13,844
GEOR20066,Pako Forever,4749,10/02/2023, 10:12:15,844
GEOR20066,Pako Forever,4749,10/02/2023, 11:09:41,844
GEOR20066,Pako Forever,4749,10/02/2023, 12:21:15,844
GEOR20066,Pako Forever,4749,10/02/2023, 13:14:49,844
GEOR20066,Pako Forever,4749,10/02/2023, 14:11:13,844
GEOR20066,Pako Forever,4749,10/02/2023, 15:12:14,844
GEOR20066,Pako Forever,4750,10/02/2023, 16:14:19,844
GEOR20066,Pako Forever,4751,10/02/2023, 17:10:23,844
GEOR20066,Pako Forever,4751,10/02/2023, 18:14:39,844
GEOR20066,Pako Forever,4751,10/02/2023, 19:09:16,844
GEOR20066,Pako Forever,4751,10/02/2023, 20:12:04,844
GEOR20066,Pako Forever,4751,10/02/2023, 21:10:21,844
GEOR20066,Pako Forever,4751,10/02/2023, 22:10:30,844
GEOR20066,Pako Forever,4751,10/02/2023, 23:11:32,844
GEOR20066,Pako Forever,4752,10/03/2023, 00:50:07,844
GEOR20066,Pako Forever,4752,10/03/2023, 01:47:36,844
GEOR20066,Pako Forever,4752,10/03/2023, 02:19:09,844
GEOR20066,Pako Forever,4753,10/03/2023, 03:11:51,844
GEOR20066,Pako Forever,4753,10/03/2023, 04:13:11,844
GEOR20066,Pako Forever,4753,10/03/2023, 05:10:51,844
GEOR20066,Pako Forever,4754,10/03/2023, 06:15:10,844
GEOR20066,Pako Forever,4754,10/03/2023, 07:10:57,844
GEOR20066,Pako Forever,4754,10/03/2023, 08:14:33,844
GEOR20066,Pako Forever,4755,10/03/2023, 09:11:24,844
GEOR20066,Pako Forever,4755,10/03/2023, 10:12:43,844
GEOR20066,Pako Forever,4755,10/03/2023, 11:10:12,844
GEOR20066,Pako Forever,4756,10/03/2023, 12:21:12,844
GEOR20066,Pako Forever,4756,10/03/2023, 13:15:07,844
GEOR20066,Pako Forever,4756,10/03/2023, 14:11:04,844
GEOR20066,Pako Forever,4756,10/03/2023, 15:12:16,844
GEOR20066,Pako Forever,4758,10/03/2023, 16:14:41,844
GEOR20066,Pako Forever,4758,10/03/2023, 17:10:31,844
GEOR20066,Pako Forever,4758,10/03/2023, 18:14:41,844
GEOR20066,Pako Forever,4758,10/03/2023, 19:09:43,844
GEOR20066,Pako Forever,4759,10/03/2023, 20:12:00,844
GEOR20066,Pako Forever,4759,10/03/2023, 21:10:21,844
GEOR20066,Pako Forever,4759,10/03/2023, 22:10:28,844
GEOR20066,Pako Forever,4759,10/03/2023, 23:10:50,844
GEOR20066,Pako Forever,4760,10/04/2023, 00:50:26,844
GEOR20066,Pako Forever,4760,10/04/2023, 01:49:52,844
GEOR20066,Pako Forever,4760,10/04/2023, 02:19:51,844
GEOR20066,Pako Forever,4760,10/04/2023, 03:12:10,844
GEOR20066,Pako Forever,4760,10/04/2023, 04:13:45,844
GEOR20066,Pako Forever,4760,10/04/2023, 05:11:12,844
GEOR20066,Pako Forever,4760,10/04/2023, 06:15:22,844
GEOR20066,Pako Forever,4760,10/04/2023, 07:11:17,844
GEOR20066,Pako Forever,4760,10/04/2023, 08:15:12,844
GEOR20066,Pako Forever,4760,10/04/2023, 09:11:36,844
GEOR20066,Pako Forever,4760,10/04/2023, 10:12:36,844
GEOR20066,Pako Forever,4760,10/04/2023, 11:09:43,844
GEOR20066,Pako Forever,4760,10/04/2023, 12:21:57,844
GEOR20066,Pako Forever,4760,10/04/2023, 13:15:53,844
GEOR20066,Pako Forever,4761,10/04/2023, 14:11:33,844
GEOR20066,Pako Forever,4761,10/04/2023, 15:12:04,844
GEOR20066,Pako Forever,4761,10/04/2023, 16:15:08,844
GEOR20066,Pako Forever,4761,10/04/2023, 17:10:51,844
GEOR20066,Pako Forever,4761,10/04/2023, 18:15:07,844
GEOR20066,Pako Forever,4762,10/04/2023, 19:09:15,844
GEOR20066,Pako Forever,4763,10/04/2023, 20:11:47,844
GEOR20066,Pako Forever,4763,10/04/2023, 21:11:22,844
GEOR20066,Pako Forever,4764,10/04/2023, 22:11:37,844
GEOR20066,Pako Forever,4764,10/04/2023, 23:11:39,844
GEOR20066,Pako Forever,4764,10/05/2023, 00:49:18,844
GEOR20066,Pako Forever,4764,10/05/2023, 01:51:39,844
GEOR20066,Pako Forever,4764,10/05/2023, 02:21:12,844
GEOR20066,Pako Forever,4764,10/05/2023, 03:11:26,844
GEOR20066,Pako Forever,4764,10/05/2023, 04:13:30,844
GEOR20066,Pako Forever,4764,10/05/2023, 05:11:18,844
GEOR20066,Pako Forever,4764,10/05/2023, 06:15:22,844
GEOR20066,Pako Forever,4765,10/05/2023, 07:10:33,844
GEOR20066,Pako Forever,4765,10/05/2023, 08:15:39,844
GEOR20066,Pako Forever,4765,10/05/2023, 09:11:55,844
GEOR20066,Pako Forever,4765,10/05/2023, 10:13:03,844
GEOR20066,Pako Forever,4765,10/05/2023, 11:09:48,844
GEOR20066,Pako Forever,4765,10/05/2023, 12:22:20,844
GEOR20066,Pako Forever,4765,10/05/2023, 13:16:31,844
GEOR20066,Pako Forever,4765,10/05/2023, 14:10:50,844
GEOR20066,Pako Forever,4765,10/05/2023, 15:12:12,844
GEOR20066,Pako Forever,4766,10/05/2023, 16:15:28,844
GEOR20066,Pako Forever,4766,10/05/2023, 17:10:57,844
GEOR20066,Pako Forever,4767,10/05/2023, 18:14:59,844
GEOR20066,Pako Forever,4767,10/05/2023, 19:09:21,844
GEOR20066,Pako Forever,4767,10/05/2023, 20:11:59,844
GEOR20066,Pako Forever,4768,10/05/2023, 21:10:32,844
GEOR20066,Pako Forever,4768,10/05/2023, 22:10:15,844
GEOR20066,Pako Forever,4769,10/05/2023, 23:11:31,844
GEOR20066,Pako Forever,4769,10/06/2023, 00:49:15,844
GEOR20066,Pako Forever,4769,10/06/2023, 01:46:52,844
GEOR20066,Pako Forever,4769,10/06/2023, 02:19:01,844
GEOR20066,Pako Forever,4769,10/06/2023, 03:11:46,844
GEOR20066,Pako Forever,4770,10/06/2023, 04:13:08,844
GEOR20066,Pako Forever,4770,10/06/2023, 05:11:20,844
GEOR20066,Pako Forever,4770,10/06/2023, 06:15:13,844
GEOR20066,Pako Forever,4771,10/06/2023, 07:10:48,844
GEOR20066,Pako Forever,4771,10/06/2023, 08:14:50,844
GEOR20066,Pako Forever,4771,10/06/2023, 09:11:17,844
GEOR20066,Pako Forever,4771,10/06/2023, 10:12:18,844
GEOR20066,Pako Forever,4773,10/06/2023, 11:10:02,844
GEOR20066,Pako Forever,4773,10/06/2023, 12:21:42,844
GEOR20066,Pako Forever,4773,10/06/2023, 13:14:43,844
GEOR20066,Pako Forever,4773,10/06/2023, 14:11:17,844
GEOR20066,Pako Forever,4773,10/06/2023, 15:12:29,844
GEOR20066,Pako Forever,4773,10/06/2023, 16:14:36,844
GEOR20066,Pako Forever,4773,10/06/2023, 17:10:41,844
GEOR20066,Pako Forever,4773,10/06/2023, 18:14:14,844
GEOR20066,Pako Forever,4773,10/06/2023, 19:09:26,844
GEOR20066,Pako Forever,4773,10/06/2023, 20:12:18,844
GEOR20066,Pako Forever,4773,10/06/2023, 21:10:10,844
GEOR20066,Pako Forever,4773,10/06/2023, 22:10:24,844
GEOR20066,Pako Forever,4773,10/06/2023, 23:10:56,844
GEOR20066,Pako Forever,4773,10/07/2023, 00:48:27,844
GEOR20066,Pako Forever,4773,10/07/2023, 01:43:53,844
GEOR20066,Pako Forever,4773,10/07/2023, 02:17:11,844
GEOR20066,Pako Forever,4773,10/07/2023, 03:11:36,844
GEOR20066,Pako Forever,4773,10/07/2023, 04:13:25,844
GEOR20066,Pako Forever,4773,10/07/2023, 05:10:09,844
GEOR20066,Pako Forever,4773,10/07/2023, 06:14:10,844
GEOR20066,Pako Forever,4774,10/07/2023, 07:10:11,844
GEOR20066,Pako Forever,4774,10/07/2023, 08:12:58,844
GEOR20066,Pako Forever,4775,10/07/2023, 09:10:15,844
GEOR20066,Pako Forever,4775,10/07/2023, 10:10:56,844
GEOR20066,Pako Forever,4775,10/07/2023, 11:09:10,844
GEOR20066,Pako Forever,4775,10/07/2023, 12:19:00,844
GEOR20066,Pako Forever,4775,10/07/2023, 13:11:31,844
GEOR20066,Pako Forever,4776,10/07/2023, 14:09:22,844
GEOR20066,Pako Forever,4776,10/07/2023, 15:10:16,844
GEOR20066,Pako Forever,4776,10/07/2023, 16:12:50,844
GEOR20066,Pako Forever,4776,10/07/2023, 17:09:42,844
GEOR20066,Pako Forever,4777,10/07/2023, 18:13:20,844
GEOR20066,Pako Forever,4778,10/07/2023, 19:08:44,844
GEOR20066,Pako Forever,4778,10/07/2023, 20:11:02,844
GEOR20066,Pako Forever,4778,10/07/2023, 21:09:19,844
GEOR20066,Pako Forever,4778,10/07/2023, 22:10:03,844
GEOR20066,Pako Forever,4779,10/07/2023, 23:10:31,844
GEOR20066,Pako Forever,4779,10/08/2023, 00:53:09,844
GEOR20066,Pako Forever,4779,10/08/2023, 01:52:31,844
GEOR20066,Pako Forever,4779,10/08/2023, 02:21:15,844
GEOR20066,Pako Forever,4779,10/08/2023, 03:11:17,844
GEOR20066,Pako Forever,4779,10/08/2023, 04:12:52,844
GEOR20066,Pako Forever,4780,10/08/2023, 05:10:10,844
GEOR20066,Pako Forever,4780,10/08/2023, 06:14:27,844
GEOR20066,Pako Forever,4780,10/08/2023, 07:09:54,844
GEOR20066,Pako Forever,4780,10/08/2023, 08:13:13,844
GEOR20066,Pako Forever,4780,10/08/2023, 09:09:49,844
GEOR20066,Pako Forever,4780,10/08/2023, 10:10:26,844
GEOR20066,Pako Forever,4781,10/08/2023, 11:09:05,844
GEOR20066,Pako Forever,4781,10/08/2023, 12:19:18,844
GEOR20066,Pako Forever,4782,10/08/2023, 13:11:43,844
GEOR20066,Pako Forever,4783,10/08/2023, 14:09:30,844
GEOR20066,Pako Forever,4784,10/08/2023, 15:10:20,844
GEOR20066,Pako Forever,4784,10/08/2023, 16:13:06,844
GEOR20066,Pako Forever,4784,10/08/2023, 17:09:31,844
GEOR20066,Pako Forever,4785,10/08/2023, 18:13:23,844
GEOR20066,Pako Forever,4785,10/08/2023, 19:08:41,844
GEOR20066,Pako Forever,4785,10/08/2023, 20:11:06,844
GEOR20066,Pako Forever,4785,10/08/2023, 21:09:40,844
GEOR20066,Pako Forever,4786,10/08/2023, 22:10:05,844
GEOR20066,Pako Forever,4786,10/08/2023, 23:11:00,844
GEOR20066,Pako Forever,4786,10/09/2023, 03:11:50,844
GEOR20066,Pako Forever,4787,10/09/2023, 04:14:02,844
GEOR20066,Pako Forever,4787,10/09/2023, 05:11:05,844
GEOR20066,Pako Forever,4787,10/09/2023, 06:15:41,844
GEOR20066,Pako Forever,4787,10/09/2023, 07:11:19,844
GEOR20066,Pako Forever,4787,10/09/2023, 08:15:25,844
GEOR20066,Pako Forever,4787,10/09/2023, 09:12:38,844
GEOR20066,Pako Forever,4787,10/09/2023, 10:12:51,844
GEOR20066,Pako Forever,4787,10/09/2023, 11:10:11,844
GEOR20066,Pako Forever,4787,10/09/2023, 12:23:03,844
GEOR20066,Pako Forever,4787,10/09/2023, 13:16:56,844
GEOR20066,Pako Forever,4787,10/09/2023, 14:11:39,844
GEOR20066,Pako Forever,4787,10/09/2023, 15:12:27,844
GEOR20066,Pako Forever,4787,10/09/2023, 16:14:51,844
GEOR20066,Pako Forever,4787,10/09/2023, 17:10:43,844
GEOR20066,Pako Forever,4787,10/09/2023, 18:14:17,844
GEOR20066,Pako Forever,4787,10/09/2023, 19:09:10,844
GEOR20066,Pako Forever,4787,10/09/2023, 20:11:25,844
GEOR20066,Pako Forever,4787,10/09/2023, 21:10:20,844
GEOR20066,Pako Forever,4787,10/09/2023, 22:10:24,844
GEOR20066,Pako Forever,4787,10/09/2023, 23:11:10,844
GEOR20066,Pako Forever,4787,10/10/2023, 00:49:11,844
GEOR20066,Pako Forever,4787,10/10/2023, 01:45:39,844
GEOR20066,Pako Forever,4787,10/10/2023, 02:18:41,844
GEOR20066,Pako Forever,4787,10/10/2023, 03:11:52,844
GEOR20066,Pako Forever,4788,10/10/2023, 04:13:26,844
GEOR20066,Pako Forever,4788,10/10/2023, 05:11:18,844
GEOR20066,Pako Forever,4788,10/10/2023, 06:15:48,844
GEOR20066,Pako Forever,4788,10/10/2023, 07:10:53,844
GEOR20066,Pako Forever,4788,10/10/2023, 08:15:09,844
GEOR20066,Pako Forever,4788,10/10/2023, 09:12:05,844
GEOR20066,Pako Forever,4788,10/10/2023, 10:12:31,844
GEOR20066,Pako Forever,4788,10/10/2023, 11:09:53,844
GEOR20066,Pako Forever,4788,10/10/2023, 12:21:16,844
GEOR20066,Pako Forever,4788,10/10/2023, 13:15:02,844
GEOR20066,Pako Forever,4788,10/10/2023, 14:10:57,844
GEOR20066,Pako Forever,4788,10/10/2023, 15:12:21,844
GEOR20066,Pako Forever,4789,10/10/2023, 16:14:54,844
GEOR20066,Pako Forever,4789,10/10/2023, 17:10:16,844
GEOR20066,Pako Forever,4789,10/10/2023, 18:15:04,844
GEOR20066,Pako Forever,4789,10/10/2023, 19:08:48,844
GEOR20066,Pako Forever,4789,10/10/2023, 20:10:51,844
GEOR20066,Pako Forever,4789,10/10/2023, 21:10:52,844
GEOR20066,Pako Forever,4789,10/10/2023, 22:10:33,844
GEOR20066,Pako Forever,4789,10/10/2023, 23:10:46,844
GEOR20066,Pako Forever,4789,10/11/2023, 00:51:29,844
GEOR20066,Pako Forever,4790,10/11/2023, 01:46:11,844
GEOR20066,Pako Forever,4790,10/11/2023, 02:18:39,844
GEOR20066,Pako Forever,4790,10/11/2023, 03:11:46,844
GEOR20066,Pako Forever,4790,10/11/2023, 04:13:33,844
GEOR20066,Pako Forever,4790,10/11/2023, 05:10:59,844
GEOR20066,Pako Forever,4790,10/11/2023, 06:16:12,844
GEOR20066,Pako Forever,4790,10/11/2023, 07:11:02,844
GEOR20066,Pako Forever,4790,10/11/2023, 08:15:15,844
GEOR20066,Pako Forever,4790,10/11/2023, 09:11:48,844
GEOR20066,Pako Forever,4790,10/11/2023, 10:12:43,844
GEOR20066,Pako Forever,4790,10/11/2023, 11:10:16,844
GEOR20066,Pako Forever,4790,10/11/2023, 12:22:03,844
GEOR20066,Pako Forever,4791,10/11/2023, 13:15:26,844
GEOR20066,Pako Forever,4791,10/11/2023, 14:11:44,844
GEOR20066,Pako Forever,4792,10/11/2023, 15:11:20,844
GEOR20066,Pako Forever,4794,10/11/2023, 16:14:41,844
GEOR20066,Pako Forever,4795,10/11/2023, 17:10:54,844
GEOR20066,Pako Forever,4795,10/11/2023, 18:15:07,844
GEOR20066,Pako Forever,4795,10/11/2023, 19:09:45,844
GEOR20066,Pako Forever,4795,10/11/2023, 20:12:08,844
GEOR20066,Pako Forever,4795,10/11/2023, 21:10:48,844
GEOR20066,Pako Forever,4795,10/11/2023, 22:10:36,844
GEOR20066,Pako Forever,4795,10/11/2023, 23:11:20,844
GEOR20066,Pako Forever,4795,10/12/2023, 00:46:49,844
GEOR20066,Pako Forever,4795,10/12/2023, 01:43:58,844
GEOR20066,Pako Forever,4795,10/12/2023, 02:16:59,844
GEOR20066,Pako Forever,4795,10/12/2023, 03:12:06,844
GEOR20066,Pako Forever,4795,10/12/2023, 04:13:16,844
GEOR20066,Pako Forever,4796,10/12/2023, 05:11:16,844
GEOR20066,Pako Forever,4796,10/12/2023, 06:15:11,844
GEOR20066,Pako Forever,4796,10/12/2023, 07:11:38,844
GEOR20066,Pako Forever,4796,10/12/2023, 08:14:56,844
GEOR20066,Pako Forever,4796,10/12/2023, 09:11:30,844
GEOR20066,Pako Forever,4796,10/12/2023, 10:12:03,844
GEOR20066,Pako Forever,4796,10/12/2023, 11:10:07,844
GEOR20066,Pako Forever,4796,10/12/2023, 12:21:42,844
GEOR20066,Pako Forever,4796,10/12/2023, 13:15:05,844
GEOR20066,Pako Forever,4797,10/12/2023, 14:10:51,844
GEOR20066,Pako Forever,4797,10/12/2023, 15:12:05,844
GEOR20066,Pako Forever,4798,10/12/2023, 16:15:07,844
GEOR20066,Pako Forever,4798,10/12/2023, 17:10:56,844
GEOR20066,Pako Forever,4798,10/12/2023, 18:14:37,844
GEOR20066,Pako Forever,4798,10/12/2023, 19:09:20,844
GEOR20066,Pako Forever,4798,10/12/2023, 20:11:10,844
GEOR20066,Pako Forever,4798,10/12/2023, 21:10:14,844
GEOR20066,Pako Forever,4799,10/12/2023, 22:10:47,844
GEOR20066,Pako Forever,4800,10/12/2023, 23:11:53,844
GEOR20066,Pako Forever,4800,10/13/2023, 00:50:45,844
GEOR20066,Pako Forever,4800,10/13/2023, 01:52:16,844
GEOR20066,Pako Forever,4800,10/13/2023, 02:22:23,844
GEOR20066,Pako Forever,4800,10/13/2023, 03:12:11,844
GEOR20066,Pako Forever,4800,10/13/2023, 04:13:24,844
GEOR20066,Pako Forever,4800,10/13/2023, 05:11:15,844
GEOR20066,Pako Forever,4800,10/13/2023, 06:15:30,844
GEOR20066,Pako Forever,4800,10/13/2023, 07:10:56,844
GEOR20066,Pako Forever,4800,10/13/2023, 08:15:17,844
GEOR20066,Pako Forever,4800,10/13/2023, 09:11:30,844
GEOR20066,Pako Forever,4801,10/13/2023, 10:12:35,844
GEOR20066,Pako Forever,4801,10/13/2023, 11:09:40,844
GEOR20066,Pako Forever,4801,10/13/2023, 12:21:42,844
GEOR20066,Pako Forever,4801,10/13/2023, 13:15:26,844
GEOR20066,Pako Forever,4802,10/13/2023, 14:11:03,844
GEOR20066,Pako Forever,4802,10/13/2023, 15:11:56,844
GEOR20066,Pako Forever,4802,10/13/2023, 16:14:17,844
GEOR20066,Pako Forever,4802,10/13/2023, 17:10:32,844
GEOR20066,Pako Forever,4802,10/13/2023, 18:14:56,844
GEOR20066,Pako Forever,4802,10/13/2023, 19:09:32,844
GEOR20066,Pako Forever,4802,10/13/2023, 20:12:38,844
GEOR20066,Pako Forever,4802,10/13/2023, 21:10:11,844
GEOR20066,Pako Forever,4802,10/13/2023, 22:10:43,844
GEOR20066,Pako Forever,4802,10/13/2023, 23:10:53,844
GEOR20066,Pako Forever,4802,10/14/2023, 00:47:45,844
GEOR20066,Pako Forever,4802,10/14/2023, 01:43:03,844
GEOR20066,Pako Forever,4802,10/14/2023, 02:15:39,844
GEOR20066,Pako Forever,4802,10/14/2023, 03:11:43,844
GEOR20066,Pako Forever,4802,10/14/2023, 04:13:01,844
GEOR20066,Pako Forever,4802,10/14/2023, 05:10:31,844
GEOR20066,Pako Forever,4802,10/14/2023, 06:13:58,844
GEOR20066,Pako Forever,4803,10/14/2023, 07:10:01,844
GEOR20066,Pako Forever,4803,10/14/2023, 08:13:00,844
GEOR20066,Pako Forever,4803,10/14/2023, 09:10:11,844
GEOR20066,Pako Forever,4803,10/14/2023, 10:10:41,844
GEOR20066,Pako Forever,4803,10/14/2023, 11:09:13,844
GEOR20066,Pako Forever,4803,10/14/2023, 12:18:51,844
GEOR20066,Pako Forever,4803,10/14/2023, 13:11:49,844
GEOR20066,Pako Forever,4803,10/14/2023, 14:09:26,844
GEOR20066,Pako Forever,4803,10/14/2023, 15:10:43,844
GEOR20066,Pako Forever,4803,10/14/2023, 16:12:44,844
GEOR20066,Pako Forever,4804,10/14/2023, 17:09:22,844
GEOR20066,Pako Forever,4805,10/14/2023, 18:13:33,844
GEOR20066,Pako Forever,4806,10/14/2023, 19:08:30,844
GEOR20066,Pako Forever,4806,10/14/2023, 20:11:21,844
GEOR20066,Pako Forever,4807,10/14/2023, 21:09:22,844
GEOR20066,Pako Forever,4808,10/14/2023, 22:09:51,844
GEOR20066,Pako Forever,4808,10/14/2023, 23:10:53,844
GEOR20066,Pako Forever,4808,10/15/2023, 00:52:58,844
GEOR20066,Pako Forever,4808,10/15/2023, 01:53:12,844
GEOR20066,Pako Forever,4808,10/15/2023, 02:21:34,844
GEOR20066,Pako Forever,4808,10/15/2023, 03:11:29,844
GEOR20066,Pako Forever,4808,10/15/2023, 04:13:07,844
GEOR20066,Pako Forever,4808,10/15/2023, 05:10:51,844
GEOR20066,Pako Forever,4808,10/15/2023, 06:14:18,844
GEOR20066,Pako Forever,4809,10/15/2023, 07:10:04,844
GEOR20066,Pako Forever,4809,10/15/2023, 08:13:15,844
GEOR20066,Pako Forever,4809,10/15/2023, 09:10:00,844
GEOR20066,Pako Forever,4809,10/15/2023, 10:11:07,844
GEOR20066,Pako Forever,4809,10/15/2023, 11:08:48,844
GEOR20066,Pako Forever,4811,10/15/2023, 12:19:31,844
GEOR20066,Pako Forever,4811,10/15/2023, 13:11:25,844
GEOR20066,Pako Forever,4811,10/15/2023, 14:09:59,844
GEOR20066,Pako Forever,4811,10/15/2023, 15:10:37,844
GEOR20066,Pako Forever,4812,10/15/2023, 16:15:26,844
GEOR20066,Pako Forever,4812,10/15/2023, 17:09:22,844
GEOR20066,Pako Forever,4812,10/15/2023, 18:13:44,844
GEOR20066,Pako Forever,4812,10/15/2023, 19:09:05,844
GEOR20066,Pako Forever,4813,10/15/2023, 20:11:06,844
GEOR20066,Pako Forever,4813,10/15/2023, 21:09:37,844
GEOR20066,Pako Forever,4813,10/15/2023, 22:10:17,844
GEOR20066,Pako Forever,4813,10/15/2023, 23:10:49,844
GEOR20066,Pako Forever,4814,10/16/2023, 00:50:42,844
GEOR20066,Pako Forever,4814,10/16/2023, 01:51:12,844
GEOR20066,Pako Forever,4814,10/16/2023, 02:21:06,844
GEOR20066,Pako Forever,4814,10/16/2023, 03:12:32,844
GEOR20066,Pako Forever,4814,10/16/2023, 04:13:40,844
GEOR20066,Pako Forever,4814,10/16/2023, 05:11:40,844
GEOR20066,Pako Forever,4814,10/16/2023, 06:15:36,844
GEOR20066,Pako Forever,4814,10/16/2023, 07:11:28,844
GEOR20066,Pako Forever,4814,10/16/2023, 08:15:56,844
GEOR20066,Pako Forever,4814,10/16/2023, 09:12:45,844
GEOR20066,Pako Forever,4814,10/16/2023, 10:13:08,844
GEOR20066,Pako Forever,4814,10/16/2023, 11:10:18,844
GEOR20066,Pako Forever,4814,10/16/2023, 12:22:14,844
GEOR20066,Pako Forever,4814,10/16/2023, 13:15:58,844
GEOR20066,Pako Forever,4814,10/16/2023, 14:12:02,844
GEOR20066,Pako Forever,4814,10/16/2023, 15:11:54,844
GEOR20066,Pako Forever,4815,10/16/2023, 16:15:11,844
GEOR20066,Pako Forever,4815,10/16/2023, 17:10:56,844
GEOR20066,Pako Forever,4816,10/16/2023, 18:15:33,844
GEOR20066,Pako Forever,4816,10/16/2023, 19:09:43,844
GEOR20066,Pako Forever,4816,10/16/2023, 20:13:05,844
GEOR20066,Pako Forever,4817,10/16/2023, 21:10:46,844
GEOR20066,Pako Forever,4817,10/16/2023, 22:10:52,844
GEOR20066,Pako Forever,4818,10/16/2023, 23:10:59,844
GEOR20066,Pako Forever,4819,10/17/2023, 00:50:09,844
GEOR20066,Pako Forever,4819,10/17/2023, 01:48:51,844
GEOR20066,Pako Forever,4819,10/17/2023, 02:19:28,844
GEOR20066,Pako Forever,4819,10/17/2023, 03:12:24,844
GEOR20066,Pako Forever,4820,10/17/2023, 04:13:28,844
GEOR20066,Pako Forever,4820,10/17/2023, 05:11:20,844
GEOR20066,Pako Forever,4820,10/17/2023, 06:15:50,844
GEOR20066,Pako Forever,4820,10/17/2023, 07:11:37,844
GEOR20066,Pako Forever,4820,10/17/2023, 08:15:12,844
GEOR20066,Pako Forever,4820,10/17/2023, 09:11:54,844
GEOR20066,Pako Forever,4821,10/17/2023, 10:12:51,844
GEOR20066,Pako Forever,4821,10/17/2023, 11:09:43,844
GEOR20066,Pako Forever,4821,10/17/2023, 12:22:07,844
GEOR20066,Pako Forever,4821,10/17/2023, 13:15:19,844
GEOR20066,Pako Forever,4821,10/17/2023, 14:11:10,844
GEOR20066,Pako Forever,4821,10/17/2023, 15:12:00,844
GEOR20066,Pako Forever,4821,10/17/2023, 16:15:15,844
GEOR20066,Pako Forever,4821,10/17/2023, 17:10:51,844
GEOR20066,Pako Forever,4821,10/17/2023, 18:15:25,844
GEOR20066,Pako Forever,4822,10/17/2023, 19:09:34,844
GEOR20066,Pako Forever,4822,10/17/2023, 20:12:01,844
GEOR20066,Pako Forever,4822,10/17/2023, 21:10:34,844
GEOR20066,Pako Forever,4822,10/17/2023, 22:10:39,844
GEOR20066,Pako Forever,4822,10/17/2023, 23:11:19,844
GEOR20066,Pako Forever,4822,10/18/2023, 00:49:38,844
GEOR20066,Pako Forever,4822,10/18/2023, 01:48:49,844
GEOR20066,Pako Forever,4822,10/18/2023, 02:19:23,844
GEOR20066,Pako Forever,4822,10/18/2023, 03:12:24,844
GEOR20066,Pako Forever,4822,10/18/2023, 04:13:47,844
GEOR20066,Pako Forever,4822,10/18/2023, 05:11:15,844
GEOR20066,Pako Forever,4822,10/18/2023, 06:15:22,844
GEOR20066,Pako Forever,4822,10/18/2023, 07:11:15,844
GEOR20066,Pako Forever,4822,10/18/2023, 08:14:42,844
GEOR20066,Pako Forever,4822,10/18/2023, 09:12:18,844
GEOR20066,Pako Forever,4822,10/18/2023, 10:12:14,844
GEOR20066,Pako Forever,4822,10/18/2023, 11:09:44,844
GEOR20066,Pako Forever,4822,10/18/2023, 12:21:51,844
GEOR20066,Pako Forever,4822,10/18/2023, 13:14:53,844
GEOR20066,Pako Forever,4822,10/18/2023, 14:10:57,844
GEOR20066,Pako Forever,4822,10/18/2023, 15:12:18,844
GEOR20066,Pako Forever,4822,10/18/2023, 16:14:47,844
GEOR20066,Pako Forever,4822,10/18/2023, 17:11:25,844
GEOR20066,Pako Forever,4822,10/18/2023, 18:15:19,844
GEOR20066,Pako Forever,4822,10/18/2023, 19:10:14,844
GEOR20066,Pako Forever,4822,10/18/2023, 20:12:07,844
GEOR20066,Pako Forever,4823,10/18/2023, 21:10:10,844
GEOR20066,Pako Forever,4823,10/18/2023, 22:11:07,844
GEOR20066,Pako Forever,4825,10/18/2023, 23:11:15,844
GEOR20066,Pako Forever,4825,10/19/2023, 00:49:13,844
GEOR20066,Pako Forever,4825,10/19/2023, 01:47:29,844
GEOR20066,Pako Forever,4825,10/19/2023, 02:19:02,844
GEOR20066,Pako Forever,4825,10/19/2023, 03:12:15,844
GEOR20066,Pako Forever,4825,10/19/2023, 04:13:32,844
GEOR20066,Pako Forever,4826,10/19/2023, 05:11:16,844
GEOR20066,Pako Forever,4826,10/19/2023, 06:15:43,844
GEOR20066,Pako Forever,4826,10/19/2023, 07:11:08,844
GEOR20066,Pako Forever,4826,10/19/2023, 08:14:57,844
GEOR20066,Pako Forever,4826,10/19/2023, 09:11:35,844
GEOR20066,Pako Forever,4826,10/19/2023, 10:12:29,844
GEOR20066,Pako Forever,4826,10/19/2023, 11:09:44,844
GEOR20066,Pako Forever,4826,10/19/2023, 12:21:46,844
GEOR20066,Pako Forever,4827,10/19/2023, 13:14:57,844
GEOR20066,Pako Forever,4827,10/19/2023, 14:11:16,844
GEOR20066,Pako Forever,4828,10/19/2023, 15:11:48,844
GEOR20066,Pako Forever,4828,10/19/2023, 16:15:00,844
GEOR20066,Pako Forever,4828,10/19/2023, 17:10:16,844
GEOR20066,Pako Forever,4828,10/19/2023, 18:14:33,844
GEOR20066,Pako Forever,4829,10/19/2023, 19:09:41,844
GEOR20066,Pako Forever,4830,10/19/2023, 20:12:28,844
GEOR20066,Pako Forever,4830,10/19/2023, 21:09:39,844
GEOR20066,Pako Forever,4830,10/19/2023, 22:10:27,844
GEOR20066,Pako Forever,4830,10/19/2023, 23:11:32,844
GEOR20066,Pako Forever,4830,10/20/2023, 00:49:36,844
GEOR20066,Pako Forever,4830,10/20/2023, 01:46:50,844
GEOR20066,Pako Forever,4830,10/20/2023, 02:19:00,844
GEOR20066,Pako Forever,4830,10/20/2023, 03:12:04,844
GEOR20066,Pako Forever,4830,10/20/2023, 04:13:46,844
GEOR20066,Pako Forever,4830,10/20/2023, 05:10:52,844
GEOR20066,Pako Forever,4830,10/20/2023, 06:15:06,844
GEOR20066,Pako Forever,4830,10/20/2023, 07:11:20,844
GEOR20066,Pako Forever,4830,10/20/2023, 08:14:53,844
GEOR20066,Pako Forever,4830,10/20/2023, 09:11:35,844
GEOR20066,Pako Forever,4830,10/20/2023, 10:12:26,844
GEOR20066,Pako Forever,4830,10/20/2023, 11:10:03,844
GEOR20066,Pako Forever,4830,10/20/2023, 12:21:02,844
GEOR20066,Pako Forever,4830,10/20/2023, 13:14:23,844
GEOR20066,Pako Forever,4830,10/20/2023, 14:10:50,844
GEOR20066,Pako Forever,4830,10/20/2023, 15:10:29,844
GEOR20066,Pako Forever,4830,10/20/2023, 16:14:15,844
GEOR20066,Pako Forever,4830,10/20/2023, 17:10:22,844
GEOR20066,Pako Forever,4830,10/20/2023, 18:13:47,844
GEOR20066,Pako Forever,4830,10/20/2023, 19:09:08,844
GEOR20066,Pako Forever,4830,10/20/2023, 20:11:51,844
GEOR20066,Pako Forever,4831,10/20/2023, 21:09:51,844
GEOR20066,Pako Forever,4831,10/20/2023, 22:10:29,844
GEOR20066,Pako Forever,4831,10/20/2023, 23:10:53,844
GEOR20066,Pako Forever,4831,10/21/2023, 00:47:27,844
GEOR20066,Pako Forever,4831,10/21/2023, 01:42:53,844
GEOR20066,Pako Forever,4831,10/21/2023, 02:16:06,844
GEOR20066,Pako Forever,4831,10/21/2023, 03:11:41,844
GEOR20066,Pako Forever,4831,10/21/2023, 04:13:20,844
GEOR20066,Pako Forever,4831,10/21/2023, 05:11:31,844
GEOR20066,Pako Forever,4831,10/21/2023, 06:13:59,844
GEOR20066,Pako Forever,4831,10/21/2023, 07:09:59,844
GEOR20066,Pako Forever,4831,10/21/2023, 08:13:08,844
GEOR20066,Pako Forever,4831,10/21/2023, 09:10:06,844
GEOR20066,Pako Forever,4831,10/21/2023, 10:10:41,844
GEOR20066,Pako Forever,4831,10/21/2023, 11:09:19,844
GEOR20066,Pako Forever,4831,10/21/2023, 12:18:46,844
GEOR20066,Pako Forever,4832,10/21/2023, 13:11:29,844
GEOR20066,Pako Forever,4832,10/21/2023, 14:09:13,844
GEOR20066,Pako Forever,4833,10/21/2023, 15:10:35,844
GEOR20066,Pako Forever,4833,10/21/2023, 16:13:26,844
GEOR20066,Pako Forever,4833,10/21/2023, 17:09:38,844
GEOR20066,Pako Forever,4833,10/21/2023, 18:13:01,844
GEOR20066,Pako Forever,4834,10/21/2023, 19:08:46,844
GEOR20066,Pako Forever,4836,10/21/2023, 20:11:12,844
GEOR20066,Pako Forever,4836,10/21/2023, 21:09:27,844
GEOR20066,Pako Forever,4836,10/21/2023, 22:10:17,844
GEOR20066,Pako Forever,4837,10/21/2023, 23:10:39,844
GEOR20066,Pako Forever,4838,10/22/2023, 00:53:17,844
GEOR20066,Pako Forever,4838,10/22/2023, 01:53:24,844
GEOR20066,Pako Forever,4838,10/22/2023, 02:21:28,844
GEOR20066,Pako Forever,4838,10/22/2023, 03:11:44,844
GEOR20066,Pako Forever,4839,10/22/2023, 04:13:21,844
GEOR20066,Pako Forever,4839,10/22/2023, 05:11:16,844
GEOR20066,Pako Forever,4839,10/22/2023, 06:14:25,844
GEOR20066,Pako Forever,4839,10/22/2023, 07:09:55,844
GEOR20066,Pako Forever,4839,10/22/2023, 08:12:59,844
GEOR20066,Pako Forever,4840,10/22/2023, 09:10:21,844
GEOR20066,Pako Forever,4840,10/22/2023, 10:11:24,844
GEOR20066,Pako Forever,4840,10/22/2023, 11:09:15,844
GEOR20066,Pako Forever,4840,10/22/2023, 12:19:26,844
GEOR20066,Pako Forever,4840,10/22/2023, 13:12:01,844
GEOR20066,Pako Forever,4840,10/22/2023, 14:10:04,844
GEOR20066,Pako Forever,4840,10/22/2023, 15:10:17,844
GEOR20066,Pako Forever,4840,10/22/2023, 16:13:42,844
GEOR20066,Pako Forever,4840,10/22/2023, 17:10:19,844
GEOR20066,Pako Forever,4840,10/22/2023, 18:12:54,844
GEOR20066,Pako Forever,4842,10/22/2023, 19:10:12,844
GEOR20066,Pako Forever,4842,10/22/2023, 20:11:02,844
GEOR20066,Pako Forever,4843,10/22/2023, 21:09:39,844
GEOR20066,Pako Forever,4844,10/22/2023, 22:09:54,844
GEOR20066,Pako Forever,4844,10/22/2023, 23:10:45,844
GEOR20066,Pako Forever,4845,10/23/2023, 00:50:06,844
GEOR20066,Pako Forever,4845,10/23/2023, 01:48:42,844
GEOR20066,Pako Forever,4845,10/23/2023, 02:19:56,844
GEOR20066,Pako Forever,4845,10/23/2023, 03:12:32,844
GEOR20066,Pako Forever,4845,10/23/2023, 04:13:52,844
GEOR20066,Pako Forever,4846,10/23/2023, 05:11:38,844
GEOR20066,Pako Forever,4846,10/23/2023, 06:15:52,844
GEOR20066,Pako Forever,4847,10/23/2023, 07:11:25,844
GEOR20066,Pako Forever,4848,10/23/2023, 08:15:35,844
GEOR20066,Pako Forever,4849,10/23/2023, 09:12:39,844
GEOR20066,Pako Forever,4849,10/23/2023, 10:13:12,844
GEOR20066,Pako Forever,4849,10/23/2023, 11:09:41,844
GEOR20066,Pako Forever,4849,10/23/2023, 12:21:42,844
GEOR20066,Pako Forever,4849,10/23/2023, 13:15:18,844
GEOR20066,Pako Forever,4849,10/23/2023, 14:11:19,844
GEOR20066,Pako Forever,4849,10/23/2023, 15:12:30,844
GEOR20066,Pako Forever,4849,10/23/2023, 16:14:50,844
GEOR20066,Pako Forever,4849,10/23/2023, 17:10:01,844
GEOR20066,Pako Forever,4849,10/23/2023, 18:13:42,844
GEOR20066,Pako Forever,4849,10/23/2023, 19:09:48,844
GEOR20066,Pako Forever,4850,10/23/2023, 20:11:16,844
GEOR20066,Pako Forever,4850,10/23/2023, 21:10:27,844
GEOR20066,Pako Forever,4851,10/23/2023, 22:11:19,844
GEOR20066,Pako Forever,4851,10/23/2023, 23:11:27,844
GEOR20066,Pako Forever,4851,10/24/2023, 00:49:29,844
GEOR20066,Pako Forever,4852,10/24/2023, 01:46:41,844
GEOR20066,Pako Forever,4852,10/24/2023, 02:19:17,844
GEOR20066,Pako Forever,4852,10/24/2023, 03:12:57,844
GEOR20066,Pako Forever,4852,10/24/2023, 04:13:03,844
GEOR20066,Pako Forever,4852,10/24/2023, 05:11:01,844
GEOR20066,Pako Forever,4853,10/24/2023, 06:14:51,844
GEOR20066,Pako Forever,4853,10/24/2023, 07:11:11,844
GEOR20066,Pako Forever,4853,10/24/2023, 08:14:59,844
GEOR20066,Pako Forever,4853,10/24/2023, 09:11:50,844
GEOR20066,Pako Forever,4853,10/24/2023, 10:12:37,844
GEOR20066,Pako Forever,4853,10/24/2023, 11:09:17,844
GEOR20066,Pako Forever,4853,10/24/2023, 12:20:44,844
GEOR20066,Pako Forever,4853,10/24/2023, 13:14:20,844
GEOR20066,Pako Forever,4853,10/24/2023, 14:10:01,844
GEOR20066,Pako Forever,4853,10/24/2023, 15:12:55,844
GEOR20066,Pako Forever,4853,10/24/2023, 16:15:09,844
GEOR20066,Pako Forever,4853,10/24/2023, 17:10:56,844
GEOR20066,Pako Forever,4854,10/24/2023, 18:14:47,844
GEOR20066,Pako Forever,4855,10/24/2023, 19:09:19,844
GEOR20066,Pako Forever,4855,10/24/2023, 20:12:19,844
GEOR20066,Pako Forever,4856,10/24/2023, 21:10:18,844
GEOR20066,Pako Forever,4856,10/24/2023, 22:10:36,844
GEOR20066,Pako Forever,4856,10/24/2023, 23:11:11,844
GEOR20066,Pako Forever,4856,10/25/2023, 00:49:31,844
GEOR20066,Pako Forever,4856,10/25/2023, 01:46:18,844
GEOR20066,Pako Forever,4856,10/25/2023, 02:18:45,844
GEOR20066,Pako Forever,4856,10/25/2023, 03:12:19,844
GEOR20066,Pako Forever,4856,10/25/2023, 04:14:00,844
GEOR20066,Pako Forever,4856,10/25/2023, 05:11:09,844
GEOR20066,Pako Forever,4856,10/25/2023, 06:15:04,844
GEOR20066,Pako Forever,4856,10/25/2023, 07:11:44,844
GEOR20066,Pako Forever,4856,10/25/2023, 08:15:10,844
GEOR20066,Pako Forever,4856,10/25/2023, 09:12:20,844
GEOR20066,Pako Forever,4858,10/25/2023, 10:12:32,844
GEOR20066,Pako Forever,4858,10/25/2023, 11:10:02,844
GEOR20066,Pako Forever,4858,10/25/2023, 12:21:04,844
GEOR20066,Pako Forever,4858,10/25/2023, 13:14:12,844
GEOR20066,Pako Forever,4858,10/25/2023, 14:10:39,844
GEOR20066,Pako Forever,4858,10/25/2023, 15:11:30,844
GEOR20066,Pako Forever,4859,10/25/2023, 16:14:26,844
GEOR20066,Pako Forever,4859,10/25/2023, 17:09:38,844
GEOR20066,Pako Forever,4859,10/25/2023, 18:14:29,844
GEOR20066,Pako Forever,4859,10/25/2023, 19:09:06,844
GEOR20066,Pako Forever,4859,10/25/2023, 20:11:44,844
GEOR20066,Pako Forever,4859,10/25/2023, 21:10:23,844
GEOR20066,Pako Forever,4859,10/25/2023, 22:10:30,844
GEOR20066,Pako Forever,4859,10/25/2023, 23:11:47,844
GEOR20066,Pako Forever,4859,10/26/2023, 00:48:36,844
GEOR20066,Pako Forever,4859,10/26/2023, 01:43:56,844
GEOR20066,Pako Forever,4859,10/26/2023, 02:17:43,844
GEOR20066,Pako Forever,4859,10/26/2023, 03:12:02,844
GEOR20066,Pako Forever,4859,10/26/2023, 04:13:20,844
GEOR20066,Pako Forever,4859,10/26/2023, 05:11:09,844
GEOR20066,Pako Forever,4859,10/26/2023, 06:14:47,844
GEOR20066,Pako Forever,4859,10/26/2023, 07:11:16,844
GEOR20066,Pako Forever,4859,10/26/2023, 08:14:36,844
GEOR20066,Pako Forever,4859,10/26/2023, 09:11:37,844
GEOR20066,Pako Forever,4860,10/26/2023, 10:12:07,844
GEOR20066,Pako Forever,4860,10/26/2023, 11:09:35,844
GEOR20066,Pako Forever,4860,10/26/2023, 15:11:43,844
GEOR20066,Pako Forever,4860,10/26/2023, 16:14:03,844
GEOR20066,Pako Forever,4860,10/26/2023, 17:10:35,844
GEOR20066,Pako Forever,4861,10/26/2023, 18:14:43,844
GEOR20066,Pako Forever,4862,10/26/2023, 19:09:29,844
GEOR20066,Pako Forever,4862,10/26/2023, 20:12:13,844
GEOR20066,Pako Forever,4863,10/26/2023, 21:10:35,844
GEOR20066,Pako Forever,4863,10/26/2023, 22:10:52,844
GEOR20066,Pako Forever,4863,10/26/2023, 23:11:47,844
GEOR20066,Pako Forever,4863,10/27/2023, 00:48:22,844
GEOR20066,Pako Forever,4863,10/27/2023, 01:44:29,844
GEOR20066,Pako Forever,4863,10/27/2023, 02:17:30,844
GEOR20066,Pako Forever,4863,10/27/2023, 03:12:12,844
GEOR20066,Pako Forever,4863,10/27/2023, 04:13:49,844
GEOR20066,Pako Forever,4863,10/27/2023, 05:11:08,844
GEOR20066,Pako Forever,4863,10/27/2023, 06:15:10,844
GEOR20066,Pako Forever,4863,10/27/2023, 07:10:58,844
GEOR20066,Pako Forever,4863,10/27/2023, 08:14:24,844
GEOR20066,Pako Forever,4863,10/27/2023, 09:10:58,844
GEOR20066,Pako Forever,4863,10/27/2023, 10:12:11,844
GEOR20066,Pako Forever,4863,10/27/2023, 11:09:37,844
GEOR20066,Pako Forever,4863,10/27/2023, 12:20:25,844
GEOR20066,Pako Forever,4863,10/27/2023, 13:13:41,844
GEOR20066,Pako Forever,4864,10/27/2023, 14:10:35,844
GEOR20066,Pako Forever,4864,10/27/2023, 15:11:40,844
GEOR20066,Pako Forever,4864,10/27/2023, 16:13:56,844
GEOR20066,Pako Forever,4864,10/27/2023, 17:08:56,844
GEOR20066,Pako Forever,4867,10/27/2023, 18:14:16,844
GEOR20066,Pako Forever,4868,10/27/2023, 19:08:36,844
GEOR20066,Pako Forever,4869,10/27/2023, 20:11:35,844
GEOR20066,Pako Forever,4869,10/27/2023, 21:10:04,844
GEOR20066,Pako Forever,4869,10/27/2023, 22:11:04,844
GEOR20066,Pako Forever,4869,10/27/2023, 23:10:55,844
GEOR20066,Pako Forever,4869,10/28/2023, 00:46:56,844
GEOR20066,Pako Forever,4869,10/28/2023, 01:42:19,844
GEOR20066,Pako Forever,4869,10/28/2023, 02:15:55,844
GEOR20066,Pako Forever,4869,10/28/2023, 03:11:48,844
GEOR20066,Pako Forever,4870,10/28/2023, 04:13:10,844
GEOR20066,Pako Forever,4870,10/28/2023, 05:10:23,844
GEOR20066,Pako Forever,4870,10/28/2023, 06:13:57,844
GEOR20066,Pako Forever,4871,10/28/2023, 07:10:38,844
GEOR20066,Pako Forever,4871,10/28/2023, 08:13:11,844
GEOR20066,Pako Forever,4871,10/28/2023, 09:10:25,844
GEOR20066,Pako Forever,4872,10/28/2023, 10:11:07,844
GEOR20066,Pako Forever,4872,10/28/2023, 11:09:18,844
GEOR20066,Pako Forever,4873,10/28/2023, 12:18:46,844
GEOR20066,Pako Forever,4873,10/28/2023, 13:11:39,844
GEOR20066,Pako Forever,4873,10/28/2023, 14:09:44,844
GEOR20066,Pako Forever,4873,10/28/2023, 15:11:38,844
GEOR20066,Pako Forever,4874,10/28/2023, 16:13:07,844
GEOR20066,Pako Forever,4874,10/28/2023, 17:09:46,844
GEOR20066,Pako Forever,4874,10/28/2023, 18:13:10,844
GEOR20066,Pako Forever,4875,10/28/2023, 19:08:54,844
GEOR20066,Pako Forever,4875,10/28/2023, 20:10:38,844
GEOR20066,Pako Forever,4875,10/28/2023, 21:09:26,844
GEOR20066,Pako Forever,4875,10/28/2023, 22:09:55,844
GEOR20066,Pako Forever,4875,10/28/2023, 23:10:15,844
GEOR20066,Pako Forever,4875,10/29/2023, 00:53:23,844
GEOR20066,Pako Forever,4876,10/29/2023, 01:51:51,844
GEOR20066,Pako Forever,4877,10/29/2023, 02:20:20,844
GEOR20066,Pako Forever,4877,10/29/2023, 03:11:52,844
GEOR20066,Pako Forever,4877,10/29/2023, 04:12:56,844
GEOR20066,Pako Forever,4877,10/29/2023, 05:10:37,844
GEOR20066,Pako Forever,4877,10/29/2023, 06:13:26,844
GEOR20066,Pako Forever,4877,10/29/2023, 07:10:14,844
GEOR20066,Pako Forever,4877,10/29/2023, 08:12:53,844
GEOR20066,Pako Forever,4877,10/29/2023, 09:10:49,844
GEOR20066,Pako Forever,4877,10/29/2023, 10:10:48,844
GEOR20066,Pako Forever,4877,10/29/2023, 11:09:18,844
GEOR20066,Pako Forever,4877,10/29/2023, 12:18:37,844
GEOR20066,Pako Forever,4877,10/29/2023, 13:12:11,844
GEOR20066,Pako Forever,4877,10/29/2023, 14:10:00,844
GEOR20066,Pako Forever,4879,10/29/2023, 15:10:38,844
GEOR20066,Pako Forever,4879,10/29/2023, 16:14:05,844
GEOR20066,Pako Forever,4879,10/29/2023, 17:09:18,844
GEOR20066,Pako Forever,4881,10/29/2023, 18:13:40,844
GEOR20066,Pako Forever,4881,10/29/2023, 19:09:03,844
GEOR20066,Pako Forever,4881,10/29/2023, 20:11:08,844
GEOR20066,Pako Forever,4881,10/29/2023, 21:09:48,844
GEOR20066,Pako Forever,4882,10/29/2023, 22:10:21,844
GEOR20066,Pako Forever,4882,10/29/2023, 23:10:58,844
GEOR20066,Pako Forever,4883,10/30/2023, 00:50:18,844
GEOR20066,Pako Forever,4883,10/30/2023, 01:49:47,844
GEOR20066,Pako Forever,4883,10/30/2023, 02:20:36,844
GEOR20066,Pako Forever,4883,10/30/2023, 03:12:19,844
GEOR20066,Pako Forever,4883,10/30/2023, 04:13:50,844
GEOR20066,Pako Forever,4883,10/30/2023, 05:11:46,844
GEOR20066,Pako Forever,4883,10/30/2023, 06:15:03,844
GEOR20066,Pako Forever,4884,10/30/2023, 07:11:12,844
GEOR20066,Pako Forever,4884,10/30/2023, 08:14:56,844
GEOR20066,Pako Forever,4884,10/30/2023, 09:12:10,844
GEOR20066,Pako Forever,4884,10/30/2023, 10:12:49,844
GEOR20066,Pako Forever,4884,10/30/2023, 11:09:36,844
GEOR20066,Pako Forever,4884,10/30/2023, 12:21:07,844
GEOR20066,Pako Forever,4884,10/30/2023, 13:14:15,844
GEOR20066,Pako Forever,4884,10/30/2023, 14:11:21,844
GEOR20066,Pako Forever,4884,10/30/2023, 15:12:30,844
GEOR20066,Pako Forever,4884,10/30/2023, 16:14:50,844
GEOR20066,Pako Forever,4884,10/30/2023, 17:10:34,844
GEOR20066,Pako Forever,4885,10/30/2023, 18:14:22,844
GEOR20066,Pako Forever,4885,10/30/2023, 19:09:37,844
GEOR20066,Pako Forever,4885,10/30/2023, 20:12:12,844
GEOR20066,Pako Forever,4885,10/30/2023, 21:09:32,844
GEOR20066,Pako Forever,4885,10/30/2023, 22:11:02,844
GEOR20066,Pako Forever,4885,10/30/2023, 23:11:23,844
GEOR20066,Pako Forever,4886,10/31/2023, 00:50:19,844
GEOR20066,Pako Forever,4886,10/31/2023, 01:48:47,844
GEOR20066,Pako Forever,4886,10/31/2023, 02:19:56,844
GEOR20066,Pako Forever,4886,10/31/2023, 03:11:55,844
GEOR20066,Pako Forever,4886,10/31/2023, 04:13:38,844
GEOR20066,Pako Forever,4886,10/31/2023, 05:11:14,844
GEOR20066,Pako Forever,4886,10/31/2023, 06:15:11,844
GEOR20066,Pako Forever,4887,10/31/2023, 07:11:09,844
GEOR20066,Pako Forever,4887,10/31/2023, 08:14:20,844
GEOR20066,Pako Forever,4887,10/31/2023, 09:11:54,844
GEOR20066,Pako Forever,4887,10/31/2023, 10:12:34,844
GEOR20066,Pako Forever,4887,10/31/2023, 11:09:57,844
GEOR20066,Pako Forever,4887,10/31/2023, 12:20:54,844
GEOR20066,Pako Forever,4887,10/31/2023, 13:13:43,844
GEOR20066,Pako Forever,4888,10/31/2023, 14:11:17,844
GEOR20066,Pako Forever,4888,10/31/2023, 15:12:27,844
GEOR20066,Pako Forever,4888,10/31/2023, 16:15:08,844
GEOR20066,Pako Forever,4888,10/31/2023, 17:10:50,844
GEOR20066,Pako Forever,4888,10/31/2023, 18:14:39,844
GEOR20066,Pako Forever,4888,10/31/2023, 19:10:34,844
GEOR20066,Pako Forever,4888,10/31/2023, 20:12:16,844
GEOR20066,Pako Forever,4888,10/31/2023, 21:09:54,844
GEOR20066,Pako Forever,4888,10/31/2023, 22:10:39,844
GEOR20066,Pako Forever,4890,10/31/2023, 23:10:57,844
GEOR20066,Pako Forever,4890,11/01/2023, 00:53:12,844
GEOR20066,Pako Forever,4890,11/01/2023, 01:53:58,844
GEOR20066,Pako Forever,4890,11/01/2023, 02:23:11,844
GEOR20066,Pako Forever,4890,11/01/2023, 03:12:31,844
GEOR20066,Pako Forever,4890,11/01/2023, 04:14:04,844
GEOR20066,Pako Forever,4890,11/01/2023, 05:11:28,844
GEOR20066,Pako Forever,4890,11/01/2023, 06:15:43,844
GEOR20066,Pako Forever,4891,11/01/2023, 07:11:31,844
GEOR20066,Pako Forever,4891,11/01/2023, 08:14:43,844
GEOR20066,Pako Forever,4891,11/01/2023, 09:11:43,844
GEOR20066,Pako Forever,4891,11/01/2023, 10:11:59,844
GEOR20066,Pako Forever,4891,11/01/2023, 11:10:03,844
GEOR20066,Pako Forever,4892,11/01/2023, 12:21:25,844
GEOR20066,Pako Forever,4892,11/01/2023, 13:14:04,844
GEOR20066,Pako Forever,4892,11/01/2023, 14:10:49,844
GEOR20066,Pako Forever,4892,11/01/2023, 15:11:46,844
GEOR20066,Pako Forever,4892,11/01/2023, 16:14:55,844
GEOR20066,Pako Forever,4892,11/01/2023, 17:10:39,844
GEOR20066,Pako Forever,4892,11/01/2023, 18:14:15,844
GEOR20066,Pako Forever,4892,11/01/2023, 19:09:11,844
GEOR20066,Pako Forever,4892,11/01/2023, 20:12:21,844
GEOR20066,Pako Forever,4892,11/01/2023, 21:10:01,844
GEOR20066,Pako Forever,4892,11/01/2023, 22:11:03,844
GEOR20066,Pako Forever,4892,11/01/2023, 23:11:32,844
GEOR20066,Pako Forever,4892,11/02/2023, 00:49:29,844
GEOR20066,Pako Forever,4892,11/02/2023, 01:46:58,844
GEOR20066,Pako Forever,4892,11/02/2023, 02:18:48,844
GEOR20066,Pako Forever,4892,11/02/2023, 03:12:30,844
GEOR20066,Pako Forever,4892,11/02/2023, 04:13:31,844
GEOR20066,Pako Forever,4892,11/02/2023, 05:11:38,844
GEOR20066,Pako Forever,4892,11/02/2023, 06:14:56,844
GEOR20066,Pako Forever,4892,11/02/2023, 07:11:47,844
GEOR20066,Pako Forever,4892,11/02/2023, 08:14:04,844
GEOR20066,Pako Forever,4892,11/02/2023, 09:11:49,844
GEOR20066,Pako Forever,4893,11/02/2023, 10:12:37,844
GEOR20066,Pako Forever,4893,11/02/2023, 11:10:25,844
GEOR20066,Pako Forever,4893,11/02/2023, 12:21:07,844
GEOR20066,Pako Forever,4893,11/02/2023, 13:14:07,844
GEOR20066,Pako Forever,4894,11/02/2023, 14:11:14,844
GEOR20066,Pako Forever,4894,11/02/2023, 15:11:56,844
GEOR20066,Pako Forever,4894,11/02/2023, 16:15:26,844
GEOR20066,Pako Forever,4894,11/02/2023, 17:11:02,844
GEOR20066,Pako Forever,4896,11/02/2023, 18:14:20,844
GEOR20066,Pako Forever,4897,11/02/2023, 19:09:35,844
GEOR20066,Pako Forever,4897,11/02/2023, 20:12:15,844
GEOR20066,Pako Forever,4897,11/02/2023, 21:10:06,844
GEOR20066,Pako Forever,4897,11/02/2023, 22:10:00,844
GEOR20066,Pako Forever,4897,11/02/2023, 23:11:27,844
GEOR20066,Pako Forever,4899,11/03/2023, 00:50:33,844
GEOR20066,Pako Forever,4899,11/03/2023, 01:49:20,844
GEOR20066,Pako Forever,4899,11/03/2023, 02:20:29,844
GEOR20066,Pako Forever,4899,11/03/2023, 03:11:58,844
GEOR20066,Pako Forever,4899,11/03/2023, 04:13:43,844
GEOR20066,Pako Forever,4899,11/03/2023, 05:11:21,844
GEOR20066,Pako Forever,4899,11/03/2023, 06:14:58,844
GEOR20066,Pako Forever,4899,11/03/2023, 07:10:46,844
GEOR20066,Pako Forever,4899,11/03/2023, 08:14:25,844
GEOR20066,Pako Forever,4899,11/03/2023, 09:12:04,844
GEOR20066,Pako Forever,4899,11/03/2023, 10:12:42,844
GEOR20066,Pako Forever,4899,11/03/2023, 11:10:03,844
GEOR20066,Pako Forever,4899,11/03/2023, 12:21:24,844
GEOR20066,Pako Forever,4899,11/03/2023, 13:14:38,844
GEOR20066,Pako Forever,4899,11/03/2023, 14:11:09,844
GEOR20066,Pako Forever,4899,11/03/2023, 15:12:22,844
GEOR20066,Pako Forever,4899,11/03/2023, 16:14:58,844
GEOR20066,Pako Forever,4899,11/03/2023, 17:10:58,844
GEOR20066,Pako Forever,4899,11/03/2023, 18:14:41,844
GEOR20066,Pako Forever,4900,11/03/2023, 19:09:46,844
GEOR20066,Pako Forever,4900,11/03/2023, 20:12:35,844
GEOR20066,Pako Forever,4900,11/03/2023, 21:09:13,844
GEOR20066,Pako Forever,4901,11/03/2023, 22:11:14,844
GEOR20066,Pako Forever,4901,11/03/2023, 23:11:38,844
GEOR20066,Pako Forever,4901,11/04/2023, 00:49:34,844
GEOR20066,Pako Forever,4901,11/04/2023, 01:45:53,844
GEOR20066,Pako Forever,4901,11/04/2023, 02:18:11,844
GEOR20066,Pako Forever,4901,11/04/2023, 03:11:43,844
GEOR20066,Pako Forever,4901,11/04/2023, 04:13:31,844
GEOR20066,Pako Forever,4901,11/04/2023, 05:11:12,844
GEOR20066,Pako Forever,4901,11/04/2023, 06:13:31,844
GEOR20066,Pako Forever,4901,11/04/2023, 07:10:46,844
GEOR20066,Pako Forever,4902,11/04/2023, 08:13:31,844
GEOR20066,Pako Forever,4902,11/04/2023, 09:10:34,844
GEOR20066,Pako Forever,4902,11/04/2023, 10:11:39,844
GEOR20066,Pako Forever,4902,11/04/2023, 11:10:05,844
GEOR20066,Pako Forever,4902,11/04/2023, 12:18:38,844
GEOR20066,Pako Forever,4902,11/04/2023, 13:11:53,844
GEOR20066,Pako Forever,4902,11/04/2023, 14:10:02,844
GEOR20066,Pako Forever,4902,11/04/2023, 15:10:42,844
GEOR20066,Pako Forever,4904,11/04/2023, 16:13:33,844
GEOR20066,Pako Forever,4904,11/04/2023, 17:09:50,844
GEOR20066,Pako Forever,4905,11/04/2023, 18:13:29,844
GEOR20066,Pako Forever,4905,11/04/2023, 19:08:54,844
GEOR20066,Pako Forever,4905,11/04/2023, 20:11:30,844
GEOR20066,Pako Forever,4905,11/04/2023, 21:09:46,844
GEOR20066,Pako Forever,4905,11/04/2023, 22:10:52,844
GEOR20066,Pako Forever,4905,11/04/2023, 23:10:56,844
GEOR20066,Pako Forever,4905,11/05/2023, 00:53:31,844
GEOR20066,Pako Forever,4906,11/05/2023, 01:53:54,844
GEOR20066,Pako Forever,4906,11/05/2023, 02:23:10,844
GEOR20066,Pako Forever,4906,11/05/2023, 03:12:45,844
GEOR20066,Pako Forever,4906,11/05/2023, 04:13:02,844
GEOR20066,Pako Forever,4906,11/05/2023, 05:10:59,844
GEOR20066,Pako Forever,4907,11/05/2023, 06:13:31,844
GEOR20066,Pako Forever,4908,11/05/2023, 07:10:11,844
GEOR20066,Pako Forever,4908,11/05/2023, 08:13:19,844
GEOR20066,Pako Forever,4908,11/05/2023, 09:10:42,844
GEOR20066,Pako Forever,4908,11/05/2023, 10:11:06,844
GEOR20066,Pako Forever,4908,11/05/2023, 11:08:54,844
GEOR20066,Pako Forever,4908,11/05/2023, 12:19:04,844
GEOR20066,Pako Forever,4908,11/05/2023, 13:11:40,844
GEOR20066,Pako Forever,4908,11/05/2023, 14:09:36,844
GEOR20066,Pako Forever,4908,11/05/2023, 15:10:37,844
GEOR20066,Pako Forever,4908,11/05/2023, 16:13:30,844
GEOR20066,Pako Forever,4908,11/05/2023, 17:09:39,844
GEOR20066,Pako Forever,4908,11/05/2023, 18:13:17,844
GEOR20066,Pako Forever,4908,11/05/2023, 19:09:19,844
GEOR20066,Pako Forever,4908,11/05/2023, 20:11:16,844
GEOR20066,Pako Forever,4908,11/05/2023, 21:09:56,844
GEOR20066,Pako Forever,4908,11/05/2023, 22:10:13,844
GEOR20066,Pako Forever,4908,11/05/2023, 23:10:40,844
GEOR20066,Pako Forever,4908,11/06/2023, 00:51:29,844
GEOR20066,Pako Forever,4908,11/06/2023, 01:53:16,844
GEOR20066,Pako Forever,4908,11/06/2023, 02:23:47,844
GEOR20066,Pako Forever,4908,11/06/2023, 03:12:22,844
GEOR20066,Pako Forever,4909,11/06/2023, 04:14:27,844
GEOR20066,Pako Forever,4909,11/06/2023, 05:12:02,844
GEOR20066,Pako Forever,4910,11/06/2023, 06:15:31,844
GEOR20066,Pako Forever,4910,11/06/2023, 07:11:15,844
GEOR20066,Pako Forever,4910,11/06/2023, 08:15:55,844
GEOR20066,Pako Forever,4910,11/06/2023, 09:12:30,844
GEOR20066,Pako Forever,4910,11/06/2023, 10:13:36,844
GEOR20066,Pako Forever,4910,11/06/2023, 11:10:42,844
GEOR20066,Pako Forever,4911,11/06/2023, 12:22:17,844
GEOR20066,Pako Forever,4911,11/06/2023, 13:16:00,844
GEOR20066,Pako Forever,4911,11/06/2023, 14:12:00,844
GEOR20066,Pako Forever,4911,11/06/2023, 15:12:53,844
GEOR20066,Pako Forever,4911,11/06/2023, 16:15:04,844
GEOR20066,Pako Forever,4911,11/06/2023, 17:10:50,844
GEOR20066,Pako Forever,4912,11/06/2023, 18:14:47,844
GEOR20066,Pako Forever,4912,11/06/2023, 19:09:44,844
GEOR20066,Pako Forever,4912,11/06/2023, 20:12:34,844
GEOR20066,Pako Forever,4912,11/06/2023, 21:10:06,844
GEOR20066,Pako Forever,4912,11/06/2023, 22:11:17,844
GEOR20066,Pako Forever,4913,11/06/2023, 23:11:34,844
GEOR20066,Pako Forever,4913,11/07/2023, 00:51:30,844
GEOR20066,Pako Forever,4913,11/07/2023, 01:51:47,844
GEOR20066,Pako Forever,4913,11/07/2023, 02:22:01,844
GEOR20066,Pako Forever,4913,11/07/2023, 03:11:46,844
GEOR20066,Pako Forever,4913,11/07/2023, 04:14:02,844
GEOR20066,Pako Forever,4913,11/07/2023, 05:11:20,844
GEOR20066,Pako Forever,4913,11/07/2023, 06:14:54,844
GEOR20066,Pako Forever,4913,11/07/2023, 07:10:58,844
GEOR20066,Pako Forever,4913,11/07/2023, 08:14:44,844
GEOR20066,Pako Forever,4913,11/07/2023, 09:11:31,844
GEOR20066,Pako Forever,4913,11/07/2023, 10:12:34,844
GEOR20066,Pako Forever,4913,11/07/2023, 11:09:55,844
GEOR20066,Pako Forever,4913,11/07/2023, 12:21:00,844
GEOR20066,Pako Forever,4913,11/07/2023, 13:13:52,844
GEOR20066,Pako Forever,4913,11/07/2023, 14:11:07,844
GEOR20066,Pako Forever,4913,11/07/2023, 15:12:06,844
GEOR20066,Pako Forever,4913,11/07/2023, 16:14:41,844
GEOR20066,Pako Forever,4914,11/07/2023, 17:10:30,844
GEOR20066,Pako Forever,4914,11/07/2023, 18:14:22,844
GEOR20066,Pako Forever,4914,11/07/2023, 19:09:28,844
GEOR20066,Pako Forever,4914,11/07/2023, 20:12:01,844
GEOR20066,Pako Forever,4914,11/07/2023, 21:10:02,844
GEOR20066,Pako Forever,4914,11/07/2023, 22:11:08,844
GEOR20066,Pako Forever,4915,11/07/2023, 23:12:01,844
GEOR20066,Pako Forever,4915,11/08/2023, 00:50:46,844
GEOR20066,Pako Forever,4915,11/08/2023, 01:50:25,844
GEOR20066,Pako Forever,4916,11/08/2023, 02:21:07,844
GEOR20066,Pako Forever,4916,11/08/2023, 03:12:00,844
GEOR20066,Pako Forever,4916,11/08/2023, 04:13:50,844
GEOR20066,Pako Forever,4917,11/08/2023, 05:11:16,844
GEOR20066,Pako Forever,4917,11/08/2023, 06:15:11,844
GEOR20066,Pako Forever,4917,11/08/2023, 07:10:50,844
GEOR20066,Pako Forever,4917,11/08/2023, 08:14:30,844
GEOR20066,Pako Forever,4917,11/08/2023, 09:11:39,844
GEOR20066,Pako Forever,4917,11/08/2023, 10:12:04,844
GEOR20066,Pako Forever,4917,11/08/2023, 11:10:08,844
GEOR20066,Pako Forever,4918,11/08/2023, 12:20:45,844
GEOR20066,Pako Forever,4918,11/08/2023, 13:14:16,844
GEOR20066,Pako Forever,4918,11/08/2023, 14:11:10,844
GEOR20066,Pako Forever,4918,11/08/2023, 15:12:28,844
GEOR20066,Pako Forever,4918,11/08/2023, 16:15:02,844
GEOR20066,Pako Forever,4918,11/08/2023, 17:10:30,844
GEOR20066,Pako Forever,4918,11/08/2023, 18:14:36,844
GEOR20066,Pako Forever,4918,11/08/2023, 19:09:22,844
GEOR20066,Pako Forever,4918,11/08/2023, 20:12:04,844
GEOR20066,Pako Forever,4918,11/08/2023, 21:10:31,844
GEOR20066,Pako Forever,4919,11/08/2023, 22:10:57,844
GEOR20066,Pako Forever,4919,11/08/2023, 23:11:59,844
GEOR20066,Pako Forever,4919,11/09/2023, 00:51:07,844
GEOR20066,Pako Forever,4919,11/09/2023, 01:50:55,844
GEOR20066,Pako Forever,4919,11/09/2023, 02:21:03,844
GEOR20066,Pako Forever,4919,11/09/2023, 03:12:31,844
GEOR20066,Pako Forever,4920,11/09/2023, 04:13:41,844
GEOR20066,Pako Forever,4920,11/09/2023, 05:11:23,844
GEOR20066,Pako Forever,4920,11/09/2023, 06:15:05,844
GEOR20066,Pako Forever,4920,11/09/2023, 07:10:40,844
GEOR20066,Pako Forever,4920,11/09/2023, 08:14:31,844
GEOR20066,Pako Forever,4920,11/09/2023, 09:11:33,844
GEOR20066,Pako Forever,4920,11/09/2023, 10:12:35,844
GEOR20066,Pako Forever,4920,11/09/2023, 11:10:04,844
GEOR20066,Pako Forever,4920,11/09/2023, 12:21:04,844
GEOR20066,Pako Forever,4920,11/09/2023, 13:13:48,844
GEOR20066,Pako Forever,4920,11/09/2023, 14:10:53,844
GEOR20066,Pako Forever,4920,11/09/2023, 15:11:43,844
GEOR20066,Pako Forever,4920,11/09/2023, 16:14:33,844
GEOR20066,Pako Forever,4920,11/09/2023, 17:10:39,844
GEOR20066,Pako Forever,4920,11/09/2023, 18:14:27,844
GEOR20066,Pako Forever,4920,11/09/2023, 19:09:25,844
GEOR20066,Pako Forever,4920,11/09/2023, 20:12:15,844
GEOR20066,Pako Forever,4921,11/09/2023, 21:10:36,844
GEOR20066,Pako Forever,4921,11/09/2023, 22:10:54,844
GEOR20066,Pako Forever,4921,11/09/2023, 23:11:37,844
GEOR20066,Pako Forever,4922,11/10/2023, 00:50:38,844
GEOR20066,Pako Forever,4922,11/10/2023, 01:50:13,844
GEOR20066,Pako Forever,4922,11/10/2023, 02:21:13,844
GEOR20066,Pako Forever,4923,11/10/2023, 03:12:16,844
GEOR20066,Pako Forever,4923,11/10/2023, 04:14:14,844
GEOR20066,Pako Forever,4923,11/10/2023, 05:11:14,844
GEOR20066,Pako Forever,4923,11/10/2023, 06:15:03,844
GEOR20066,Pako Forever,4923,11/10/2023, 07:11:01,844
GEOR20066,Pako Forever,4923,11/10/2023, 08:14:09,844
GEOR20066,Pako Forever,4923,11/10/2023, 09:11:25,844
GEOR20066,Pako Forever,4923,11/10/2023, 10:12:25,844
GEOR20066,Pako Forever,4923,11/10/2023, 11:09:56,844
GEOR20066,Pako Forever,4923,11/10/2023, 12:20:37,844
GEOR20066,Pako Forever,4923,11/10/2023, 13:14:16,844
GEOR20066,Pako Forever,4923,11/10/2023, 14:10:44,844
GEOR20066,Pako Forever,4923,11/10/2023, 15:11:36,844
GEOR20066,Pako Forever,4923,11/10/2023, 16:14:22,844
GEOR20066,Pako Forever,4923,11/10/2023, 17:10:46,844
GEOR20066,Pako Forever,4923,11/10/2023, 18:14:09,844
GEOR20066,Pako Forever,4923,11/10/2023, 19:09:10,844
GEOR20066,Pako Forever,4923,11/10/2023, 20:11:51,844
GEOR20066,Pako Forever,4923,11/10/2023, 21:10:01,844
GEOR20066,Pako Forever,4923,11/10/2023, 22:10:37,844
GEOR20066,Pako Forever,4924,11/10/2023, 23:10:53,844
GEOR20066,Pako Forever,4924,11/11/2023, 00:49:58,844
GEOR20066,Pako Forever,4924,11/11/2023, 01:45:56,844
GEOR20066,Pako Forever,4924,11/11/2023, 02:50:38,844
GEOR20066,Pako Forever,4924,11/11/2023, 03:14:31,844
GEOR20066,Pako Forever,4924,11/11/2023, 04:13:21,844
GEOR20066,Pako Forever,4925,11/11/2023, 05:10:35,844
GEOR20066,Pako Forever,4925,11/11/2023, 06:13:56,844
GEOR20066,Pako Forever,4925,11/11/2023, 07:09:45,844
GEOR20066,Pako Forever,4925,11/11/2023, 08:13:22,844
GEOR20066,Pako Forever,4925,11/11/2023, 09:10:35,844
GEOR20066,Pako Forever,4925,11/11/2023, 10:10:50,844
GEOR20066,Pako Forever,4925,11/11/2023, 11:08:58,844
GEOR20066,Pako Forever,4925,11/11/2023, 12:18:54,844
GEOR20066,Pako Forever,4925,11/11/2023, 13:11:54,844
GEOR20066,Pako Forever,4926,11/11/2023, 14:09:40,844
GEOR20066,Pako Forever,4926,11/11/2023, 15:10:30,844
GEOR20066,Pako Forever,4927,11/11/2023, 16:14:24,844
GEOR20066,Pako Forever,4927,11/11/2023, 17:09:54,844
GEOR20066,Pako Forever,4927,11/11/2023, 18:12:52,844
GEOR20066,Pako Forever,4927,11/11/2023, 19:09:03,844
GEOR20066,Pako Forever,4927,11/11/2023, 20:11:01,844
GEOR20066,Pako Forever,4927,11/11/2023, 21:09:37,844
GEOR20066,Pako Forever,4928,11/11/2023, 22:10:08,844
GEOR20066,Pako Forever,4928,11/11/2023, 23:11:08,844
GEOR20066,Pako Forever,4928,11/12/2023, 00:54:32,844
GEOR20066,Pako Forever,4928,11/12/2023, 01:55:06,844
GEOR20066,Pako Forever,4928,11/12/2023, 02:24:06,844
GEOR20066,Pako Forever,4928,11/12/2023, 03:11:41,844
GEOR20066,Pako Forever,4929,11/12/2023, 04:13:37,844
GEOR20066,Pako Forever,4929,11/12/2023, 05:10:45,844
GEOR20066,Pako Forever,4929,11/12/2023, 06:14:12,844
GEOR20066,Pako Forever,4930,11/12/2023, 07:11:45,844
GEOR20066,Pako Forever,4931,11/12/2023, 08:13:31,844
GEOR20066,Pako Forever,4931,11/12/2023, 09:10:49,844
GEOR20066,Pako Forever,4931,11/12/2023, 10:11:08,844
GEOR20066,Pako Forever,4931,11/12/2023, 11:09:18,844
GEOR20066,Pako Forever,4931,11/12/2023, 12:19:27,844
GEOR20066,Pako Forever,4932,11/12/2023, 13:12:00,844
GEOR20066,Pako Forever,4933,11/12/2023, 14:09:49,844
GEOR20066,Pako Forever,4933,11/12/2023, 15:10:31,844
GEOR20066,Pako Forever,4934,11/12/2023, 16:13:01,844
GEOR20066,Pako Forever,4934,11/12/2023, 17:09:25,844
GEOR20066,Pako Forever,4934,11/12/2023, 18:13:22,844
GEOR20066,Pako Forever,4934,11/12/2023, 19:08:48,844
GEOR20066,Pako Forever,4935,11/12/2023, 20:11:23,844
GEOR20066,Pako Forever,4935,11/12/2023, 21:09:42,844
GEOR20066,Pako Forever,4935,11/12/2023, 22:10:29,844
GEOR20066,Pako Forever,4935,11/12/2023, 23:11:14,844
GEOR20066,Pako Forever,4935,11/13/2023, 00:52:07,844
GEOR20066,Pako Forever,4935,11/13/2023, 01:53:32,844
GEOR20066,Pako Forever,4935,11/13/2023, 02:23:49,844
GEOR20066,Pako Forever,4935,11/13/2023, 03:12:34,844
GEOR20066,Pako Forever,4935,11/13/2023, 04:14:02,844
GEOR20066,Pako Forever,4935,11/13/2023, 05:11:26,844
GEOR20066,Pako Forever,4937,11/13/2023, 06:15:52,844
GEOR20066,Pako Forever,4937,11/13/2023, 07:11:54,844
GEOR20066,Pako Forever,4937,11/13/2023, 08:15:33,844
GEOR20066,Pako Forever,4937,11/13/2023, 09:12:37,844
GEOR20066,Pako Forever,4937,11/13/2023, 10:13:16,844
GEOR20066,Pako Forever,4937,11/13/2023, 11:10:38,844
GEOR20066,Pako Forever,4937,11/13/2023, 12:21:30,844
GEOR20066,Pako Forever,4937,11/13/2023, 13:14:18,844
GEOR20066,Pako Forever,4937,11/13/2023, 14:11:34,844
GEOR20066,Pako Forever,4937,11/13/2023, 15:12:29,844
GEOR20066,Pako Forever,4937,11/13/2023, 16:14:54,844
GEOR20066,Pako Forever,4938,11/13/2023, 17:11:04,844
GEOR20066,Pako Forever,4939,11/13/2023, 18:14:27,844
GEOR20066,Pako Forever,4939,11/13/2023, 19:09:42,844
GEOR20066,Pako Forever,4939,11/13/2023, 20:10:32,844
GEOR20066,Pako Forever,4939,11/13/2023, 21:11:24,844
GEOR20066,Pako Forever,4939,11/13/2023, 22:11:01,844
GEOR20066,Pako Forever,4939,11/13/2023, 23:11:54,844
GEOR20066,Pako Forever,4939,11/14/2023, 00:51:23,844
GEOR20066,Pako Forever,4939,11/14/2023, 02:22:02,844
GEOR20066,Pako Forever,4939,11/14/2023, 03:12:12,844
GEOR20066,Pako Forever,4939,11/14/2023, 04:13:35,844
GEOR20066,Pako Forever,4939,11/14/2023, 05:11:20,844
GEOR20066,Pako Forever,4939,11/14/2023, 06:15:30,844
GEOR20066,Pako Forever,4940,11/14/2023, 07:11:02,844
GEOR20066,Pako Forever,4940,11/14/2023, 08:14:45,844
GEOR20066,Pako Forever,4940,11/14/2023, 09:11:33,844
GEOR20066,Pako Forever,4940,11/14/2023, 10:12:57,844
GEOR20066,Pako Forever,4940,11/14/2023, 11:10:16,844
GEOR20066,Pako Forever,4940,11/14/2023, 12:21:16,844
GEOR20066,Pako Forever,4940,11/14/2023, 13:14:43,844
GEOR20066,Pako Forever,4940,11/14/2023, 14:11:06,844
GEOR20066,Pako Forever,4940,11/14/2023, 15:12:50,844
GEOR20066,Pako Forever,4941,11/14/2023, 16:12:40,844
GEOR20066,Pako Forever,4942,11/14/2023, 17:09:17,844
GEOR20066,Pako Forever,4942,11/14/2023, 18:13:16,844
GEOR20066,Pako Forever,4942,11/14/2023, 19:08:10,844
GEOR20066,Pako Forever,4943,11/14/2023, 20:11:33,844
GEOR20066,Pako Forever,4944,11/14/2023, 21:09:02,844
GEOR20066,Pako Forever,4946,11/14/2023, 22:11:12,844
GEOR20066,Pako Forever,4946,11/14/2023, 23:11:55,844
GEOR20066,Pako Forever,4946,11/15/2023, 00:51:46,844
GEOR20066,Pako Forever,4948,11/15/2023, 01:54:17,844
GEOR20066,Pako Forever,4948,11/15/2023, 02:24:56,844
GEOR20066,Pako Forever,4949,11/15/2023, 03:12:45,844
GEOR20066,Pako Forever,4949,11/15/2023, 04:14:04,844
GEOR20066,Pako Forever,4949,11/15/2023, 05:11:24,844
GEOR20066,Pako Forever,4950,11/15/2023, 06:15:39,844
GEOR20066,Pako Forever,4951,11/15/2023, 07:11:26,844
GEOR20066,Pako Forever,4951,11/15/2023, 08:14:50,844
GEOR20066,Pako Forever,4951,11/15/2023, 09:12:24,844
GEOR20066,Pako Forever,4951,11/15/2023, 10:13:22,844
GEOR20066,Pako Forever,4951,11/15/2023, 11:10:43,844
GEOR20066,Pako Forever,4951,11/15/2023, 12:21:29,844
GEOR20066,Pako Forever,4951,11/15/2023, 13:15:18,844
GEOR20066,Pako Forever,4951,11/15/2023, 14:11:31,844
GEOR20066,Pako Forever,4951,11/15/2023, 15:12:20,844
GEOR20066,Pako Forever,4952,11/15/2023, 16:15:07,844
GEOR20066,Pako Forever,4952,11/15/2023, 17:11:18,844
GEOR20066,Pako Forever,4952,11/15/2023, 18:14:38,844
GEOR20066,Pako Forever,4953,11/15/2023, 19:09:51,844
GEOR20066,Pako Forever,4953,11/15/2023, 20:12:30,844
GEOR20066,Pako Forever,4953,11/15/2023, 21:10:47,844
GEOR20066,Pako Forever,4953,11/15/2023, 22:11:15,844
GEOR20066,Pako Forever,4954,11/15/2023, 23:11:53,844
GEOR20066,Pako Forever,4954,11/16/2023, 00:52:52,844
GEOR20066,Pako Forever,4954,11/16/2023, 01:54:29,844
GEOR20066,Pako Forever,4954,11/16/2023, 02:25:39,844
GEOR20066,Pako Forever,4954,11/16/2023, 03:12:24,844
GEOR20066,Pako Forever,4954,11/16/2023, 04:14:11,844
GEOR20066,Pako Forever,4954,11/16/2023, 05:11:57,844
GEOR20066,Pako Forever,4955,11/16/2023, 06:15:57,844
GEOR20066,Pako Forever,4955,11/16/2023, 07:11:13,844
GEOR20066,Pako Forever,4955,11/16/2023, 08:14:56,844
GEOR20066,Pako Forever,4955,11/16/2023, 09:12:16,844
GEOR20066,Pako Forever,4955,11/16/2023, 10:12:42,844
GEOR20066,Pako Forever,4955,11/16/2023, 11:10:19,844
GEOR20066,Pako Forever,4955,11/16/2023, 12:22:02,844
GEOR20066,Pako Forever,4955,11/16/2023, 13:15:07,844
GEOR20066,Pako Forever,4956,11/16/2023, 14:11:24,844
GEOR20066,Pako Forever,4956,11/16/2023, 15:12:57,844
GEOR20066,Pako Forever,4956,11/16/2023, 16:15:41,844
GEOR20066,Pako Forever,4956,11/16/2023, 17:10:43,844
GEOR20066,Pako Forever,4958,11/16/2023, 18:15:00,844
GEOR20066,Pako Forever,4959,11/16/2023, 19:08:24,844
GEOR20066,Pako Forever,4959,11/16/2023, 20:12:41,844
GEOR20066,Pako Forever,4959,11/16/2023, 21:10:45,844
GEOR20066,Pako Forever,4960,11/16/2023, 22:11:22,844
GEOR20066,Pako Forever,4960,11/16/2023, 23:11:57,844
GEOR20066,Pako Forever,4960,11/17/2023, 00:52:32,844
GEOR20066,Pako Forever,4960,11/17/2023, 01:54:23,844
GEOR20066,Pako Forever,4960,11/17/2023, 02:25:09,844
GEOR20066,Pako Forever,4960,11/17/2023, 03:12:40,844
GEOR20066,Pako Forever,4960,11/17/2023, 04:14:03,844
GEOR20066,Pako Forever,4960,11/17/2023, 05:11:39,844
GEOR20066,Pako Forever,4960,11/17/2023, 06:15:46,844
GEOR20066,Pako Forever,4960,11/17/2023, 07:10:55,844
GEOR20066,Pako Forever,4960,11/17/2023, 08:14:55,844
GEOR20066,Pako Forever,4960,11/17/2023, 09:12:09,844
GEOR20066,Pako Forever,4960,11/17/2023, 10:12:39,844
GEOR20066,Pako Forever,4960,11/17/2023, 11:10:06,844
GEOR20066,Pako Forever,4960,11/17/2023, 12:21:09,844
GEOR20066,Pako Forever,4960,11/17/2023, 13:14:50,844
GEOR20066,Pako Forever,4960,11/17/2023, 14:11:16,844
GEOR20066,Pako Forever,4961,11/17/2023, 15:12:21,844
GEOR20066,Pako Forever,4961,11/17/2023, 16:16:21,844
GEOR20066,Pako Forever,4961,11/17/2023, 17:10:41,844
GEOR20066,Pako Forever,4961,11/17/2023, 18:14:55,844
GEOR20066,Pako Forever,4961,11/17/2023, 19:10:00,844
GEOR20066,Pako Forever,4962,11/17/2023, 20:12:56,844
GEOR20066,Pako Forever,4962,11/17/2023, 21:10:34,844
GEOR20066,Pako Forever,4962,11/17/2023, 22:11:19,844
GEOR20066,Pako Forever,4962,11/17/2023, 23:11:46,844
GEOR20066,Pako Forever,4962,11/18/2023, 00:51:43,844
GEOR20066,Pako Forever,4962,11/18/2023, 01:52:33,844
GEOR20066,Pako Forever,4962,11/18/2023, 02:23:07,844
GEOR20066,Pako Forever,4962,11/18/2023, 03:12:19,844
GEOR20066,Pako Forever,4962,11/18/2023, 04:14:00,844
GEOR20066,Pako Forever,4962,11/18/2023, 05:10:49,844
GEOR20066,Pako Forever,4962,11/18/2023, 06:13:53,844
GEOR20066,Pako Forever,4962,11/18/2023, 07:10:35,844
GEOR20066,Pako Forever,4962,11/18/2023, 08:13:40,844
GEOR20066,Pako Forever,4962,11/18/2023, 09:10:28,844
GEOR20066,Pako Forever,4963,11/18/2023, 10:11:17,844
GEOR20066,Pako Forever,4963,11/18/2023, 11:09:12,844
GEOR20066,Pako Forever,4963,11/18/2023, 12:19:11,844
GEOR20066,Pako Forever,4963,11/18/2023, 13:12:19,844
GEOR20066,Pako Forever,4963,11/18/2023, 14:09:42,844
GEOR20066,Pako Forever,4963,11/18/2023, 15:10:48,844
GEOR20066,Pako Forever,4965,11/18/2023, 16:13:19,844
GEOR20066,Pako Forever,4965,11/18/2023, 17:10:09,844
GEOR20066,Pako Forever,4966,11/18/2023, 18:13:07,844
GEOR20066,Pako Forever,4966,11/18/2023, 19:09:00,844
GEOR20066,Pako Forever,4966,11/18/2023, 20:11:38,844
GEOR20066,Pako Forever,4966,11/18/2023, 21:10:07,844
GEOR20066,Pako Forever,4966,11/18/2023, 22:10:29,844
GEOR20066,Pako Forever,4966,11/18/2023, 23:10:59,844
GEOR20066,Pako Forever,4968,11/19/2023, 00:56:06,844
GEOR20066,Pako Forever,4969,11/19/2023, 01:57:49,844
GEOR20066,Pako Forever,4969,11/19/2023, 02:28:51,844
GEOR20066,Pako Forever,4969,11/19/2023, 03:12:17,844
GEOR20066,Pako Forever,4969,11/19/2023, 04:13:43,844
GEOR20066,Pako Forever,4969,11/19/2023, 05:10:57,844
GEOR20066,Pako Forever,4970,11/19/2023, 06:14:14,844
GEOR20066,Pako Forever,4970,11/19/2023, 07:11:07,844
GEOR20066,Pako Forever,4970,11/19/2023, 08:14:05,844
GEOR20066,Pako Forever,4970,11/19/2023, 09:10:53,844
GEOR20066,Pako Forever,4970,11/19/2023, 10:11:59,844
GEOR20066,Pako Forever,4970,11/19/2023, 11:09:26,844
GEOR20066,Pako Forever,4970,11/19/2023, 12:19:48,844
GEOR20066,Pako Forever,4970,11/19/2023, 13:12:33,844
GEOR20066,Pako Forever,4970,11/19/2023, 14:09:52,844
GEOR20066,Pako Forever,4970,11/19/2023, 15:11:06,844
GEOR20066,Pako Forever,4970,11/19/2023, 16:13:23,844
GEOR20066,Pako Forever,4970,11/19/2023, 17:10:14,844
GEOR20066,Pako Forever,4970,11/19/2023, 18:13:13,844
GEOR20066,Pako Forever,4971,11/19/2023, 19:09:03,844
GEOR20066,Pako Forever,4971,11/19/2023, 20:12:06,844
GEOR20066,Pako Forever,4971,11/19/2023, 21:10:10,844
GEOR20066,Pako Forever,4971,11/19/2023, 22:10:37,844
GEOR20066,Pako Forever,4973,11/19/2023, 23:11:44,844
GEOR20066,Pako Forever,4973,11/20/2023, 00:53:13,844
GEOR20066,Pako Forever,4973,11/20/2023, 01:55:16,844
GEOR20066,Pako Forever,4973,11/20/2023, 02:26:24,844
GEOR20066,Pako Forever,4973,11/20/2023, 03:12:57,844
GEOR20066,Pako Forever,4973,11/20/2023, 04:14:36,844
GEOR20066,Pako Forever,4973,11/20/2023, 05:11:47,844
GEOR20066,Pako Forever,4973,11/20/2023, 06:16:11,844
GEOR20066,Pako Forever,4973,11/20/2023, 07:11:43,844
GEOR20066,Pako Forever,4973,11/20/2023, 08:16:05,844
GEOR20066,Pako Forever,4973,11/20/2023, 09:13:07,844
GEOR20066,Pako Forever,4973,11/20/2023, 10:13:36,844
GEOR20066,Pako Forever,4973,11/20/2023, 11:10:20,844
GEOR20066,Pako Forever,4974,11/20/2023, 12:22:41,844
GEOR20066,Pako Forever,4974,11/20/2023, 13:16:41,844
GEOR20066,Pako Forever,4974,11/20/2023, 14:12:01,844
GEOR20066,Pako Forever,4974,11/20/2023, 15:12:50,844
GEOR20066,Pako Forever,4974,11/20/2023, 16:16:36,844
GEOR20066,Pako Forever,4974,11/20/2023, 17:09:19,844
GEOR20066,Pako Forever,4974,11/20/2023, 18:15:01,844
GEOR20066,Pako Forever,4974,11/20/2023, 19:10:07,844
GEOR20066,Pako Forever,4974,11/20/2023, 20:12:45,844
GEOR20066,Pako Forever,4974,11/20/2023, 21:11:13,844
GEOR20066,Pako Forever,4974,11/20/2023, 22:12:11,844
GEOR20066,Pako Forever,4974,11/20/2023, 23:12:17,844
GEOR20066,Pako Forever,4974,11/21/2023, 00:53:18,844
GEOR20066,Pako Forever,4974,11/21/2023, 01:58:15,844
GEOR20066,Pako Forever,4974,11/21/2023, 02:29:46,844
GEOR20066,Pako Forever,4974,11/21/2023, 03:12:57,844
GEOR20066,Pako Forever,4974,11/21/2023, 04:14:18,844
GEOR20066,Pako Forever,4975,11/21/2023, 05:11:41,844
GEOR20066,Pako Forever,4975,11/21/2023, 06:15:34,844
GEOR20066,Pako Forever,4975,11/21/2023, 07:10:55,844
GEOR20066,Pako Forever,4976,11/21/2023, 08:15:27,844
GEOR20066,Pako Forever,4976,11/21/2023, 09:12:38,844
GEOR20066,Pako Forever,4976,11/21/2023, 10:18:41,844
GEOR20066,Pako Forever,4976,11/21/2023, 11:10:40,844
GEOR20066,Pako Forever,4976,11/21/2023, 12:22:28,844
GEOR20066,Pako Forever,4976,11/21/2023, 13:15:57,844
GEOR20066,Pako Forever,4976,11/21/2023, 14:11:54,844
GEOR20066,Pako Forever,4976,11/21/2023, 15:12:14,844
GEOR20066,Pako Forever,4976,11/21/2023, 16:15:59,844
GEOR20066,Pako Forever,4977,11/21/2023, 17:12:13,844
GEOR20066,Pako Forever,4977,11/21/2023, 18:15:35,844
GEOR20066,Pako Forever,4977,11/21/2023, 19:10:04,844
GEOR20066,Pako Forever,4977,11/21/2023, 20:11:26,844
GEOR20066,Pako Forever,4977,11/21/2023, 21:11:17,844
GEOR20066,Pako Forever,4977,11/21/2023, 22:11:10,844
GEOR20066,Pako Forever,4977,11/21/2023, 23:12:31,844
GEOR20066,Pako Forever,4977,11/22/2023, 00:54:39,844
GEOR20066,Pako Forever,4977,11/22/2023, 01:56:36,844
GEOR20066,Pako Forever,4977,11/22/2023, 02:28:23,844
GEOR20066,Pako Forever,4977,11/22/2023, 03:13:07,844
GEOR20066,Pako Forever,4977,11/22/2023, 04:14:22,844
GEOR20066,Pako Forever,4977,11/22/2023, 05:11:47,844
GEOR20066,Pako Forever,4977,11/22/2023, 06:15:46,844
GEOR20066,Pako Forever,4977,11/22/2023, 07:11:25,844
GEOR20066,Pako Forever,4977,11/22/2023, 08:15:48,844
GEOR20066,Pako Forever,4977,11/22/2023, 09:12:25,844
GEOR20066,Pako Forever,4977,11/22/2023, 10:13:55,844
GEOR20066,Pako Forever,4977,11/22/2023, 11:10:22,844
GEOR20066,Pako Forever,4977,11/22/2023, 12:22:16,844
GEOR20066,Pako Forever,4977,11/22/2023, 13:16:24,844
GEOR20066,Pako Forever,4977,11/22/2023, 14:11:40,844
GEOR20066,Pako Forever,4977,11/22/2023, 15:12:28,844
GEOR20066,Pako Forever,4977,11/22/2023, 16:15:14,844
GEOR20066,Pako Forever,4977,11/22/2023, 17:11:44,844
GEOR20066,Pako Forever,4978,11/22/2023, 18:14:50,844
GEOR20066,Pako Forever,4978,11/22/2023, 19:09:42,844
GEOR20066,Pako Forever,4978,11/22/2023, 20:12:12,844
GEOR20066,Pako Forever,4979,11/22/2023, 21:10:30,844
GEOR20066,Pako Forever,4979,11/22/2023, 22:09:49,844
GEOR20066,Pako Forever,4979,11/22/2023, 23:11:41,844
GEOR20066,Pako Forever,4979,11/23/2023, 00:52:09,844
GEOR20066,Pako Forever,4979,11/23/2023, 01:53:56,844
GEOR20066,Pako Forever,4979,11/23/2023, 02:24:05,844
GEOR20066,Pako Forever,4979,11/23/2023, 03:12:22,844
GEOR20066,Pako Forever,4979,11/23/2023, 04:14:16,844
GEOR20066,Pako Forever,4979,11/23/2023, 05:11:40,844
GEOR20066,Pako Forever,4979,11/23/2023, 06:15:09,844
GEOR20066,Pako Forever,4979,11/23/2023, 07:11:31,844
GEOR20066,Pako Forever,4979,11/23/2023, 08:14:37,844
GEOR20066,Pako Forever,4979,11/23/2023, 09:11:56,844
GEOR20066,Pako Forever,4979,11/23/2023, 10:12:48,844
GEOR20066,Pako Forever,4979,11/23/2023, 11:10:24,844
GEOR20066,Pako Forever,4979,11/23/2023, 12:21:30,844
GEOR20066,Pako Forever,4980,11/23/2023, 13:15:09,844
GEOR20066,Pako Forever,4980,11/23/2023, 14:11:20,844
GEOR20066,Pako Forever,4981,11/23/2023, 15:12:34,844
GEOR20066,Pako Forever,4982,11/23/2023, 16:14:54,844
GEOR20066,Pako Forever,4983,11/23/2023, 17:11:05,844
GEOR20066,Pako Forever,4983,11/23/2023, 18:14:34,844
GEOR20066,Pako Forever,4983,11/23/2023, 19:09:30,844
GEOR20066,Pako Forever,4983,11/23/2023, 20:11:54,844
GEOR20066,Pako Forever,4983,11/23/2023, 21:10:30,844
GEOR20066,Pako Forever,4983,11/23/2023, 22:11:36,844
GEOR20066,Pako Forever,4984,11/23/2023, 23:12:15,844
GEOR20066,Pako Forever,4984,11/24/2023, 00:50:53,844
GEOR20066,Pako Forever,4984,11/24/2023, 01:51:40,844
GEOR20066,Pako Forever,4984,11/24/2023, 02:22:30,844
GEOR20066,Pako Forever,4984,11/24/2023, 03:12:12,844
GEOR20066,Pako Forever,4984,11/24/2023, 04:14:19,844
GEOR20066,Pako Forever,4984,11/24/2023, 05:11:17,844
GEOR20066,Pako Forever,4984,11/24/2023, 06:15:07,844
GEOR20066,Pako Forever,4984,11/24/2023, 07:10:56,844
GEOR20066,Pako Forever,4984,11/24/2023, 08:14:30,844
GEOR20066,Pako Forever,4984,11/24/2023, 09:11:49,844
GEOR20066,Pako Forever,4984,11/24/2023, 10:13:18,844
GEOR20066,Pako Forever,4984,11/24/2023, 11:10:30,844
GEOR20066,Pako Forever,4984,11/24/2023, 12:21:02,844
GEOR20066,Pako Forever,4984,11/24/2023, 13:14:22,844
GEOR20066,Pako Forever,4984,11/24/2023, 14:11:16,844
GEOR20066,Pako Forever,4986,11/24/2023, 15:11:50,844
GEOR20066,Pako Forever,4988,11/24/2023, 16:14:38,844
GEOR20066,Pako Forever,4989,11/24/2023, 17:11:02,844
GEOR20066,Pako Forever,4990,11/24/2023, 18:14:08,844
GEOR20066,Pako Forever,4990,11/24/2023, 19:09:31,844
GEOR20066,Pako Forever,4990,11/24/2023, 20:12:16,844
GEOR20066,Pako Forever,4990,11/24/2023, 21:10:07,844
GEOR20066,Pako Forever,4990,11/24/2023, 22:10:49,844
GEOR20066,Pako Forever,4990,11/24/2023, 23:11:41,844
GEOR20066,Pako Forever,4991,11/25/2023, 00:49:56,844
GEOR20066,Pako Forever,4991,11/25/2023, 01:48:30,844
GEOR20066,Pako Forever,4991,11/25/2023, 02:20:24,844
GEOR20066,Pako Forever,4992,11/25/2023, 03:12:42,844
GEOR20066,Pako Forever,4992,11/25/2023, 04:13:45,844
GEOR20066,Pako Forever,4992,11/25/2023, 05:11:01,844
GEOR20066,Pako Forever,4997,11/25/2023, 06:14:07,844
GEOR20066,Pako Forever,4997,11/25/2023, 07:09:47,844
GEOR20066,Pako Forever,4997,11/25/2023, 08:13:08,844
GEOR20066,Pako Forever,4997,11/25/2023, 09:10:17,844
GEOR20066,Pako Forever,4998,11/25/2023, 10:11:09,844
GEOR20066,Pako Forever,4998,11/25/2023, 11:09:25,844
GEOR20066,Pako Forever,4999,11/25/2023, 12:19:32,844
GEOR20066,Pako Forever,4999,11/25/2023, 13:12:06,844
GEOR20066,Pako Forever,5000,11/25/2023, 14:10:05,844
GEOR20066,Pako Forever,5000,11/25/2023, 15:10:58,844
GEOR20066,Pako Forever,5000,11/25/2023, 16:13:08,844
GEOR20066,Pako Forever,5001,11/25/2023, 17:09:53,844
GEOR20066,Pako Forever,5001,11/25/2023, 18:13:28,844
GEOR20066,Pako Forever,5001,11/25/2023, 19:08:44,844
GEOR20066,Pako Forever,5001,11/25/2023, 20:11:17,844
GEOR20066,Pako Forever,5001,11/25/2023, 21:09:35,844
GEOR20066,Pako Forever,5002,11/25/2023, 22:10:02,844
GEOR20066,Pako Forever,5002,11/25/2023, 23:10:51,844
GEOR20066,Pako Forever,5002,11/26/2023, 00:55:15,844
GEOR20066,Pako Forever,5002,11/26/2023, 01:56:43,844
GEOR20066,Pako Forever,5002,11/26/2023, 02:25:59,844
GEOR20066,Pako Forever,5003,11/26/2023, 03:12:27,844
GEOR20066,Pako Forever,5003,11/26/2023, 04:13:50,844
GEOR20066,Pako Forever,5004,11/26/2023, 05:10:55,844
GEOR20066,Pako Forever,5005,11/26/2023, 06:13:59,844
GEOR20066,Pako Forever,5007,11/26/2023, 07:10:59,844
GEOR20066,Pako Forever,5007,11/26/2023, 08:13:41,844
GEOR20066,Pako Forever,5007,11/26/2023, 09:10:25,844
GEOR20066,Pako Forever,5007,11/26/2023, 10:11:53,844
GEOR20066,Pako Forever,5007,11/26/2023, 11:09:05,844
GEOR20066,Pako Forever,5008,11/26/2023, 12:19:44,844
GEOR20066,Pako Forever,5008,11/26/2023, 13:12:48,844
GEOR20066,Pako Forever,5008,11/26/2023, 14:10:01,844
GEOR20066,Pako Forever,5009,11/26/2023, 15:10:41,844
GEOR20066,Pako Forever,5009,11/26/2023, 16:13:29,844
GEOR20066,Pako Forever,5009,11/26/2023, 17:09:51,844
GEOR20066,Pako Forever,5009,11/26/2023, 18:13:07,844
GEOR20066,Pako Forever,5009,11/26/2023, 19:09:19,844
GEOR20066,Pako Forever,5010,11/26/2023, 20:11:34,844
GEOR20066,Pako Forever,5010,11/26/2023, 21:11:02,844
GEOR20066,Pako Forever,5011,11/26/2023, 22:10:18,844
GEOR20066,Pako Forever,5012,11/26/2023, 23:11:36,844
GEOR20066,Pako Forever,5012,11/27/2023, 00:52:51,844
GEOR20066,Pako Forever,5013,11/27/2023, 01:54:31,844
GEOR20066,Pako Forever,5013,11/27/2023, 02:25:20,844
GEOR20066,Pako Forever,5013,11/27/2023, 03:12:49,844
GEOR20066,Pako Forever,5013,11/27/2023, 04:14:21,844
GEOR20066,Pako Forever,5013,11/27/2023, 05:11:46,844
GEOR20066,Pako Forever,5013,11/27/2023, 06:15:51,844
GEOR20066,Pako Forever,5013,11/27/2023, 07:11:51,844
GEOR20066,Pako Forever,5013,11/27/2023, 08:16:06,844
GEOR20066,Pako Forever,5013,11/27/2023, 09:13:13,844
GEOR20066,Pako Forever,5013,11/27/2023, 10:13:08,844
GEOR20066,Pako Forever,5013,11/27/2023, 11:10:35,844
GEOR20066,Pako Forever,5014,11/27/2023, 12:22:06,844
GEOR20066,Pako Forever,5014,11/27/2023, 13:15:16,844
GEOR20066,Pako Forever,5014,11/27/2023, 14:11:31,844
GEOR20066,Pako Forever,5014,11/27/2023, 15:12:22,844
GEOR20066,Pako Forever,5014,11/27/2023, 16:15:14,844
GEOR20066,Pako Forever,5014,11/27/2023, 17:11:00,844
GEOR20066,Pako Forever,5014,11/27/2023, 18:14:45,844
GEOR20066,Pako Forever,5014,11/27/2023, 19:09:43,844
GEOR20066,Pako Forever,5014,11/27/2023, 20:11:50,844
GEOR20066,Pako Forever,5014,11/27/2023, 21:10:52,844
GEOR20066,Pako Forever,5014,11/27/2023, 22:09:57,844
GEOR20066,Pako Forever,5014,11/27/2023, 23:12:08,844
GEOR20066,Pako Forever,5016,11/28/2023, 00:53:11,844
GEOR20066,Pako Forever,5017,11/28/2023, 01:55:19,844
GEOR20066,Pako Forever,5017,11/28/2023, 02:26:45,844
GEOR20066,Pako Forever,5017,11/28/2023, 03:12:27,844
GEOR20066,Pako Forever,5017,11/28/2023, 04:14:07,844
GEOR20066,Pako Forever,5017,11/28/2023, 05:11:54,844
GEOR20066,Pako Forever,5017,11/28/2023, 06:15:52,844
GEOR20066,Pako Forever,5017,11/28/2023, 07:11:34,844
GEOR20066,Pako Forever,5017,11/28/2023, 08:15:24,844
GEOR20066,Pako Forever,5017,11/28/2023, 09:12:33,844
GEOR20066,Pako Forever,5017,11/28/2023, 10:13:06,844
GEOR20066,Pako Forever,5017,11/28/2023, 11:10:44,844
GEOR20066,Pako Forever,5017,11/28/2023, 12:21:38,844
GEOR20066,Pako Forever,5017,11/28/2023, 13:14:42,844
GEOR20066,Pako Forever,5017,11/28/2023, 14:11:23,844
GEOR20066,Pako Forever,5017,11/28/2023, 15:13:10,844
GEOR20066,Pako Forever,5017,11/28/2023, 16:15:28,844
GEOR20066,Pako Forever,5017,11/28/2023, 17:10:52,844
GEOR20066,Pako Forever,5019,11/28/2023, 18:14:57,844
GEOR20066,Pako Forever,5019,11/28/2023, 19:09:55,844
GEOR20066,Pako Forever,5019,11/28/2023, 20:12:30,844
GEOR20066,Pako Forever,5019,11/28/2023, 21:10:26,844
GEOR20066,Pako Forever,5020,11/28/2023, 22:11:15,844
GEOR20066,Pako Forever,5020,11/28/2023, 23:12:04,844
GEOR20066,Pako Forever,5020,11/29/2023, 00:53:09,844
GEOR20066,Pako Forever,5020,11/29/2023, 01:54:40,844
GEOR20066,Pako Forever,5020,11/29/2023, 02:25:05,844
GEOR20066,Pako Forever,5020,11/29/2023, 03:12:43,844
GEOR20066,Pako Forever,5022,11/29/2023, 04:14:26,844
GEOR20066,Pako Forever,5022,11/29/2023, 05:25:29,844
GEOR20066,Pako Forever,5022,11/29/2023, 06:15:33,844
GEOR20066,Pako Forever,5022,11/29/2023, 07:11:33,844
GEOR20066,Pako Forever,5022,11/29/2023, 08:15:31,844
GEOR20066,Pako Forever,5022,11/29/2023, 09:12:23,844
GEOR20066,Pako Forever,5022,11/29/2023, 10:13:15,844
GEOR20066,Pako Forever,5022,11/29/2023, 11:10:18,844
GEOR20066,Pako Forever,5022,11/29/2023, 12:21:52,844
GEOR20066,Pako Forever,5022,11/29/2023, 13:14:55,844
GEOR20066,Pako Forever,5022,11/29/2023, 14:11:17,844
GEOR20066,Pako Forever,5023,11/29/2023, 15:12:27,844
GEOR20066,Pako Forever,5023,11/29/2023, 16:14:57,844
GEOR20066,Pako Forever,5023,11/29/2023, 17:11:28,844
GEOR20066,Pako Forever,5023,11/29/2023, 18:14:42,844
GEOR20066,Pako Forever,5023,11/29/2023, 19:10:16,844
GEOR20066,Pako Forever,5023,11/29/2023, 20:12:47,844
GEOR20066,Pako Forever,5024,11/29/2023, 21:10:48,844
GEOR20066,Pako Forever,5024,11/29/2023, 22:11:27,844
GEOR20066,Pako Forever,5024,11/29/2023, 23:11:53,844
GEOR20066,Pako Forever,5024,11/30/2023, 00:52:26,844
GEOR20066,Pako Forever,5024,11/30/2023, 01:54:06,844
GEOR20066,Pako Forever,5024,11/30/2023, 02:25:32,844
GEOR20066,Pako Forever,5024,11/30/2023, 03:12:09,844
GEOR20066,Pako Forever,5025,11/30/2023, 04:14:17,844
GEOR20066,Pako Forever,5026,11/30/2023, 05:11:54,844
GEOR20066,Pako Forever,5026,11/30/2023, 06:15:16,844
GEOR20066,Pako Forever,5026,11/30/2023, 07:11:20,844
GEOR20066,Pako Forever,5026,11/30/2023, 08:15:29,844
GEOR20066,Pako Forever,5026,11/30/2023, 09:11:55,844
GEOR20066,Pako Forever,5026,11/30/2023, 10:12:52,844
GEOR20066,Pako Forever,5027,11/30/2023, 11:10:26,844
GEOR20066,Pako Forever,5027,11/30/2023, 12:21:51,844
GEOR20066,Pako Forever,5028,11/30/2023, 13:15:06,844
GEOR20066,Pako Forever,5029,11/30/2023, 14:11:40,844
GEOR20066,Pako Forever,5031,11/30/2023, 15:11:12,844
GEOR20066,Pako Forever,5032,11/30/2023, 16:15:24,844
GEOR20066,Pako Forever,5032,11/30/2023, 17:11:23,844
GEOR20066,Pako Forever,5032,11/30/2023, 18:15:19,844
GEOR20066,Pako Forever,5032,11/30/2023, 19:08:44,844
GEOR20066,Pako Forever,5032,11/30/2023, 20:12:50,844
GEOR20066,Pako Forever,5032,11/30/2023, 21:11:10,844
GEOR20066,Pako Forever,5032,11/30/2023, 22:11:19,844
GEOR20066,Pako Forever,5032,11/30/2023, 23:12:13,844
GEOR20066,Pako Forever,5033,12/01/2023, 00:57:06,844
GEOR20066,Pako Forever,5034,12/01/2023, 02:01:25,844
GEOR20066,Pako Forever,5034,12/01/2023, 02:37:14,844
GEOR20066,Pako Forever,5034,12/01/2023, 03:13:02,844
GEOR20066,Pako Forever,5034,12/01/2023, 04:14:33,844
GEOR20066,Pako Forever,5034,12/01/2023, 05:11:52,844
GEOR20066,Pako Forever,5034,12/01/2023, 06:16:00,844
GEOR20066,Pako Forever,5034,12/01/2023, 07:11:23,844
GEOR20066,Pako Forever,5034,12/01/2023, 08:15:21,844
GEOR20066,Pako Forever,5034,12/01/2023, 09:12:07,844
GEOR20066,Pako Forever,5035,12/01/2023, 10:12:58,844
GEOR20066,Pako Forever,5035,12/01/2023, 11:10:09,844
GEOR20066,Pako Forever,5035,12/01/2023, 12:21:38,844
GEOR20066,Pako Forever,5035,12/01/2023, 13:15:39,844
GEOR20066,Pako Forever,5035,12/01/2023, 14:11:32,844
GEOR20066,Pako Forever,5035,12/01/2023, 15:12:27,844
GEOR20066,Pako Forever,5036,12/01/2023, 16:14:45,844
GEOR20066,Pako Forever,5036,12/01/2023, 17:11:12,844
GEOR20066,Pako Forever,5036,12/01/2023, 18:14:27,844
GEOR20066,Pako Forever,5037,12/01/2023, 19:09:46,844
GEOR20066,Pako Forever,5037,12/01/2023, 20:12:39,844
GEOR20066,Pako Forever,5039,12/01/2023, 21:10:41,844
GEOR20066,Pako Forever,5039,12/01/2023, 22:10:50,844
GEOR20066,Pako Forever,5039,12/01/2023, 23:11:53,844
GEOR20066,Pako Forever,5042,12/02/2023, 00:51:34,844
GEOR20066,Pako Forever,5042,12/02/2023, 01:48:39,844
GEOR20066,Pako Forever,5042,12/02/2023, 02:20:54,844
GEOR20066,Pako Forever,5042,12/02/2023, 03:12:13,844
GEOR20066,Pako Forever,5042,12/02/2023, 04:13:40,844
GEOR20066,Pako Forever,5042,12/02/2023, 05:11:01,844
GEOR20066,Pako Forever,5042,12/02/2023, 06:14:27,844
GEOR20066,Pako Forever,5042,12/02/2023, 07:10:22,844
GEOR20066,Pako Forever,5042,12/02/2023, 08:13:43,844
GEOR20066,Pako Forever,5042,12/02/2023, 09:10:41,844
GEOR20066,Pako Forever,5044,12/02/2023, 10:11:11,844
GEOR20066,Pako Forever,5044,12/02/2023, 11:09:51,844
GEOR20066,Pako Forever,5046,12/02/2023, 12:19:18,844
GEOR20066,Pako Forever,5046,12/02/2023, 13:11:54,844
GEOR20066,Pako Forever,5046,12/02/2023, 14:09:43,844
GEOR20066,Pako Forever,5046,12/02/2023, 15:10:36,844
GEOR20066,Pako Forever,5046,12/02/2023, 16:13:34,844
GEOR20066,Pako Forever,5046,12/02/2023, 17:09:57,844
GEOR20066,Pako Forever,5046,12/02/2023, 18:13:16,844
GEOR20066,Pako Forever,5046,12/02/2023, 19:10:00,844
GEOR20066,Pako Forever,5046,12/02/2023, 20:11:23,844
GEOR20066,Pako Forever,5046,12/02/2023, 21:09:42,844
GEOR20066,Pako Forever,5046,12/02/2023, 22:10:21,844
GEOR20066,Pako Forever,5047,12/02/2023, 23:11:16,844
GEOR20066,Pako Forever,5047,12/03/2023, 00:55:22,844
GEOR20066,Pako Forever,5047,12/03/2023, 01:56:41,844
GEOR20066,Pako Forever,5047,12/03/2023, 02:25:46,844
GEOR20066,Pako Forever,5047,12/03/2023, 03:12:17,844
GEOR20066,Pako Forever,5048,12/03/2023, 04:13:44,844
GEOR20066,Pako Forever,5048,12/03/2023, 05:10:48,844
GEOR20066,Pako Forever,5048,12/03/2023, 06:14:04,844
GEOR20066,Pako Forever,5050,12/03/2023, 07:10:18,844
GEOR20066,Pako Forever,5050,12/03/2023, 08:14:09,844
GEOR20066,Pako Forever,5050,12/03/2023, 09:10:48,844
GEOR20066,Pako Forever,5050,12/03/2023, 10:11:26,844
GEOR20066,Pako Forever,5050,12/03/2023, 11:09:11,844
GEOR20066,Pako Forever,5050,12/03/2023, 12:19:58,844
GEOR20066,Pako Forever,5050,12/03/2023, 13:12:51,844
GEOR20066,Pako Forever,5050,12/03/2023, 14:09:49,844
GEOR20066,Pako Forever,5051,12/03/2023, 15:10:39,844
GEOR20066,Pako Forever,5051,12/03/2023, 16:14:01,844
GEOR20066,Pako Forever,5051,12/03/2023, 17:09:49,844
GEOR20066,Pako Forever,5051,12/03/2023, 18:13:20,844
GEOR20066,Pako Forever,5052,12/03/2023, 19:09:42,844
GEOR20066,Pako Forever,5052,12/03/2023, 20:11:56,844
GEOR20066,Pako Forever,5052,12/03/2023, 21:09:55,844
GEOR20066,Pako Forever,5052,12/03/2023, 22:10:39,844
GEOR20066,Pako Forever,5052,12/03/2023, 23:12:05,844
GEOR20066,Pako Forever,5052,12/04/2023, 00:53:27,844
GEOR20066,Pako Forever,5052,12/04/2023, 01:55:27,844
GEOR20066,Pako Forever,5052,12/04/2023, 02:26:52,844
GEOR20066,Pako Forever,5053,12/04/2023, 03:13:01,844
GEOR20066,Pako Forever,5054,12/04/2023, 04:14:15,844
GEOR20066,Pako Forever,5054,12/04/2023, 05:12:02,844
GEOR20066,Pako Forever,5054,12/04/2023, 06:16:12,844
GEOR20066,Pako Forever,5054,12/04/2023, 07:11:37,844
GEOR20066,Pako Forever,5055,12/04/2023, 08:16:00,844
GEOR20066,Pako Forever,5055,12/04/2023, 09:12:53,844
GEOR20066,Pako Forever,5055,12/04/2023, 10:13:48,844
GEOR20066,Pako Forever,5055,12/04/2023, 11:10:25,844
GEOR20066,Pako Forever,5056,12/04/2023, 12:21:30,844
GEOR20066,Pako Forever,5057,12/04/2023, 13:15:39,844
GEOR20066,Pako Forever,5057,12/04/2023, 14:11:49,844
GEOR20066,Pako Forever,5057,12/04/2023, 15:12:39,844
GEOR20066,Pako Forever,5058,12/04/2023, 16:15:46,844
GEOR20066,Pako Forever,5058,12/04/2023, 17:11:21,844
GEOR20066,Pako Forever,5058,12/04/2023, 18:15:30,844
GEOR20066,Pako Forever,5058,12/04/2023, 19:10:17,844
GEOR20066,Pako Forever,5058,12/04/2023, 20:12:38,844
GEOR20066,Pako Forever,5058,12/04/2023, 21:09:48,844
GEOR20066,Pako Forever,5058,12/04/2023, 22:11:16,844
GEOR20066,Pako Forever,5058,12/04/2023, 23:12:15,844
GEOR20066,Pako Forever,5058,12/05/2023, 00:53:41,844
GEOR20066,Pako Forever,5058,12/05/2023, 01:56:10,844
GEOR20066,Pako Forever,5058,12/05/2023, 02:27:14,844
GEOR20066,Pako Forever,5058,12/05/2023, 03:12:50,844
GEOR20066,Pako Forever,5058,12/05/2023, 04:13:54,844
GEOR20066,Pako Forever,5058,12/05/2023, 05:11:29,844
GEOR20066,Pako Forever,5058,12/05/2023, 06:16:09,844
GEOR20066,Pako Forever,5058,12/05/2023, 07:11:30,844
GEOR20066,Pako Forever,5058,12/05/2023, 08:15:12,844
GEOR20066,Pako Forever,5058,12/05/2023, 09:12:54,844
GEOR20066,Pako Forever,5058,12/05/2023, 10:13:30,844
GEOR20066,Pako Forever,5058,12/05/2023, 11:10:15,844
GEOR20066,Pako Forever,5058,12/05/2023, 12:21:45,844
GEOR20066,Pako Forever,5058,12/05/2023, 13:15:39,844
GEOR20066,Pako Forever,5059,12/05/2023, 14:11:35,844
GEOR20066,Pako Forever,5059,12/05/2023, 15:12:57,844
GEOR20066,Pako Forever,5059,12/05/2023, 16:15:43,844
GEOR20066,Pako Forever,5059,12/05/2023, 17:11:28,844
GEOR20066,Pako Forever,5059,12/05/2023, 18:15:02,844
GEOR20066,Pako Forever,5059,12/05/2023, 19:08:59,844
GEOR20066,Pako Forever,5059,12/05/2023, 20:12:37,844
GEOR20066,Pako Forever,5059,12/05/2023, 21:11:13,844
GEOR20066,Pako Forever,5059,12/05/2023, 22:11:46,844
GEOR20066,Pako Forever,5059,12/05/2023, 23:12:21,844
GEOR20066,Pako Forever,5059,12/06/2023, 00:53:25,844
GEOR20066,Pako Forever,5059,12/06/2023, 01:55:16,844
GEOR20066,Pako Forever,5059,12/06/2023, 02:25:48,844
GEOR20066,Pako Forever,5059,12/06/2023, 03:12:28,844
GEOR20066,Pako Forever,5059,12/06/2023, 04:14:27,844
GEOR20066,Pako Forever,5059,12/06/2023, 05:11:57,844
GEOR20066,Pako Forever,5060,12/06/2023, 06:15:55,844
GEOR20066,Pako Forever,5060,12/06/2023, 07:11:25,844
GEOR20066,Pako Forever,5060,12/06/2023, 08:15:13,844
GEOR20066,Pako Forever,5060,12/06/2023, 09:12:01,844
GEOR20066,Pako Forever,5061,12/06/2023, 10:12:54,844
GEOR20066,Pako Forever,5061,12/06/2023, 11:10:39,844
GEOR20066,Pako Forever,5061,12/06/2023, 12:22:13,844
GEOR20066,Pako Forever,5061,12/06/2023, 13:15:29,844
GEOR20066,Pako Forever,5061,12/06/2023, 14:11:17,844
GEOR20066,Pako Forever,5061,12/06/2023, 15:13:11,844
GEOR20066,Pako Forever,5062,12/06/2023, 16:15:58,844
GEOR20066,Pako Forever,5062,12/06/2023, 17:11:23,844
GEOR20066,Pako Forever,5062,12/06/2023, 18:14:49,844
GEOR20066,Pako Forever,5062,12/06/2023, 19:10:13,844
GEOR20066,Pako Forever,5062,12/06/2023, 20:12:38,844
GEOR20066,Pako Forever,5062,12/06/2023, 21:10:57,844
GEOR20066,Pako Forever,5062,12/06/2023, 22:11:35,844
GEOR20066,Pako Forever,5063,12/06/2023, 23:12:14,844
GEOR20066,Pako Forever,5065,12/07/2023, 00:52:44,844
GEOR20066,Pako Forever,5066,12/07/2023, 01:55:08,844
GEOR20066,Pako Forever,5066,12/07/2023, 02:26:12,844
GEOR20066,Pako Forever,5066,12/07/2023, 03:12:29,844
GEOR20066,Pako Forever,5066,12/07/2023, 04:14:28,844
GEOR20066,Pako Forever,5066,12/07/2023, 05:11:42,844
GEOR20066,Pako Forever,5066,12/07/2023, 06:15:41,844
GEOR20066,Pako Forever,5066,12/07/2023, 07:11:39,844
GEOR20066,Pako Forever,5066,12/07/2023, 08:15:29,844
GEOR20066,Pako Forever,5067,12/07/2023, 09:12:04,844
GEOR20066,Pako Forever,5067,12/07/2023, 10:13:05,844
GEOR20066,Pako Forever,5067,12/07/2023, 11:10:47,844
GEOR20066,Pako Forever,5067,12/07/2023, 12:21:55,844
GEOR20066,Pako Forever,5067,12/07/2023, 13:15:04,844
GEOR20066,Pako Forever,5067,12/07/2023, 14:11:29,844
GEOR20066,Pako Forever,5067,12/07/2023, 15:12:36,844
GEOR20066,Pako Forever,5067,12/07/2023, 16:15:33,844
GEOR20066,Pako Forever,5067,12/07/2023, 17:11:24,844
GEOR20066,Pako Forever,5067,12/07/2023, 18:15:02,844
GEOR20066,Pako Forever,5067,12/07/2023, 19:10:01,844
GEOR20066,Pako Forever,5067,12/07/2023, 20:13:05,844
GEOR20066,Pako Forever,5067,12/07/2023, 21:11:22,844
GEOR20066,Pako Forever,5067,12/07/2023, 22:11:15,844
GEOR20066,Pako Forever,5067,12/07/2023, 23:11:57,844
GEOR20066,Pako Forever,5067,12/08/2023, 00:53:34,844
GEOR20066,Pako Forever,5067,12/08/2023, 01:55:28,844
GEOR20066,Pako Forever,5067,12/08/2023, 02:26:16,844
GEOR20066,Pako Forever,5068,12/08/2023, 03:12:33,844
GEOR20066,Pako Forever,5068,12/08/2023, 04:14:28,844
GEOR20066,Pako Forever,5068,12/08/2023, 05:11:41,844
GEOR20066,Pako Forever,5068,12/08/2023, 06:15:32,844
GEOR20066,Pako Forever,5068,12/08/2023, 07:11:20,844
GEOR20066,Pako Forever,5068,12/08/2023, 08:15:22,844
GEOR20066,Pako Forever,5068,12/08/2023, 09:12:16,844
GEOR20066,Pako Forever,5068,12/08/2023, 10:12:32,844
GEOR20066,Pako Forever,5069,12/08/2023, 11:10:34,844
GEOR20066,Pako Forever,5069,12/08/2023, 12:21:36,844
GEOR20066,Pako Forever,5069,12/08/2023, 13:14:45,844
GEOR20066,Pako Forever,5069,12/08/2023, 14:11:23,844
GEOR20066,Pako Forever,5070,12/08/2023, 15:12:16,844
GEOR20066,Pako Forever,5070,12/08/2023, 16:14:47,844
GEOR20066,Pako Forever,5070,12/08/2023, 17:11:03,844
GEOR20066,Pako Forever,5071,12/08/2023, 18:14:49,844
GEOR20066,Pako Forever,5071,12/08/2023, 19:09:36,844
GEOR20066,Pako Forever,5071,12/08/2023, 20:12:32,844
GEOR20066,Pako Forever,5073,12/08/2023, 21:10:31,844
GEOR20066,Pako Forever,5073,12/08/2023, 22:11:10,844
GEOR20066,Pako Forever,5073,12/08/2023, 23:12:02,844
GEOR20066,Pako Forever,5073,12/09/2023, 00:52:03,844
GEOR20066,Pako Forever,5073,12/09/2023, 01:51:52,844
GEOR20066,Pako Forever,5073,12/09/2023, 02:22:28,844
GEOR20066,Pako Forever,5073,12/09/2023, 03:12:16,844
GEOR20066,Pako Forever,5073,12/09/2023, 04:14:07,844
GEOR20066,Pako Forever,5073,12/09/2023, 05:10:54,844
GEOR20066,Pako Forever,5073,12/09/2023, 06:14:10,844
GEOR20066,Pako Forever,5073,12/09/2023, 07:10:42,844
GEOR20066,Pako Forever,5073,12/09/2023, 08:14:07,844
GEOR20066,Pako Forever,5073,12/09/2023, 09:10:49,844
GEOR20066,Pako Forever,5073,12/09/2023, 10:11:28,844
GEOR20066,Pako Forever,5073,12/09/2023, 11:09:33,844
GEOR20066,Pako Forever,5073,12/09/2023, 12:19:48,844
GEOR20066,Pako Forever,5073,12/09/2023, 13:12:06,844
GEOR20066,Pako Forever,5073,12/09/2023, 14:10:09,844
GEOR20066,Pako Forever,5073,12/09/2023, 15:10:35,844
GEOR20066,Pako Forever,5073,12/09/2023, 16:13:46,844
GEOR20066,Pako Forever,5073,12/09/2023, 17:09:57,844
GEOR20066,Pako Forever,5073,12/09/2023, 18:13:44,844
GEOR20066,Pako Forever,5073,12/09/2023, 19:08:56,844
GEOR20066,Pako Forever,5073,12/09/2023, 20:11:33,844
GEOR20066,Pako Forever,5075,12/09/2023, 21:09:56,844
GEOR20066,Pako Forever,5075,12/09/2023, 22:10:46,844
GEOR20066,Pako Forever,5075,12/09/2023, 23:11:14,844
GEOR20066,Pako Forever,5075,12/10/2023, 00:56:19,844
GEOR20066,Pako Forever,5075,12/10/2023, 01:58:20,844
GEOR20066,Pako Forever,5075,12/10/2023, 02:29:19,844
GEOR20066,Pako Forever,5075,12/10/2023, 03:12:45,844
GEOR20066,Pako Forever,5075,12/10/2023, 04:14:28,844
GEOR20066,Pako Forever,5075,12/10/2023, 05:10:55,844
GEOR20066,Pako Forever,5075,12/10/2023, 06:14:10,844
GEOR20066,Pako Forever,5077,12/10/2023, 07:10:34,844
GEOR20066,Pako Forever,5077,12/10/2023, 08:14:26,844
GEOR20066,Pako Forever,5078,12/10/2023, 09:10:47,844
GEOR20066,Pako Forever,5078,12/10/2023, 10:11:21,844
GEOR20066,Pako Forever,5078,12/10/2023, 11:09:53,844
GEOR20066,Pako Forever,5078,12/10/2023, 12:19:32,844
GEOR20066,Pako Forever,5078,12/10/2023, 13:12:16,844
GEOR20066,Pako Forever,5078,12/10/2023, 14:10:25,844
GEOR20066,Pako Forever,5078,12/10/2023, 15:10:58,844
GEOR20066,Pako Forever,5079,12/10/2023, 16:14:01,844
GEOR20066,Pako Forever,5079,12/10/2023, 17:09:46,844
GEOR20066,Pako Forever,5081,12/10/2023, 18:13:36,844
GEOR20066,Pako Forever,5081,12/10/2023, 19:09:22,844
GEOR20066,Pako Forever,5081,12/10/2023, 20:11:51,844
GEOR20066,Pako Forever,5081,12/10/2023, 21:09:56,844
GEOR20066,Pako Forever,5081,12/10/2023, 22:10:30,844
GEOR20066,Pako Forever,5081,12/10/2023, 23:11:10,844
GEOR20066,Pako Forever,5082,12/11/2023, 00:53:48,844
GEOR20066,Pako Forever,5082,12/11/2023, 01:55:40,844
GEOR20066,Pako Forever,5082,12/11/2023, 02:26:31,844
GEOR20066,Pako Forever,5082,12/11/2023, 03:13:12,844
GEOR20066,Pako Forever,5083,12/11/2023, 04:14:45,844
GEOR20066,Pako Forever,5084,12/11/2023, 05:12:32,844
GEOR20066,Pako Forever,5084,12/11/2023, 06:16:02,844
GEOR20066,Pako Forever,5085,12/11/2023, 07:11:38,844
GEOR20066,Pako Forever,5085,12/11/2023, 08:15:57,844
GEOR20066,Pako Forever,5085,12/11/2023, 09:13:11,844
GEOR20066,Pako Forever,5085,12/11/2023, 10:13:45,844
GEOR20066,Pako Forever,5085,12/11/2023, 11:11:00,844
GEOR20066,Pako Forever,5085,12/11/2023, 12:22:19,844
GEOR20066,Pako Forever,5085,12/11/2023, 13:15:53,844
GEOR20066,Pako Forever,5085,12/11/2023, 14:12:15,844
GEOR20066,Pako Forever,5085,12/11/2023, 15:13:00,844
GEOR20066,Pako Forever,5085,12/11/2023, 16:15:53,844
GEOR20066,Pako Forever,5085,12/11/2023, 17:11:27,844
GEOR20066,Pako Forever,5085,12/11/2023, 18:15:09,844
GEOR20066,Pako Forever,5085,12/11/2023, 19:10:04,844
GEOR20066,Pako Forever,5085,12/11/2023, 20:13:07,844
GEOR20066,Pako Forever,5085,12/11/2023, 21:11:24,844
GEOR20066,Pako Forever,5085,12/11/2023, 22:11:17,844
GEOR20066,Pako Forever,5086,12/11/2023, 23:12:07,844
GEOR20066,Pako Forever,5086,12/12/2023, 00:53:18,844
GEOR20066,Pako Forever,5087,12/12/2023, 01:55:59,844
GEOR20066,Pako Forever,5087,12/12/2023, 02:27:10,844
GEOR20066,Pako Forever,5087,12/12/2023, 03:13:00,844
GEOR20066,Pako Forever,5087,12/12/2023, 04:14:24,844
GEOR20066,Pako Forever,5087,12/12/2023, 05:11:53,844
GEOR20066,Pako Forever,5087,12/12/2023, 06:15:33,844
GEOR20066,Pako Forever,5087,12/12/2023, 07:11:33,844
GEOR20066,Pako Forever,5088,12/12/2023, 08:15:19,844
GEOR20066,Pako Forever,5089,12/12/2023, 09:12:13,844
GEOR20066,Pako Forever,5089,12/12/2023, 10:13:11,844
GEOR20066,Pako Forever,5089,12/12/2023, 11:10:34,844
GEOR20066,Pako Forever,5089,12/12/2023, 12:21:51,844
GEOR20066,Pako Forever,5089,12/12/2023, 13:15:02,844
GEOR20066,Pako Forever,5089,12/12/2023, 14:11:27,844
GEOR20066,Pako Forever,5089,12/12/2023, 15:12:15,844
GEOR20066,Pako Forever,5090,12/12/2023, 16:14:18,844
GEOR20066,Pako Forever,5090,12/12/2023, 17:11:16,844
GEOR20066,Pako Forever,5090,12/12/2023, 18:14:53,844
GEOR20066,Pako Forever,5090,12/12/2023, 19:10:19,844
GEOR20066,Pako Forever,5091,12/12/2023, 20:12:36,844
GEOR20066,Pako Forever,5091,12/12/2023, 21:10:53,844
GEOR20066,Pako Forever,5091,12/12/2023, 22:11:22,844
GEOR20066,Pako Forever,5091,12/12/2023, 23:11:38,844
GEOR20066,Pako Forever,5093,12/13/2023, 00:52:38,844
GEOR20066,Pako Forever,5093,12/13/2023, 01:55:49,844
GEOR20066,Pako Forever,5093,12/13/2023, 02:26:35,844
GEOR20066,Pako Forever,5093,12/13/2023, 03:13:08,844
GEOR20066,Pako Forever,5093,12/13/2023, 04:15:00,844
GEOR20066,Pako Forever,5093,12/13/2023, 05:11:32,844
GEOR20066,Pako Forever,5093,12/13/2023, 06:15:43,844
GEOR20066,Pako Forever,5093,12/13/2023, 07:11:37,844
GEOR20066,Pako Forever,5093,12/13/2023, 08:15:21,844
GEOR20066,Pako Forever,5093,12/13/2023, 09:12:05,844
GEOR20066,Pako Forever,5093,12/13/2023, 10:12:52,844
GEOR20066,Pako Forever,5093,12/13/2023, 11:10:22,844
GEOR20066,Pako Forever,5093,12/13/2023, 12:21:29,844
GEOR20066,Pako Forever,5093,12/13/2023, 13:15:35,844
GEOR20066,Pako Forever,5094,12/13/2023, 14:11:58,844
GEOR20066,Pako Forever,5094,12/13/2023, 15:12:54,844
GEOR20066,Pako Forever,5094,12/13/2023, 16:14:16,844
GEOR20066,Pako Forever,5094,12/13/2023, 17:11:21,844
GEOR20066,Pako Forever,5094,12/13/2023, 18:13:02,844
GEOR20066,Pako Forever,5094,12/13/2023, 19:10:11,844
GEOR20066,Pako Forever,5094,12/13/2023, 20:12:53,844
GEOR20066,Pako Forever,5094,12/13/2023, 21:10:53,844
GEOR20066,Pako Forever,5094,12/13/2023, 22:11:24,844
GEOR20066,Pako Forever,5095,12/13/2023, 23:12:17,844
GEOR20066,Pako Forever,5095,12/14/2023, 00:52:34,844
GEOR20066,Pako Forever,5095,12/14/2023, 01:53:38,844
GEOR20066,Pako Forever,5095,12/14/2023, 02:24:34,844
GEOR20066,Pako Forever,5095,12/14/2023, 03:12:51,844
GEOR20066,Pako Forever,5095,12/14/2023, 04:15:05,844
GEOR20066,Pako Forever,5095,12/14/2023, 05:11:47,844
GEOR20066,Pako Forever,5095,12/14/2023, 06:16:01,844
GEOR20066,Pako Forever,5095,12/14/2023, 07:11:22,844
GEOR20066,Pako Forever,5095,12/14/2023, 08:15:20,844
GEOR20066,Pako Forever,5095,12/14/2023, 09:11:56,844
GEOR20066,Pako Forever,5095,12/14/2023, 10:14:13,844
GEOR20066,Pako Forever,5095,12/14/2023, 11:10:43,844
GEOR20066,Pako Forever,5096,12/14/2023, 12:21:27,844
GEOR20066,Pako Forever,5096,12/14/2023, 13:15:09,844
GEOR20066,Pako Forever,5096,12/14/2023, 14:11:41,844
GEOR20066,Pako Forever,5097,12/14/2023, 15:12:36,844
GEOR20066,Pako Forever,5097,12/14/2023, 16:13:11,844
GEOR20066,Pako Forever,5097,12/14/2023, 17:11:40,844
GEOR20066,Pako Forever,5097,12/14/2023, 18:14:59,844
GEOR20066,Pako Forever,5097,12/14/2023, 19:09:49,844
GEOR20066,Pako Forever,5097,12/14/2023, 20:12:52,844
GEOR20066,Pako Forever,5097,12/14/2023, 21:10:50,844
GEOR20066,Pako Forever,5099,12/14/2023, 22:11:27,844
GEOR20066,Pako Forever,5100,12/14/2023, 23:12:04,844
GEOR20066,Pako Forever,5101,12/15/2023, 00:53:22,844
GEOR20066,Pako Forever,5101,12/15/2023, 01:55:30,844
GEOR20066,Pako Forever,5101,12/15/2023, 02:26:49,844
GEOR20066,Pako Forever,5101,12/15/2023, 03:13:09,844
GEOR20066,Pako Forever,5101,12/15/2023, 04:14:23,844
GEOR20066,Pako Forever,5101,12/15/2023, 05:11:47,844
GEOR20066,Pako Forever,5101,12/15/2023, 06:15:50,844
GEOR20066,Pako Forever,5101,12/15/2023, 07:11:42,844
GEOR20066,Pako Forever,5101,12/15/2023, 08:15:24,844
GEOR20066,Pako Forever,5101,12/15/2023, 09:12:23,844
GEOR20066,Pako Forever,5101,12/15/2023, 10:13:03,844
GEOR20066,Pako Forever,5101,12/15/2023, 11:10:28,844
GEOR20066,Pako Forever,5102,12/15/2023, 12:21:38,844
GEOR20066,Pako Forever,5103,12/15/2023, 13:14:50,844
GEOR20066,Pako Forever,5103,12/15/2023, 14:11:15,844
GEOR20066,Pako Forever,5105,12/15/2023, 15:12:12,844
GEOR20066,Pako Forever,5106,12/15/2023, 16:15:05,844
GEOR20066,Pako Forever,5106,12/15/2023, 17:11:19,844
GEOR20066,Pako Forever,5107,12/15/2023, 18:14:47,844
GEOR20066,Pako Forever,5107,12/15/2023, 19:10:04,844
GEOR20066,Pako Forever,5108,12/15/2023, 20:12:51,844
GEOR20066,Pako Forever,5108,12/15/2023, 21:10:49,844
GEOR20066,Pako Forever,5108,12/15/2023, 22:10:57,844
GEOR20066,Pako Forever,5108,12/15/2023, 23:12:04,844
GEOR20066,Pako Forever,5109,12/16/2023, 00:52:13,844
GEOR20066,Pako Forever,5110,12/16/2023, 01:52:36,844
GEOR20066,Pako Forever,5110,12/16/2023, 02:23:17,844
GEOR20066,Pako Forever,5110,12/16/2023, 03:12:47,844
GEOR20066,Pako Forever,5110,12/16/2023, 04:14:18,844
GEOR20066,Pako Forever,5110,12/16/2023, 05:11:22,844
GEOR20066,Pako Forever,5111,12/16/2023, 06:14:41,844
GEOR20066,Pako Forever,5111,12/16/2023, 07:10:43,844
GEOR20066,Pako Forever,5111,12/16/2023, 08:14:02,844
GEOR20066,Pako Forever,5111,12/16/2023, 09:11:25,844
GEOR20066,Pako Forever,5111,12/16/2023, 10:11:32,844
GEOR20066,Pako Forever,5111,12/16/2023, 11:09:46,844
GEOR20066,Pako Forever,5111,12/16/2023, 12:19:53,844
GEOR20066,Pako Forever,5111,12/16/2023, 13:12:40,844
GEOR20066,Pako Forever,5111,12/16/2023, 14:11:13,844
GEOR20066,Pako Forever,5111,12/16/2023, 15:11:03,844
GEOR20066,Pako Forever,5111,12/16/2023, 16:13:46,844
GEOR20066,Pako Forever,5111,12/16/2023, 17:10:10,844
GEOR20066,Pako Forever,5111,12/16/2023, 18:13:59,844
GEOR20066,Pako Forever,5111,12/16/2023, 19:08:58,844
GEOR20066,Pako Forever,5111,12/16/2023, 20:11:46,844
GEOR20066,Pako Forever,5111,12/16/2023, 21:10:08,844
GEOR20066,Pako Forever,5111,12/16/2023, 22:10:50,844
GEOR20066,Pako Forever,5111,12/16/2023, 23:11:35,844
GEOR20066,Pako Forever,5112,12/17/2023, 00:56:10,844
GEOR20066,Pako Forever,5112,12/17/2023, 01:57:52,844
GEOR20066,Pako Forever,5112,12/17/2023, 02:29:04,844
GEOR20066,Pako Forever,5112,12/17/2023, 03:12:29,844
GEOR20066,Pako Forever,5112,12/17/2023, 04:14:05,844
GEOR20066,Pako Forever,5112,12/17/2023, 05:11:28,844
GEOR20066,Pako Forever,5112,12/17/2023, 06:14:26,844
GEOR20066,Pako Forever,5113,12/17/2023, 07:10:57,844
GEOR20066,Pako Forever,5113,12/17/2023, 08:13:59,844
GEOR20066,Pako Forever,5113,12/17/2023, 09:11:35,844
GEOR20066,Pako Forever,5114,12/17/2023, 10:11:51,844
GEOR20066,Pako Forever,5114,12/17/2023, 11:09:45,844
GEOR20066,Pako Forever,5114,12/17/2023, 12:19:50,844
GEOR20066,Pako Forever,5114,12/17/2023, 13:12:44,844
GEOR20066,Pako Forever,5114,12/17/2023, 14:09:55,844
GEOR20066,Pako Forever,5114,12/17/2023, 15:11:00,844
GEOR20066,Pako Forever,5114,12/17/2023, 16:13:42,844
GEOR20066,Pako Forever,5114,12/17/2023, 17:10:05,844
GEOR20066,Pako Forever,5114,12/17/2023, 18:13:58,844
GEOR20066,Pako Forever,5114,12/17/2023, 19:09:22,844
GEOR20066,Pako Forever,5114,12/17/2023, 20:12:04,844
GEOR20066,Pako Forever,5115,12/17/2023, 21:10:23,844
GEOR20066,Pako Forever,5115,12/17/2023, 22:10:43,844
GEOR20066,Pako Forever,5116,12/17/2023, 23:11:33,844
GEOR20066,Pako Forever,5118,12/18/2023, 00:53:37,844
GEOR20066,Pako Forever,5118,12/18/2023, 01:55:23,844
GEOR20066,Pako Forever,5118,12/18/2023, 02:26:13,844
GEOR20066,Pako Forever,5118,12/18/2023, 03:13:21,844
GEOR20066,Pako Forever,5118,12/18/2023, 04:14:58,844
GEOR20066,Pako Forever,5118,12/18/2023, 05:12:33,844
GEOR20066,Pako Forever,5118,12/18/2023, 06:16:20,844
GEOR20066,Pako Forever,5118,12/18/2023, 07:11:25,844
GEOR20066,Pako Forever,5118,12/18/2023, 08:16:25,844
GEOR20066,Pako Forever,5118,12/18/2023, 09:12:40,844
GEOR20066,Pako Forever,5119,12/18/2023, 10:13:37,844
GEOR20066,Pako Forever,5119,12/18/2023, 11:10:35,844
GEOR20066,Pako Forever,5119,12/18/2023, 12:21:56,844
GEOR20066,Pako Forever,5119,12/18/2023, 13:15:45,844
GEOR20066,Pako Forever,5119,12/18/2023, 14:11:46,844
GEOR20066,Pako Forever,5119,12/18/2023, 15:12:44,844
GEOR20066,Pako Forever,5119,12/18/2023, 16:14:54,844
GEOR20066,Pako Forever,5119,12/18/2023, 17:11:29,844
GEOR20066,Pako Forever,5119,12/18/2023, 18:15:01,844
GEOR20066,Pako Forever,5120,12/18/2023, 19:09:55,844
GEOR20066,Pako Forever,5120,12/18/2023, 20:12:58,844
GEOR20066,Pako Forever,5121,12/18/2023, 21:10:59,844
GEOR20066,Pako Forever,5122,12/18/2023, 22:11:45,844
GEOR20066,Pako Forever,5122,12/18/2023, 23:11:55,844
GEOR20066,Pako Forever,5122,12/19/2023, 00:52:39,844
GEOR20066,Pako Forever,5122,12/19/2023, 01:54:46,844
GEOR20066,Pako Forever,5122,12/19/2023, 02:25:37,844
GEOR20066,Pako Forever,5122,12/19/2023, 03:12:48,844
GEOR20066,Pako Forever,5123,12/19/2023, 04:14:23,844
GEOR20066,Pako Forever,5124,12/19/2023, 05:11:50,844
GEOR20066,Pako Forever,5124,12/19/2023, 06:15:43,844
GEOR20066,Pako Forever,5124,12/19/2023, 07:11:54,844
GEOR20066,Pako Forever,5124,12/19/2023, 08:15:22,844
GEOR20066,Pako Forever,5124,12/19/2023, 09:12:20,844
GEOR20066,Pako Forever,5124,12/19/2023, 10:12:25,844
GEOR20066,Pako Forever,5124,12/19/2023, 11:10:17,844
GEOR20066,Pako Forever,5124,12/19/2023, 12:21:22,844
GEOR20066,Pako Forever,5124,12/19/2023, 13:14:33,844
GEOR20066,Pako Forever,5124,12/19/2023, 14:11:29,844
GEOR20066,Pako Forever,5124,12/19/2023, 15:12:00,844
GEOR20066,Pako Forever,5125,12/19/2023, 16:13:54,844
GEOR20066,Pako Forever,5125,12/19/2023, 17:09:28,844
GEOR20066,Pako Forever,5128,12/19/2023, 18:12:33,844
GEOR20066,Pako Forever,5130,12/19/2023, 19:08:28,844
GEOR20066,Pako Forever,5130,12/19/2023, 20:11:26,844
GEOR20066,Pako Forever,5130,12/19/2023, 21:09:33,844
GEOR20066,Pako Forever,5130,12/19/2023, 22:10:00,844
GEOR20066,Pako Forever,5130,12/19/2023, 23:09:56,844
GEOR20066,Pako Forever,5130,12/20/2023, 00:42:15,844
GEOR20066,Pako Forever,5131,12/20/2023, 01:32:53,844
GEOR20066,Pako Forever,5131,12/20/2023, 02:10:50,844
GEOR20066,Pako Forever,5131,12/20/2023, 03:10:33,844
GEOR20066,Pako Forever,5131,12/20/2023, 04:11:57,844
GEOR20066,Pako Forever,5131,12/20/2023, 05:09:43,844
GEOR20066,Pako Forever,5131,12/20/2023, 06:13:11,844
GEOR20066,Pako Forever,5131,12/20/2023, 07:09:30,844
GEOR20066,Pako Forever,5132,12/20/2023, 08:13:03,844
GEOR20066,Pako Forever,5132,12/20/2023, 09:10:13,844
GEOR20066,Pako Forever,5132,12/20/2023, 10:10:43,844
GEOR20066,Pako Forever,5132,12/20/2023, 11:09:50,844
GEOR20066,Pako Forever,5132,12/20/2023, 12:17:54,844
GEOR20066,Pako Forever,5132,12/20/2023, 13:11:36,844
GEOR20066,Pako Forever,5132,12/20/2023, 14:09:40,844
GEOR20066,Pako Forever,5132,12/20/2023, 15:10:11,844
GEOR20066,Pako Forever,5132,12/20/2023, 16:13:41,844
GEOR20066,Pako Forever,5132,12/20/2023, 17:09:56,844
GEOR20066,Pako Forever,5132,12/20/2023, 18:14:50,844
GEOR20066,Pako Forever,5132,12/20/2023, 19:08:24,844
GEOR20066,Pako Forever,5132,12/20/2023, 20:12:44,844
GEOR20066,Pako Forever,5132,12/20/2023, 21:10:24,844
GEOR20066,Pako Forever,5132,12/20/2023, 22:11:03,844
GEOR20066,Pako Forever,5132,12/20/2023, 23:12:20,844
GEOR20066,Pako Forever,5133,12/21/2023, 00:52:09,844
GEOR20066,Pako Forever,5134,12/21/2023, 01:53:13,844
GEOR20066,Pako Forever,5134,12/21/2023, 02:24:10,844
GEOR20066,Pako Forever,5136,12/21/2023, 03:12:28,844
GEOR20066,Pako Forever,5136,12/21/2023, 04:14:09,844
GEOR20066,Pako Forever,5136,12/21/2023, 05:11:37,844
GEOR20066,Pako Forever,5136,12/21/2023, 06:15:21,844
GEOR20066,Pako Forever,5136,12/21/2023, 07:11:29,844
GEOR20066,Pako Forever,5136,12/21/2023, 08:14:43,844
GEOR20066,Pako Forever,5136,12/21/2023, 09:11:51,844
GEOR20066,Pako Forever,5136,12/21/2023, 10:12:33,844
GEOR20066,Pako Forever,5136,12/21/2023, 11:10:22,844
GEOR20066,Pako Forever,5136,12/21/2023, 12:20:51,844
GEOR20066,Pako Forever,5136,12/21/2023, 13:14:17,844
GEOR20066,Pako Forever,5136,12/21/2023, 14:10:54,844
GEOR20066,Pako Forever,5136,12/21/2023, 15:12:26,844
GEOR20066,Pako Forever,5136,12/21/2023, 16:15:01,844
GEOR20066,Pako Forever,5136,12/21/2023, 17:11:15,844
GEOR20066,Pako Forever,5136,12/21/2023, 18:13:17,844
GEOR20066,Pako Forever,5136,12/21/2023, 19:08:17,844
GEOR20066,Pako Forever,5137,12/21/2023, 20:12:10,844
GEOR20066,Pako Forever,5138,12/21/2023, 21:12:10,844
GEOR20066,Pako Forever,5138,12/21/2023, 22:10:35,844
GEOR20066,Pako Forever,5138,12/21/2023, 23:12:34,844
GEOR20066,Pako Forever,5138,12/22/2023, 00:51:56,844
GEOR20066,Pako Forever,5138,12/22/2023, 01:52:14,844
GEOR20066,Pako Forever,5138,12/22/2023, 02:23:07,844
GEOR20066,Pako Forever,5138,12/22/2023, 03:12:38,844
GEOR20066,Pako Forever,5138,12/22/2023, 04:14:21,844
GEOR20066,Pako Forever,5138,12/22/2023, 05:11:48,844
GEOR20066,Pako Forever,5138,12/22/2023, 06:15:40,844
GEOR20066,Pako Forever,5138,12/22/2023, 07:11:01,844
GEOR20066,Pako Forever,5138,12/22/2023, 08:14:56,844
GEOR20066,Pako Forever,5138,12/22/2023, 09:11:50,844
GEOR20066,Pako Forever,5138,12/22/2023, 10:12:46,844
GEOR20066,Pako Forever,5138,12/22/2023, 11:10:23,844
GEOR20066,Pako Forever,5138,12/22/2023, 12:20:45,844
GEOR20066,Pako Forever,5138,12/22/2023, 13:13:26,844
GEOR20066,Pako Forever,5138,12/22/2023, 14:11:16,844
GEOR20066,Pako Forever,5138,12/22/2023, 15:11:42,844
GEOR20066,Pako Forever,5140,12/22/2023, 16:14:33,844
GEOR20066,Pako Forever,5140,12/22/2023, 17:10:42,844
GEOR20066,Pako Forever,5140,12/22/2023, 18:14:35,844
GEOR20066,Pako Forever,5140,12/22/2023, 19:09:24,844
GEOR20066,Pako Forever,5140,12/22/2023, 20:12:26,844
GEOR20066,Pako Forever,5141,12/22/2023, 21:10:22,844
GEOR20066,Pako Forever,5141,12/22/2023, 22:11:00,844
GEOR20066,Pako Forever,5141,12/22/2023, 23:12:09,844
GEOR20066,Pako Forever,5141,12/23/2023, 00:49:36,844
GEOR20066,Pako Forever,5141,12/23/2023, 01:45:38,844
GEOR20066,Pako Forever,5141,12/23/2023, 02:19:50,844
GEOR20066,Pako Forever,5141,12/23/2023, 03:12:21,844
GEOR20066,Pako Forever,5141,12/23/2023, 04:13:40,844
GEOR20066,Pako Forever,5141,12/23/2023, 05:11:13,844
GEOR20066,Pako Forever,5141,12/23/2023, 06:14:20,844
GEOR20066,Pako Forever,5141,12/23/2023, 07:10:17,844
GEOR20066,Pako Forever,5141,12/23/2023, 08:13:42,844
GEOR20066,Pako Forever,5141,12/23/2023, 09:11:07,844
GEOR20066,Pako Forever,5142,12/23/2023, 10:11:21,844
GEOR20066,Pako Forever,5143,12/23/2023, 11:09:46,844
GEOR20066,Pako Forever,5143,12/23/2023, 12:18:56,844
GEOR20066,Pako Forever,5145,12/23/2023, 13:12:26,844
GEOR20066,Pako Forever,5145,12/23/2023, 14:10:07,844
GEOR20066,Pako Forever,5145,12/23/2023, 15:10:51,844
GEOR20066,Pako Forever,5146,12/23/2023, 16:13:39,844
GEOR20066,Pako Forever,5148,12/23/2023, 17:10:18,844
GEOR20066,Pako Forever,5148,12/23/2023, 18:13:27,844
GEOR20066,Pako Forever,5148,12/23/2023, 19:08:54,844
GEOR20066,Pako Forever,5148,12/23/2023, 20:11:17,844
GEOR20066,Pako Forever,5150,12/23/2023, 21:09:31,844
GEOR20066,Pako Forever,5150,12/23/2023, 22:10:13,844
GEOR20066,Pako Forever,5150,12/23/2023, 23:11:41,844
GEOR20066,Pako Forever,5151,12/24/2023, 00:55:31,844
GEOR20066,Pako Forever,5151,12/24/2023, 01:56:02,844
GEOR20066,Pako Forever,5151,12/24/2023, 02:25:28,844
GEOR20066,Pako Forever,5151,12/24/2023, 03:12:02,844
GEOR20066,Pako Forever,5152,12/24/2023, 04:13:42,844
GEOR20066,Pako Forever,5152,12/24/2023, 05:11:11,844
GEOR20066,Pako Forever,5152,12/24/2023, 06:14:15,844
GEOR20066,Pako Forever,5152,12/24/2023, 07:10:41,844
GEOR20066,Pako Forever,5152,12/24/2023, 08:13:31,844
GEOR20066,Pako Forever,5152,12/24/2023, 09:11:54,844
GEOR20066,Pako Forever,5152,12/24/2023, 10:11:51,844
GEOR20066,Pako Forever,5152,12/24/2023, 11:09:24,844
GEOR20066,Pako Forever,5153,12/24/2023, 12:18:59,844
GEOR20066,Pako Forever,5153,12/24/2023, 13:12:18,844
GEOR20066,Pako Forever,5154,12/24/2023, 14:10:24,844
GEOR20066,Pako Forever,5154,12/24/2023, 15:10:46,844
GEOR20066,Pako Forever,5155,12/24/2023, 16:13:36,844
GEOR20066,Pako Forever,5155,12/24/2023, 17:10:08,844
GEOR20066,Pako Forever,5155,12/24/2023, 18:13:16,844
GEOR20066,Pako Forever,5156,12/24/2023, 19:09:16,844
GEOR20066,Pako Forever,5156,12/24/2023, 20:11:28,844
GEOR20066,Pako Forever,5156,12/24/2023, 21:09:48,844
GEOR20066,Pako Forever,5156,12/24/2023, 22:10:24,844
GEOR20066,Pako Forever,5157,12/24/2023, 23:11:23,844
GEOR20066,Pako Forever,5158,12/25/2023, 00:52:56,844
GEOR20066,Pako Forever,5158,12/25/2023, 01:54:07,844
GEOR20066,Pako Forever,5158,12/25/2023, 02:25:13,844
GEOR20066,Pako Forever,5159,12/25/2023, 03:12:46,844
GEOR20066,Pako Forever,5159,12/25/2023, 04:14:16,844
GEOR20066,Pako Forever,5159,12/25/2023, 05:12:33,844
GEOR20066,Pako Forever,5159,12/25/2023, 06:15:57,844
GEOR20066,Pako Forever,5159,12/25/2023, 07:11:13,844
GEOR20066,Pako Forever,5159,12/25/2023, 08:15:02,844
GEOR20066,Pako Forever,5159,12/25/2023, 09:12:08,844
GEOR20066,Pako Forever,5159,12/25/2023, 10:12:37,844
GEOR20066,Pako Forever,5159,12/25/2023, 11:10:08,844
GEOR20066,Pako Forever,5159,12/25/2023, 12:20:41,844
GEOR20066,Pako Forever,5159,12/25/2023, 13:13:07,844
GEOR20066,Pako Forever,5159,12/25/2023, 14:10:46,844
GEOR20066,Pako Forever,5159,12/25/2023, 15:12:49,844
GEOR20066,Pako Forever,5159,12/25/2023, 16:14:05,844
GEOR20066,Pako Forever,5160,12/25/2023, 17:10:25,844
GEOR20066,Pako Forever,5160,12/25/2023, 18:13:59,844
GEOR20066,Pako Forever,5160,12/25/2023, 19:10:30,844
GEOR20066,Pako Forever,5160,12/25/2023, 20:12:12,844
GEOR20066,Pako Forever,5160,12/25/2023, 21:10:36,844
GEOR20066,Pako Forever,5160,12/25/2023, 22:10:47,844
GEOR20066,Pako Forever,5161,12/25/2023, 23:11:37,844
GEOR20066,Pako Forever,5161,12/26/2023, 00:50:41,844
GEOR20066,Pako Forever,5161,12/26/2023, 01:49:58,844
GEOR20066,Pako Forever,5161,12/26/2023, 02:21:30,844
GEOR20066,Pako Forever,5161,12/26/2023, 03:12:44,844
GEOR20066,Pako Forever,5161,12/26/2023, 04:14:19,844
GEOR20066,Pako Forever,5162,12/26/2023, 05:11:53,844
GEOR20066,Pako Forever,5162,12/26/2023, 06:15:15,844
GEOR20066,Pako Forever,5162,12/26/2023, 07:10:51,844
GEOR20066,Pako Forever,5162,12/26/2023, 08:14:35,844
GEOR20066,Pako Forever,5163,12/26/2023, 09:11:37,844
GEOR20066,Pako Forever,5163,12/26/2023, 10:12:08,844
GEOR20066,Pako Forever,5165,12/26/2023, 11:10:05,844
GEOR20066,Pako Forever,5165,12/26/2023, 12:19:53,844
GEOR20066,Pako Forever,5166,12/26/2023, 13:12:58,844
GEOR20066,Pako Forever,5166,12/26/2023, 14:10:48,844
GEOR20066,Pako Forever,5168,12/26/2023, 15:11:22,844
GEOR20066,Pako Forever,5168,12/26/2023, 16:14:27,844
GEOR20066,Pako Forever,5169,12/26/2023, 17:10:43,844
GEOR20066,Pako Forever,5169,12/26/2023, 18:14:00,844
GEOR20066,Pako Forever,5169,12/26/2023, 19:09:42,844
GEOR20066,Pako Forever,5171,12/26/2023, 20:12:06,844
GEOR20066,Pako Forever,5171,12/26/2023, 21:10:11,844
GEOR20066,Pako Forever,5172,12/26/2023, 22:10:39,844
GEOR20066,Pako Forever,5173,12/26/2023, 23:12:21,844
GEOR20066,Pako Forever,5173,12/27/2023, 00:50:55,844
GEOR20066,Pako Forever,5173,12/27/2023, 01:51:18,844
GEOR20066,Pako Forever,5173,12/27/2023, 02:22:02,844
GEOR20066,Pako Forever,5173,12/27/2023, 03:12:42,844
GEOR20066,Pako Forever,5173,12/27/2023, 04:14:34,844
GEOR20066,Pako Forever,5173,12/27/2023, 05:11:22,844
GEOR20066,Pako Forever,5173,12/27/2023, 06:15:36,844
GEOR20066,Pako Forever,5173,12/27/2023, 07:11:08,844
GEOR20066,Pako Forever,5173,12/27/2023, 08:14:44,844
GEOR20066,Pako Forever,5173,12/27/2023, 09:11:32,844
GEOR20066,Pako Forever,5174,12/27/2023, 10:12:16,844
GEOR20066,Pako Forever,5174,12/27/2023, 11:10:00,844
GEOR20066,Pako Forever,5175,12/27/2023, 12:20:31,844
GEOR20066,Pako Forever,5175,12/27/2023, 13:13:32,844
GEOR20066,Pako Forever,5175,12/27/2023, 14:10:33,844
GEOR20066,Pako Forever,5176,12/27/2023, 15:11:55,844
GEOR20066,Pako Forever,5176,12/27/2023, 16:14:05,844
GEOR20066,Pako Forever,5176,12/27/2023, 17:10:06,844
GEOR20066,Pako Forever,5176,12/27/2023, 18:14:19,844
GEOR20066,Pako Forever,5178,12/27/2023, 19:09:47,844
GEOR20066,Pako Forever,5178,12/27/2023, 20:11:58,844
GEOR20066,Pako Forever,5178,12/27/2023, 21:10:57,844
GEOR20066,Pako Forever,5178,12/27/2023, 22:10:48,844
GEOR20066,Pako Forever,5178,12/27/2023, 23:11:45,844
GEOR20066,Pako Forever,5178,12/28/2023, 00:50:47,844
GEOR20066,Pako Forever,5178,12/28/2023, 01:50:32,844
GEOR20066,Pako Forever,5178,12/28/2023, 02:21:43,844
GEOR20066,Pako Forever,5178,12/28/2023, 03:12:17,844
GEOR20066,Pako Forever,5178,12/28/2023, 04:14:17,844
GEOR20066,Pako Forever,5178,12/28/2023, 05:11:49,844
GEOR20066,Pako Forever,5178,12/28/2023, 06:15:06,844
GEOR20066,Pako Forever,5178,12/28/2023, 07:11:12,844
GEOR20066,Pako Forever,5179,12/28/2023, 08:14:50,844
GEOR20066,Pako Forever,5179,12/28/2023, 09:12:15,844
GEOR20066,Pako Forever,5179,12/28/2023, 10:12:40,844
GEOR20066,Pako Forever,5179,12/28/2023, 11:10:10,844
GEOR20066,Pako Forever,5179,12/28/2023, 12:21:06,844
GEOR20066,Pako Forever,5179,12/28/2023, 13:13:14,844
GEOR20066,Pako Forever,5179,12/28/2023, 14:10:57,844
GEOR20066,Pako Forever,5179,12/28/2023, 15:11:38,844
GEOR20066,Pako Forever,5180,12/28/2023, 16:14:30,844
GEOR20066,Pako Forever,5181,12/28/2023, 17:10:47,844
GEOR20066,Pako Forever,5181,12/28/2023, 18:14:16,844
GEOR20066,Pako Forever,5182,12/28/2023, 19:09:27,844
GEOR20066,Pako Forever,5182,12/28/2023, 20:11:24,844
GEOR20066,Pako Forever,5182,12/28/2023, 21:10:26,844
GEOR20066,Pako Forever,5182,12/28/2023, 22:10:38,844
GEOR20066,Pako Forever,5182,12/28/2023, 23:12:29,844
GEOR20066,Pako Forever,5182,12/29/2023, 00:41:53,844
GEOR20066,Pako Forever,5183,12/29/2023, 01:40:19,844
GEOR20066,Pako Forever,5183,12/29/2023, 02:18:18,844
GEOR20066,Pako Forever,5183,12/29/2023, 03:13:03,844
GEOR20066,Pako Forever,5183,12/29/2023, 04:14:39,844
GEOR20066,Pako Forever,5183,12/29/2023, 05:11:31,844
GEOR20066,Pako Forever,5183,12/29/2023, 06:15:38,844
GEOR20066,Pako Forever,5183,12/29/2023, 07:11:01,844
GEOR20066,Pako Forever,5185,12/29/2023, 08:14:23,844
GEOR20066,Pako Forever,5185,12/29/2023, 09:12:00,844
GEOR20066,Pako Forever,5185,12/29/2023, 10:12:37,844
GEOR20066,Pako Forever,5185,12/29/2023, 11:10:51,844
GEOR20066,Pako Forever,5185,12/29/2023, 12:18:09,844
GEOR20066,Pako Forever,5187,12/29/2023, 13:13:31,844
GEOR20066,Pako Forever,5187,12/29/2023, 14:10:40,844
GEOR20066,Pako Forever,5187,12/29/2023, 15:11:18,844
GEOR20066,Pako Forever,5187,12/29/2023, 16:15:42,844
GEOR20066,Pako Forever,5188,12/29/2023, 17:11:25,844
GEOR20066,Pako Forever,5188,12/29/2023, 18:14:06,844
GEOR20066,Pako Forever,5188,12/29/2023, 19:09:44,844
GEOR20066,Pako Forever,5188,12/29/2023, 20:12:02,844
GEOR20066,Pako Forever,5188,12/29/2023, 21:10:20,844
GEOR20066,Pako Forever,5188,12/29/2023, 22:10:59,844
GEOR20066,Pako Forever,5188,12/29/2023, 23:11:34,844
GEOR20066,Pako Forever,5189,12/30/2023, 00:50:31,844
GEOR20066,Pako Forever,5189,12/30/2023, 01:47:48,844
GEOR20066,Pako Forever,5189,12/30/2023, 02:21:34,844
GEOR20066,Pako Forever,5189,12/30/2023, 03:12:32,844
GEOR20066,Pako Forever,5189,12/30/2023, 04:14:24,844
GEOR20066,Pako Forever,5189,12/30/2023, 05:10:56,844
GEOR20066,Pako Forever,5189,12/30/2023, 06:14:00,844
GEOR20066,Pako Forever,5189,12/30/2023, 07:10:16,844
GEOR20066,Pako Forever,5189,12/30/2023, 08:14:04,844
GEOR20066,Pako Forever,5189,12/30/2023, 09:10:52,844
GEOR20066,Pako Forever,5189,12/30/2023, 10:11:24,844
GEOR20066,Pako Forever,5189,12/30/2023, 11:09:42,844
GEOR20066,Pako Forever,5189,12/30/2023, 12:19:12,844
GEOR20066,Pako Forever,5189,12/30/2023, 13:12:16,844
GEOR20066,Pako Forever,5190,12/30/2023, 14:10:06,844
GEOR20066,Pako Forever,5190,12/30/2023, 15:10:53,844
GEOR20066,Pako Forever,5190,12/30/2023, 16:13:33,844
GEOR20066,Pako Forever,5190,12/30/2023, 17:09:58,844
GEOR20066,Pako Forever,5190,12/30/2023, 18:14:13,844
GEOR20066,Pako Forever,5190,12/30/2023, 19:09:10,844
GEOR20066,Pako Forever,5190,12/30/2023, 20:11:48,844
GEOR20066,Pako Forever,5190,12/30/2023, 21:10:12,844
GEOR20066,Pako Forever,5190,12/30/2023, 22:10:22,844
GEOR20066,Pako Forever,5190,12/30/2023, 23:11:02,844
GEOR20066,Pako Forever,5190,12/31/2023, 00:55:47,844
GEOR20066,Pako Forever,5191,12/31/2023, 01:56:43,844
GEOR20066,Pako Forever,5191,12/31/2023, 02:26:09,844
GEOR20066,Pako Forever,5191,12/31/2023, 03:12:29,844
GEOR20066,Pako Forever,5191,12/31/2023, 04:13:43,844
GEOR20066,Pako Forever,5191,12/31/2023, 05:11:12,844
GEOR20066,Pako Forever,5191,12/31/2023, 06:14:09,844
GEOR20066,Pako Forever,5191,12/31/2023, 07:10:38,844
GEOR20066,Pako Forever,5191,12/31/2023, 08:13:51,844
GEOR20066,Pako Forever,5191,12/31/2023, 09:11:07,844
GEOR20066,Pako Forever,5191,12/31/2023, 10:11:43,844
GEOR20066,Pako Forever,5191,12/31/2023, 11:09:37,844
GEOR20066,Pako Forever,5191,12/31/2023, 12:19:39,844
GEOR20066,Pako Forever,5192,12/31/2023, 13:12:09,844
GEOR20066,Pako Forever,5192,12/31/2023, 14:10:07,844
GEOR20066,Pako Forever,5192,12/31/2023, 15:10:46,844
GEOR20066,Pako Forever,5193,12/31/2023, 16:13:29,844
GEOR20066,Pako Forever,5193,12/31/2023, 17:09:52,844
GEOR20066,Pako Forever,5193,12/31/2023, 18:13:17,844
GEOR20066,Pako Forever,5194,12/31/2023, 19:09:15,844
GEOR20066,Pako Forever,5194,12/31/2023, 20:11:41,844
GEOR20066,Pako Forever,5194,12/31/2023, 21:10:16,844
GEOR20066,Pako Forever,5194,12/31/2023, 22:10:33,844
GEOR20066,Pako Forever,5194,12/31/2023, 23:11:43,844
GEOR20066,Pako Forever,5195,01/01/2024, 00:57:27,844
GEOR20066,Pako Forever,5195,01/01/2024, 02:01:08,844
GEOR20066,Pako Forever,5195,01/01/2024, 02:36:38,844
GEOR20066,Pako Forever,5195,01/01/2024, 03:13:30,844
GEOR20066,Pako Forever,5195,01/01/2024, 04:14:30,844
GEOR20066,Pako Forever,5195,01/01/2024, 05:12:39,844
GEOR20066,Pako Forever,5195,01/01/2024, 06:16:21,844
GEOR20066,Pako Forever,5195,01/01/2024, 07:11:10,844
GEOR20066,Pako Forever,5195,01/01/2024, 08:15:15,844
GEOR20066,Pako Forever,5195,01/01/2024, 09:12:36,844
GEOR20066,Pako Forever,5196,01/01/2024, 10:13:05,844
GEOR20066,Pako Forever,5196,01/01/2024, 11:10:21,844
GEOR20066,Pako Forever,5196,01/01/2024, 12:20:51,844
GEOR20066,Pako Forever,5196,01/01/2024, 13:13:58,844
GEOR20066,Pako Forever,5197,01/01/2024, 14:11:07,844
GEOR20066,Pako Forever,5198,01/01/2024, 15:11:59,844
GEOR20066,Pako Forever,5198,01/01/2024, 16:14:09,844
GEOR20066,Pako Forever,5198,01/01/2024, 17:10:43,844
GEOR20066,Pako Forever,5199,01/01/2024, 18:14:59,844
GEOR20066,Pako Forever,5199,01/01/2024, 19:09:41,844
GEOR20066,Pako Forever,5200,01/01/2024, 20:12:01,844
GEOR20066,Pako Forever,5200,01/01/2024, 21:10:40,844
GEOR20066,Pako Forever,5203,01/01/2024, 22:11:32,844
GEOR20066,Pako Forever,5203,01/01/2024, 23:11:55,844
GEOR20066,Pako Forever,5203,01/02/2024, 00:51:25,844
GEOR20066,Pako Forever,5203,01/02/2024, 01:55:11,844
GEOR20066,Pako Forever,5203,01/02/2024, 02:25:31,844
GEOR20066,Pako Forever,5203,01/02/2024, 03:12:35,844
GEOR20066,Pako Forever,5203,01/02/2024, 04:14:24,844
GEOR20066,Pako Forever,5203,01/02/2024, 05:11:53,844
GEOR20066,Pako Forever,5204,01/02/2024, 06:15:16,844
GEOR20066,Pako Forever,5204,01/02/2024, 07:11:19,844
GEOR20066,Pako Forever,5204,01/02/2024, 08:14:55,844
GEOR20066,Pako Forever,5204,01/02/2024, 09:12:05,844
GEOR20066,Pako Forever,5204,01/02/2024, 10:12:51,844
GEOR20066,Pako Forever,5204,01/02/2024, 11:10:01,844
GEOR20066,Pako Forever,5204,01/02/2024, 12:20:30,844
GEOR20066,Pako Forever,5204,01/02/2024, 13:13:56,844
GEOR20066,Pako Forever,5204,01/02/2024, 14:11:24,844
GEOR20066,Pako Forever,5204,01/02/2024, 15:11:57,844
GEOR20066,Pako Forever,5204,01/02/2024, 16:13:24,844
GEOR20066,Pako Forever,5204,01/02/2024, 17:11:10,844
GEOR20066,Pako Forever,5204,01/02/2024, 18:14:55,844
GEOR20066,Pako Forever,5204,01/02/2024, 19:09:48,844
GEOR20066,Pako Forever,5204,01/02/2024, 20:12:19,844
GEOR20066,Pako Forever,5204,01/02/2024, 21:10:28,844
GEOR20066,Pako Forever,5205,01/02/2024, 22:11:08,844
GEOR20066,Pako Forever,5205,01/02/2024, 23:11:30,844
GEOR20066,Pako Forever,5205,01/03/2024, 00:52:35,844
GEOR20066,Pako Forever,5205,01/03/2024, 01:52:52,844
GEOR20066,Pako Forever,5205,01/03/2024, 02:23:45,844
GEOR20066,Pako Forever,5205,01/03/2024, 03:12:57,844
GEOR20066,Pako Forever,5205,01/03/2024, 04:14:09,844
GEOR20066,Pako Forever,5206,01/03/2024, 05:11:39,844
GEOR20066,Pako Forever,5207,01/03/2024, 06:15:16,844
GEOR20066,Pako Forever,5207,01/03/2024, 07:11:30,844
GEOR20066,Pako Forever,5207,01/03/2024, 08:14:41,844
GEOR20066,Pako Forever,5207,01/03/2024, 09:13:16,844
GEOR20066,Pako Forever,5207,01/03/2024, 10:12:37,844
GEOR20066,Pako Forever,5207,01/03/2024, 11:10:42,844
GEOR20066,Pako Forever,5208,01/03/2024, 12:20:45,844
GEOR20066,Pako Forever,5208,01/03/2024, 13:14:18,844
GEOR20066,Pako Forever,5208,01/03/2024, 14:11:02,844
GEOR20066,Pako Forever,5208,01/03/2024, 15:11:52,844
GEOR20066,Pako Forever,5208,01/03/2024, 16:14:42,844
GEOR20066,Pako Forever,5208,01/03/2024, 17:11:02,844
GEOR20066,Pako Forever,5208,01/03/2024, 18:14:47,844
GEOR20066,Pako Forever,5208,01/03/2024, 19:10:09,844
GEOR20066,Pako Forever,5208,01/03/2024, 20:12:48,844
GEOR20066,Pako Forever,5208,01/03/2024, 21:10:50,844
GEOR20066,Pako Forever,5208,01/03/2024, 22:11:38,844
GEOR20066,Pako Forever,5209,01/03/2024, 23:13:15,844
GEOR20066,Pako Forever,5210,01/04/2024, 00:52:43,844
GEOR20066,Pako Forever,5211,01/04/2024, 01:52:55,844
GEOR20066,Pako Forever,5211,01/04/2024, 02:24:12,844
GEOR20066,Pako Forever,5211,01/04/2024, 03:13:02,844
GEOR20066,Pako Forever,5211,01/04/2024, 04:14:25,844
GEOR20066,Pako Forever,5211,01/04/2024, 05:11:31,844
GEOR20066,Pako Forever,5211,01/04/2024, 06:15:19,844
GEOR20066,Pako Forever,5211,01/04/2024, 07:11:49,844
GEOR20066,Pako Forever,5212,01/04/2024, 08:14:41,844
GEOR20066,Pako Forever,5212,01/04/2024, 09:12:15,844
GEOR20066,Pako Forever,5212,01/04/2024, 10:12:45,844
GEOR20066,Pako Forever,5212,01/04/2024, 11:10:30,844
GEOR20066,Pako Forever,5214,01/04/2024, 12:20:46,844
GEOR20066,Pako Forever,5215,01/04/2024, 13:14:09,844
GEOR20066,Pako Forever,5215,01/04/2024, 14:11:10,844
GEOR20066,Pako Forever,5215,01/04/2024, 15:13:22,844
GEOR20066,Pako Forever,5215,01/04/2024, 16:14:42,844
GEOR20066,Pako Forever,5216,01/04/2024, 17:11:08,844
GEOR20066,Pako Forever,5216,01/04/2024, 18:14:49,844
GEOR20066,Pako Forever,5216,01/04/2024, 19:09:49,844
GEOR20066,Pako Forever,5217,01/04/2024, 20:12:42,844
GEOR20066,Pako Forever,5217,01/04/2024, 21:11:15,844
GEOR20066,Pako Forever,5217,01/04/2024, 22:11:55,844
GEOR20066,Pako Forever,5217,01/04/2024, 23:12:46,844
GEOR20066,Pako Forever,5217,01/05/2024, 00:52:31,844
GEOR20066,Pako Forever,5217,01/05/2024, 01:54:27,844
GEOR20066,Pako Forever,5217,01/05/2024, 02:25:25,844
GEOR20066,Pako Forever,5217,01/05/2024, 03:12:50,844
GEOR20066,Pako Forever,5217,01/05/2024, 04:14:37,844
GEOR20066,Pako Forever,5217,01/05/2024, 05:11:49,844
GEOR20066,Pako Forever,5217,01/05/2024, 06:15:28,844
GEOR20066,Pako Forever,5217,01/05/2024, 07:11:22,844
GEOR20066,Pako Forever,5217,01/05/2024, 08:15:05,844
GEOR20066,Pako Forever,5217,01/05/2024, 09:12:06,844
GEOR20066,Pako Forever,5217,01/05/2024, 10:13:01,844
GEOR20066,Pako Forever,5218,01/05/2024, 11:10:39,844
GEOR20066,Pako Forever,5218,01/05/2024, 12:21:06,844
GEOR20066,Pako Forever,5218,01/05/2024, 13:14:26,844
GEOR20066,Pako Forever,5218,01/05/2024, 14:11:15,844
GEOR20066,Pako Forever,5219,01/05/2024, 15:11:54,844
GEOR20066,Pako Forever,5220,01/05/2024, 16:13:26,844
GEOR20066,Pako Forever,5220,01/05/2024, 17:11:18,844
GEOR20066,Pako Forever,5220,01/05/2024, 18:14:22,844
GEOR20066,Pako Forever,5221,01/05/2024, 19:09:58,844
GEOR20066,Pako Forever,5221,01/05/2024, 20:12:30,844
GEOR20066,Pako Forever,5221,01/05/2024, 21:10:39,844
GEOR20066,Pako Forever,5221,01/05/2024, 22:11:26,844
GEOR20066,Pako Forever,5222,01/05/2024, 23:11:49,844
GEOR20066,Pako Forever,5223,01/06/2024, 00:51:49,844
GEOR20066,Pako Forever,5223,01/06/2024, 01:52:40,844
GEOR20066,Pako Forever,5223,01/06/2024, 02:23:01,844
GEOR20066,Pako Forever,5223,01/06/2024, 03:12:22,844
GEOR20066,Pako Forever,5224,01/06/2024, 04:13:58,844
GEOR20066,Pako Forever,5224,01/06/2024, 05:11:06,844
GEOR20066,Pako Forever,5224,01/06/2024, 06:14:05,844
GEOR20066,Pako Forever,5224,01/06/2024, 07:10:47,844
GEOR20066,Pako Forever,5224,01/06/2024, 08:14:13,844
GEOR20066,Pako Forever,5224,01/06/2024, 09:10:55,844
GEOR20066,Pako Forever,5224,01/06/2024, 10:11:38,844
GEOR20066,Pako Forever,5225,01/06/2024, 11:09:46,844
GEOR20066,Pako Forever,5226,01/06/2024, 12:19:37,844
GEOR20066,Pako Forever,5226,01/06/2024, 13:13:19,844
GEOR20066,Pako Forever,5226,01/06/2024, 14:10:34,844
GEOR20066,Pako Forever,5226,01/06/2024, 15:11:11,844
GEOR20066,Pako Forever,5226,01/06/2024, 16:14:00,844
GEOR20066,Pako Forever,5227,01/06/2024, 17:10:07,844
GEOR20066,Pako Forever,5227,01/06/2024, 18:13:42,844
GEOR20066,Pako Forever,5227,01/06/2024, 19:09:16,844
GEOR20066,Pako Forever,5227,01/06/2024, 20:11:58,844
GEOR20066,Pako Forever,5227,01/06/2024, 21:10:39,844
GEOR20066,Pako Forever,5227,01/06/2024, 22:10:39,844
GEOR20066,Pako Forever,5227,01/06/2024, 23:11:35,844
GEOR20066,Pako Forever,5229,01/07/2024, 00:57:25,844
GEOR20066,Pako Forever,5229,01/07/2024, 02:00:42,844
GEOR20066,Pako Forever,5230,01/07/2024, 02:34:20,844
GEOR20066,Pako Forever,5231,01/07/2024, 03:12:24,844
GEOR20066,Pako Forever,5231,01/07/2024, 04:13:50,844
GEOR20066,Pako Forever,5231,01/07/2024, 05:11:51,844
GEOR20066,Pako Forever,5233,01/07/2024, 06:14:48,844
GEOR20066,Pako Forever,5233,01/07/2024, 07:10:41,844
GEOR20066,Pako Forever,5233,01/07/2024, 08:14:15,844
GEOR20066,Pako Forever,5233,01/07/2024, 09:11:27,844
GEOR20066,Pako Forever,5233,01/07/2024, 10:11:49,844
GEOR20066,Pako Forever,5233,01/07/2024, 11:10:10,844
GEOR20066,Pako Forever,5234,01/07/2024, 12:19:48,844
GEOR20066,Pako Forever,5234,01/07/2024, 13:13:16,844
GEOR20066,Pako Forever,5234,01/07/2024, 14:10:30,844
GEOR20066,Pako Forever,5234,01/07/2024, 15:11:24,844
GEOR20066,Pako Forever,5234,01/07/2024, 16:13:31,844
GEOR20066,Pako Forever,5234,01/07/2024, 17:10:33,844
GEOR20066,Pako Forever,5234,01/07/2024, 18:13:51,844
GEOR20066,Pako Forever,5238,01/07/2024, 19:09:39,844
GEOR20066,Pako Forever,5239,01/07/2024, 20:11:55,844
GEOR20066,Pako Forever,5240,01/07/2024, 21:10:08,844
GEOR20066,Pako Forever,5240,01/07/2024, 22:11:02,844
GEOR20066,Pako Forever,5240,01/07/2024, 23:11:28,844
GEOR20066,Pako Forever,5240,01/08/2024, 00:54:10,844
GEOR20066,Pako Forever,5240,01/08/2024, 01:55:53,844
GEOR20066,Pako Forever,5240,01/08/2024, 02:27:07,844
GEOR20066,Pako Forever,5240,01/08/2024, 03:12:52,844
GEOR20066,Pako Forever,5240,01/08/2024, 04:14:59,844
GEOR20066,Pako Forever,5240,01/08/2024, 05:12:13,844
GEOR20066,Pako Forever,5240,01/08/2024, 06:15:59,844
GEOR20066,Pako Forever,5240,01/08/2024, 07:11:42,844
GEOR20066,Pako Forever,5240,01/08/2024, 08:16:06,844
GEOR20066,Pako Forever,5240,01/08/2024, 09:12:51,844
GEOR20066,Pako Forever,5240,01/08/2024, 10:13:52,844
GEOR20066,Pako Forever,5240,01/08/2024, 11:10:51,844
GEOR20066,Pako Forever,5240,01/08/2024, 12:21:47,844
GEOR20066,Pako Forever,5241,01/08/2024, 13:15:13,844
GEOR20066,Pako Forever,5241,01/08/2024, 14:11:56,844
GEOR20066,Pako Forever,5242,01/08/2024, 15:12:26,844
GEOR20066,Pako Forever,5242,01/08/2024, 16:15:01,844
GEOR20066,Pako Forever,5243,01/08/2024, 17:11:07,844
GEOR20066,Pako Forever,5243,01/08/2024, 18:15:35,844
GEOR20066,Pako Forever,5243,01/08/2024, 19:10:23,844
GEOR20066,Pako Forever,5243,01/08/2024, 20:12:57,844
GEOR20066,Pako Forever,5243,01/08/2024, 21:09:50,844
GEOR20066,Pako Forever,5243,01/08/2024, 22:10:46,844
GEOR20066,Pako Forever,5243,01/08/2024, 23:12:29,844
GEOR20066,Pako Forever,5244,01/09/2024, 00:53:42,844
GEOR20066,Pako Forever,5244,01/09/2024, 01:55:58,844
GEOR20066,Pako Forever,5244,01/09/2024, 02:27:27,844
GEOR20066,Pako Forever,5244,01/09/2024, 03:13:06,844
GEOR20066,Pako Forever,5244,01/09/2024, 04:14:39,844
GEOR20066,Pako Forever,5245,01/09/2024, 05:12:10,844
GEOR20066,Pako Forever,5245,01/09/2024, 06:15:41,844
GEOR20066,Pako Forever,5245,01/09/2024, 07:13:32,844
GEOR20066,Pako Forever,5245,01/09/2024, 08:15:29,844
GEOR20066,Pako Forever,5245,01/09/2024, 09:12:11,844
GEOR20066,Pako Forever,5245,01/09/2024, 10:13:06,844
GEOR20066,Pako Forever,5245,01/09/2024, 11:11:03,844
GEOR20066,Pako Forever,5245,01/09/2024, 12:21:58,844
GEOR20066,Pako Forever,5245,01/09/2024, 13:21:19,844
GEOR20066,Pako Forever,5245,01/09/2024, 14:11:59,844
GEOR20066,Pako Forever,5245,01/09/2024, 15:12:32,844
GEOR20066,Pako Forever,5245,01/09/2024, 16:15:23,844
GEOR20066,Pako Forever,5245,01/09/2024, 17:11:25,844
GEOR20066,Pako Forever,5245,01/09/2024, 18:12:39,844
GEOR20066,Pako Forever,5245,01/09/2024, 19:09:59,844
GEOR20066,Pako Forever,5245,01/09/2024, 20:13:13,844
GEOR20066,Pako Forever,5246,01/09/2024, 21:10:57,844
GEOR20066,Pako Forever,5247,01/09/2024, 22:11:36,844
GEOR20066,Pako Forever,5247,01/09/2024, 23:11:43,844
GEOR20066,Pako Forever,5248,01/10/2024, 00:53:38,844
GEOR20066,Pako Forever,5248,01/10/2024, 01:56:35,844
GEOR20066,Pako Forever,5248,01/10/2024, 02:26:10,844
GEOR20066,Pako Forever,5248,01/10/2024, 03:13:03,844
GEOR20066,Pako Forever,5249,01/10/2024, 04:14:47,844
GEOR20066,Pako Forever,5249,01/10/2024, 05:12:05,844
GEOR20066,Pako Forever,5249,01/10/2024, 06:15:43,844
GEOR20066,Pako Forever,5249,01/10/2024, 07:11:20,844
GEOR20066,Pako Forever,5249,01/10/2024, 08:15:23,844
GEOR20066,Pako Forever,5249,01/10/2024, 09:12:39,844
GEOR20066,Pako Forever,5249,01/10/2024, 10:12:56,844
GEOR20066,Pako Forever,5249,01/10/2024, 11:10:23,844
GEOR20066,Pako Forever,5250,01/10/2024, 12:21:46,844
GEOR20066,Pako Forever,5250,01/10/2024, 13:14:37,844
GEOR20066,Pako Forever,5250,01/10/2024, 14:11:30,844
GEOR20066,Pako Forever,5251,01/10/2024, 15:12:18,844
GEOR20066,Pako Forever,5251,01/10/2024, 16:15:31,844
GEOR20066,Pako Forever,5251,01/10/2024, 17:11:26,844
GEOR20066,Pako Forever,5252,01/10/2024, 18:14:56,844
GEOR20066,Pako Forever,5253,01/10/2024, 19:10:01,844
GEOR20066,Pako Forever,5253,01/10/2024, 20:13:02,844
GEOR20066,Pako Forever,5255,01/10/2024, 21:10:51,844
GEOR20066,Pako Forever,5255,01/10/2024, 22:11:28,844
GEOR20066,Pako Forever,5255,01/10/2024, 23:11:45,844
GEOR20066,Pako Forever,5255,01/11/2024, 00:53:37,844
GEOR20066,Pako Forever,5255,01/11/2024, 01:56:18,844
GEOR20066,Pako Forever,5255,01/11/2024, 02:27:18,844
GEOR20066,Pako Forever,5256,01/11/2024, 03:13:01,844
GEOR20066,Pako Forever,5256,01/11/2024, 04:14:32,844
GEOR20066,Pako Forever,5256,01/11/2024, 05:11:54,844
GEOR20066,Pako Forever,5256,01/11/2024, 06:15:37,844
GEOR20066,Pako Forever,5256,01/11/2024, 07:11:29,844
GEOR20066,Pako Forever,5256,01/11/2024, 08:15:14,844
GEOR20066,Pako Forever,5257,01/11/2024, 09:12:34,844
GEOR20066,Pako Forever,5257,01/11/2024, 10:12:45,844
GEOR20066,Pako Forever,5258,01/11/2024, 11:10:42,844
GEOR20066,Pako Forever,5258,01/11/2024, 12:21:23,844
GEOR20066,Pako Forever,5258,01/11/2024, 13:14:47,844
GEOR20066,Pako Forever,5258,01/11/2024, 14:11:34,844
GEOR20066,Pako Forever,5258,01/11/2024, 15:12:38,844
GEOR20066,Pako Forever,5258,01/11/2024, 16:15:30,844
GEOR20066,Pako Forever,5258,01/11/2024, 17:10:51,844
GEOR20066,Pako Forever,5258,01/11/2024, 18:15:01,844
GEOR20066,Pako Forever,5258,01/11/2024, 19:10:33,844
GEOR20066,Pako Forever,5259,01/11/2024, 20:12:54,844
GEOR20066,Pako Forever,5259,01/11/2024, 21:11:00,844
GEOR20066,Pako Forever,5259,01/11/2024, 22:11:32,844
GEOR20066,Pako Forever,5259,01/11/2024, 23:12:28,844
GEOR20066,Pako Forever,5259,01/12/2024, 00:54:02,844
GEOR20066,Pako Forever,5259,01/12/2024, 01:56:32,844
GEOR20066,Pako Forever,5259,01/12/2024, 02:27:59,844
GEOR20066,Pako Forever,5259,01/12/2024, 03:12:52,844
GEOR20066,Pako Forever,5260,01/12/2024, 04:14:49,844
GEOR20066,Pako Forever,5262,01/12/2024, 05:12:23,844
GEOR20066,Pako Forever,5262,01/12/2024, 06:15:37,844
GEOR20066,Pako Forever,5263,01/12/2024, 07:11:30,844
GEOR20066,Pako Forever,5263,01/12/2024, 08:15:33,844
GEOR20066,Pako Forever,5263,01/12/2024, 09:12:37,844
GEOR20066,Pako Forever,5263,01/12/2024, 10:13:03,844
GEOR20066,Pako Forever,5263,01/12/2024, 11:11:00,844
GEOR20066,Pako Forever,5263,01/12/2024, 12:21:24,844
GEOR20066,Pako Forever,5263,01/12/2024, 13:14:38,844
GEOR20066,Pako Forever,5263,01/12/2024, 14:11:59,844
GEOR20066,Pako Forever,5263,01/12/2024, 15:11:52,844
GEOR20066,Pako Forever,5264,01/12/2024, 16:15:17,844
GEOR20066,Pako Forever,5265,01/12/2024, 17:11:10,844
GEOR20066,Pako Forever,5265,01/12/2024, 18:14:47,844
GEOR20066,Pako Forever,5265,01/12/2024, 19:10:07,844
GEOR20066,Pako Forever,5265,01/12/2024, 20:12:41,844
GEOR20066,Pako Forever,5265,01/12/2024, 21:10:31,844
GEOR20066,Pako Forever,5265,01/12/2024, 22:11:23,844
GEOR20066,Pako Forever,5265,01/12/2024, 23:10:58,844
GEOR20066,Pako Forever,5265,01/13/2024, 00:52:59,844
GEOR20066,Pako Forever,5266,01/13/2024, 01:54:12,844
GEOR20066,Pako Forever,5266,01/13/2024, 02:25:31,844
GEOR20066,Pako Forever,5266,01/13/2024, 03:12:28,844
GEOR20066,Pako Forever,5266,01/13/2024, 04:14:32,844
GEOR20066,Pako Forever,5266,01/13/2024, 05:11:53,844
GEOR20066,Pako Forever,5266,01/13/2024, 06:14:30,844
GEOR20066,Pako Forever,5266,01/13/2024, 07:10:54,844
GEOR20066,Pako Forever,5266,01/13/2024, 08:14:02,844
GEOR20066,Pako Forever,5266,01/13/2024, 09:11:09,844
GEOR20066,Pako Forever,5266,01/13/2024, 10:11:28,844
GEOR20066,Pako Forever,5266,01/13/2024, 11:10:02,844
GEOR20066,Pako Forever,5266,01/13/2024, 12:19:51,844
GEOR20066,Pako Forever,5266,01/13/2024, 13:12:50,844
GEOR20066,Pako Forever,5266,01/13/2024, 14:10:39,844
GEOR20066,Pako Forever,5266,01/13/2024, 15:11:03,844
GEOR20066,Pako Forever,5267,01/13/2024, 16:14:04,844
GEOR20066,Pako Forever,5267,01/13/2024, 17:10:08,844
GEOR20066,Pako Forever,5267,01/13/2024, 18:13:41,844
GEOR20066,Pako Forever,5267,01/13/2024, 19:09:37,844
GEOR20066,Pako Forever,5267,01/13/2024, 20:11:47,844
GEOR20066,Pako Forever,5268,01/13/2024, 21:10:22,844
GEOR20066,Pako Forever,5268,01/13/2024, 22:10:31,844
GEOR20066,Pako Forever,5268,01/13/2024, 23:12:25,844
GEOR20066,Pako Forever,5269,01/14/2024, 00:57:46,844
GEOR20066,Pako Forever,5269,01/14/2024, 02:01:18,844
GEOR20066,Pako Forever,5269,01/14/2024, 02:36:07,844
GEOR20066,Pako Forever,5269,01/14/2024, 03:12:53,844
GEOR20066,Pako Forever,5269,01/14/2024, 04:14:22,844
GEOR20066,Pako Forever,5269,01/14/2024, 05:11:26,844
GEOR20066,Pako Forever,5269,01/14/2024, 06:14:46,844
GEOR20066,Pako Forever,5269,01/14/2024, 07:10:47,844
GEOR20066,Pako Forever,5269,01/14/2024, 08:14:15,844
GEOR20066,Pako Forever,5269,01/14/2024, 09:11:09,844
GEOR20066,Pako Forever,5269,01/14/2024, 10:11:52,844
GEOR20066,Pako Forever,5269,01/14/2024, 11:09:51,844
GEOR20066,Pako Forever,5269,01/14/2024, 12:20:13,844
GEOR20066,Pako Forever,5269,01/14/2024, 13:12:37,844
GEOR20066,Pako Forever,5269,01/14/2024, 14:10:37,844
GEOR20066,Pako Forever,5269,01/14/2024, 15:11:16,844
GEOR20066,Pako Forever,5269,01/14/2024, 16:14:16,844
GEOR20066,Pako Forever,5269,01/14/2024, 17:10:13,844
GEOR20066,Pako Forever,5269,01/14/2024, 18:13:50,844
GEOR20066,Pako Forever,5269,01/14/2024, 19:09:38,844
GEOR20066,Pako Forever,5269,01/14/2024, 20:12:17,844
GEOR20066,Pako Forever,5269,01/14/2024, 21:10:46,844
GEOR20066,Pako Forever,5270,01/14/2024, 22:10:53,844
GEOR20066,Pako Forever,5270,01/14/2024, 23:12:03,844
GEOR20066,Pako Forever,5272,01/15/2024, 00:55:50,844
GEOR20066,Pako Forever,5273,01/15/2024, 01:59:01,844
GEOR20066,Pako Forever,5273,01/15/2024, 02:33:24,844
GEOR20066,Pako Forever,5274,01/15/2024, 03:13:07,844
GEOR20066,Pako Forever,5274,01/15/2024, 04:14:58,844
GEOR20066,Pako Forever,5274,01/15/2024, 05:12:30,844
GEOR20066,Pako Forever,5274,01/15/2024, 06:16:38,844
GEOR20066,Pako Forever,5274,01/15/2024, 07:12:02,844
GEOR20066,Pako Forever,5274,01/15/2024, 08:16:23,844
GEOR20066,Pako Forever,5274,01/15/2024, 09:12:57,844
GEOR20066,Pako Forever,5275,01/15/2024, 10:13:53,844
GEOR20066,Pako Forever,5275,01/15/2024, 11:11:12,844
GEOR20066,Pako Forever,5275,01/15/2024, 12:22:13,844
GEOR20066,Pako Forever,5275,01/15/2024, 13:15:33,844
GEOR20066,Pako Forever,5275,01/15/2024, 14:12:04,844
GEOR20066,Pako Forever,5275,01/15/2024, 15:12:35,844
GEOR20066,Pako Forever,5276,01/15/2024, 16:15:13,844
GEOR20066,Pako Forever,5276,01/15/2024, 17:11:16,844
GEOR20066,Pako Forever,5276,01/15/2024, 18:14:46,844
GEOR20066,Pako Forever,5276,01/15/2024, 19:09:54,844
GEOR20066,Pako Forever,5277,01/15/2024, 20:12:38,844
GEOR20066,Pako Forever,5277,01/15/2024, 21:11:37,844
GEOR20066,Pako Forever,5277,01/15/2024, 22:11:32,844
GEOR20066,Pako Forever,5277,01/15/2024, 23:12:29,844
GEOR20066,Pako Forever,5277,01/16/2024, 00:53:29,844
GEOR20066,Pako Forever,5277,01/16/2024, 01:55:38,844
GEOR20066,Pako Forever,5277,01/16/2024, 02:27:26,844
GEOR20066,Pako Forever,5277,01/16/2024, 03:12:54,844
GEOR20066,Pako Forever,5277,01/16/2024, 04:14:39,844
GEOR20066,Pako Forever,5277,01/16/2024, 05:12:09,844
GEOR20066,Pako Forever,5277,01/16/2024, 06:15:54,844
GEOR20066,Pako Forever,5277,01/16/2024, 07:11:33,844
GEOR20066,Pako Forever,5277,01/16/2024, 08:15:37,844
GEOR20066,Pako Forever,5277,01/16/2024, 09:12:32,844
GEOR20066,Pako Forever,5277,01/16/2024, 10:13:11,844
GEOR20066,Pako Forever,5277,01/16/2024, 11:10:40,844
GEOR20066,Pako Forever,5277,01/16/2024, 12:22:04,844
GEOR20066,Pako Forever,5277,01/16/2024, 13:14:55,844
GEOR20066,Pako Forever,5277,01/16/2024, 14:11:50,844
GEOR20066,Pako Forever,5277,01/16/2024, 15:12:36,844
GEOR20066,Pako Forever,5277,01/16/2024, 16:15:23,844
GEOR20066,Pako Forever,5278,01/16/2024, 17:11:14,844
GEOR20066,Pako Forever,5278,01/16/2024, 18:14:42,844
GEOR20066,Pako Forever,5278,01/16/2024, 19:09:59,844
GEOR20066,Pako Forever,5278,01/16/2024, 20:13:07,844
GEOR20066,Pako Forever,5278,01/16/2024, 21:11:18,844
GEOR20066,Pako Forever,5279,01/16/2024, 22:11:36,844
GEOR20066,Pako Forever,5279,01/16/2024, 23:12:06,844
GEOR20066,Pako Forever,5279,01/17/2024, 00:53:50,844
GEOR20066,Pako Forever,5279,01/17/2024, 01:56:12,844
GEOR20066,Pako Forever,5279,01/17/2024, 02:27:16,844
GEOR20066,Pako Forever,5279,01/17/2024, 03:12:51,844
GEOR20066,Pako Forever,5280,01/17/2024, 04:15:05,844
GEOR20066,Pako Forever,5280,01/17/2024, 05:12:09,844
GEOR20066,Pako Forever,5280,01/17/2024, 06:16:02,844
GEOR20066,Pako Forever,5280,01/17/2024, 07:12:13,844
GEOR20066,Pako Forever,5280,01/17/2024, 08:16:05,844
GEOR20066,Pako Forever,5280,01/17/2024, 09:12:49,844
GEOR20066,Pako Forever,5281,01/17/2024, 10:13:30,844
GEOR20066,Pako Forever,5281,01/17/2024, 11:10:48,844
GEOR20066,Pako Forever,5281,01/17/2024, 12:22:11,844
GEOR20066,Pako Forever,5282,01/17/2024, 13:15:17,844
GEOR20066,Pako Forever,5283,01/17/2024, 14:12:05,844
GEOR20066,Pako Forever,5284,01/17/2024, 15:12:24,844
GEOR20066,Pako Forever,5284,01/17/2024, 16:15:41,844
GEOR20066,Pako Forever,5284,01/17/2024, 17:11:30,844
GEOR20066,Pako Forever,5284,01/17/2024, 18:15:23,844
GEOR20066,Pako Forever,5284,01/17/2024, 19:10:08,844
GEOR20066,Pako Forever,5285,01/17/2024, 20:13:01,844
GEOR20066,Pako Forever,5285,01/17/2024, 21:11:11,844
GEOR20066,Pako Forever,5286,01/17/2024, 22:11:35,844
GEOR20066,Pako Forever,5286,01/17/2024, 23:12:58,844
GEOR20066,Pako Forever,5286,01/18/2024, 00:53:21,844
GEOR20066,Pako Forever,5286,01/18/2024, 01:55:19,844
GEOR20066,Pako Forever,5286,01/18/2024, 02:27:14,844
GEOR20066,Pako Forever,5286,01/18/2024, 03:13:20,844
GEOR20066,Pako Forever,5286,01/18/2024, 04:14:22,844
GEOR20066,Pako Forever,5286,01/18/2024, 05:12:16,844
GEOR20066,Pako Forever,5287,01/18/2024, 06:16:07,844
GEOR20066,Pako Forever,5287,01/18/2024, 07:12:07,844
GEOR20066,Pako Forever,5287,01/18/2024, 08:15:18,844
GEOR20066,Pako Forever,5287,01/18/2024, 09:12:34,844
GEOR20066,Pako Forever,5287,01/18/2024, 10:13:33,844
GEOR20066,Pako Forever,5287,01/18/2024, 11:10:55,844
GEOR20066,Pako Forever,5288,01/18/2024, 12:22:12,844
GEOR20066,Pako Forever,5288,01/18/2024, 13:15:20,844
GEOR20066,Pako Forever,5288,01/18/2024, 14:11:49,844
GEOR20066,Pako Forever,5289,01/18/2024, 15:12:30,844
GEOR20066,Pako Forever,5289,01/18/2024, 16:15:00,844
GEOR20066,Pako Forever,5289,01/18/2024, 17:11:24,844
GEOR20066,Pako Forever,5292,01/18/2024, 18:14:52,844
GEOR20066,Pako Forever,5293,01/18/2024, 19:10:02,844
GEOR20066,Pako Forever,5293,01/18/2024, 20:13:24,844
GEOR20066,Pako Forever,5293,01/18/2024, 21:10:41,844
GEOR20066,Pako Forever,5293,01/18/2024, 22:11:27,844
GEOR20066,Pako Forever,5293,01/18/2024, 23:12:22,844
GEOR20066,Pako Forever,5293,01/19/2024, 00:54:03,844
GEOR20066,Pako Forever,5293,01/19/2024, 01:56:45,844
GEOR20066,Pako Forever,5293,01/19/2024, 02:28:38,844
GEOR20066,Pako Forever,5293,01/19/2024, 03:13:13,844
GEOR20066,Pako Forever,5294,01/19/2024, 04:15:09,844
GEOR20066,Pako Forever,5294,01/19/2024, 05:12:10,844
GEOR20066,Pako Forever,5295,01/19/2024, 06:15:53,844
GEOR20066,Pako Forever,5295,01/19/2024, 07:11:29,844
GEOR20066,Pako Forever,5295,01/19/2024, 08:15:28,844
GEOR20066,Pako Forever,5295,01/19/2024, 09:12:31,844
GEOR20066,Pako Forever,5295,01/19/2024, 10:13:18,844
GEOR20066,Pako Forever,5295,01/19/2024, 11:11:12,844
GEOR20066,Pako Forever,5295,01/19/2024, 12:21:53,844
GEOR20066,Pako Forever,5296,01/19/2024, 13:14:46,844
GEOR20066,Pako Forever,5296,01/19/2024, 14:11:49,844
GEOR20066,Pako Forever,5297,01/19/2024, 15:12:46,844
GEOR20066,Pako Forever,5297,01/19/2024, 16:15:14,844
GEOR20066,Pako Forever,5297,01/19/2024, 17:11:12,844
GEOR20066,Pako Forever,5297,01/19/2024, 18:15:16,844
GEOR20066,Pako Forever,5299,01/19/2024, 19:09:44,844
GEOR20066,Pako Forever,5299,01/19/2024, 20:12:56,844
GEOR20066,Pako Forever,5299,01/19/2024, 21:10:53,844
GEOR20066,Pako Forever,5300,01/19/2024, 22:11:14,844
GEOR20066,Pako Forever,5300,01/19/2024, 23:10:26,844
GEOR20066,Pako Forever,5300,01/20/2024, 00:52:59,844
GEOR20066,Pako Forever,5300,01/20/2024, 01:53:58,844
GEOR20066,Pako Forever,5300,01/20/2024, 02:25:26,844
GEOR20066,Pako Forever,5300,01/20/2024, 03:12:35,844
GEOR20066,Pako Forever,5300,01/20/2024, 04:14:43,844
GEOR20066,Pako Forever,5300,01/20/2024, 05:11:22,844
GEOR20066,Pako Forever,5300,01/20/2024, 06:14:39,844
GEOR20066,Pako Forever,5302,01/20/2024, 07:10:57,844
GEOR20066,Pako Forever,5302,01/20/2024, 08:14:25,844
GEOR20066,Pako Forever,5302,01/20/2024, 09:11:19,844
GEOR20066,Pako Forever,5303,01/20/2024, 10:11:51,844
GEOR20066,Pako Forever,5303,01/20/2024, 11:09:47,844
GEOR20066,Pako Forever,5303,01/20/2024, 12:19:52,844
GEOR20066,Pako Forever,5303,01/20/2024, 13:12:48,844
GEOR20066,Pako Forever,5304,01/20/2024, 14:10:34,844
GEOR20066,Pako Forever,5306,01/20/2024, 15:11:01,844
GEOR20066,Pako Forever,5307,01/20/2024, 16:14:25,844
GEOR20066,Pako Forever,5307,01/20/2024, 17:10:32,844
GEOR20066,Pako Forever,5307,01/20/2024, 18:13:40,844
GEOR20066,Pako Forever,5307,01/20/2024, 19:09:30,844
GEOR20066,Pako Forever,5307,01/20/2024, 20:12:25,844
GEOR20066,Pako Forever,5307,01/20/2024, 21:10:11,844
GEOR20066,Pako Forever,5307,01/20/2024, 22:11:14,844
GEOR20066,Pako Forever,5309,01/20/2024, 23:12:29,844
GEOR20066,Pako Forever,5311,01/21/2024, 00:57:57,844
GEOR20066,Pako Forever,5311,01/21/2024, 02:01:47,844
GEOR20066,Pako Forever,5311,01/21/2024, 03:12:36,844
GEOR20066,Pako Forever,5311,01/21/2024, 04:14:04,844
GEOR20066,Pako Forever,5312,01/21/2024, 05:40:27,844
GEOR20066,Pako Forever,5313,01/21/2024, 06:15:03,844
GEOR20066,Pako Forever,5313,01/21/2024, 07:10:54,844
GEOR20066,Pako Forever,5313,01/21/2024, 08:14:05,844
GEOR20066,Pako Forever,5313,01/21/2024, 09:11:29,844
GEOR20066,Pako Forever,5313,01/21/2024, 10:12:30,844
GEOR20066,Pako Forever,5313,01/21/2024, 11:09:56,844
GEOR20066,Pako Forever,5313,01/21/2024, 12:20:10,844
GEOR20066,Pako Forever,5313,01/21/2024, 13:13:48,844
GEOR20066,Pako Forever,5313,01/21/2024, 14:10:57,844
GEOR20066,Pako Forever,5313,01/21/2024, 15:11:17,844
GEOR20066,Pako Forever,5315,01/21/2024, 16:14:00,844
GEOR20066,Pako Forever,5315,01/21/2024, 17:10:51,844
GEOR20066,Pako Forever,5315,01/21/2024, 18:14:23,844
GEOR20066,Pako Forever,5315,01/21/2024, 19:09:47,844
GEOR20066,Pako Forever,5315,01/21/2024, 20:12:41,844
GEOR20066,Pako Forever,5315,01/21/2024, 21:10:42,844
GEOR20066,Pako Forever,5316,01/21/2024, 22:11:09,844
GEOR20066,Pako Forever,5316,01/21/2024, 23:11:46,844
GEOR20066,Pako Forever,5316,01/22/2024, 00:56:03,844
GEOR20066,Pako Forever,5316,01/22/2024, 01:59:59,844
GEOR20066,Pako Forever,5316,01/22/2024, 02:35:53,844
GEOR20066,Pako Forever,5316,01/22/2024, 03:13:32,844
GEOR20066,Pako Forever,5316,01/22/2024, 04:15:12,844
GEOR20066,Pako Forever,5316,01/22/2024, 05:12:22,844
GEOR20066,Pako Forever,5316,01/22/2024, 06:16:37,844
GEOR20066,Pako Forever,5316,01/22/2024, 07:12:14,844
GEOR20066,Pako Forever,5316,01/22/2024, 08:16:32,844
GEOR20066,Pako Forever,5316,01/22/2024, 09:13:27,844
GEOR20066,Pako Forever,5316,01/22/2024, 10:13:33,844
GEOR20066,Pako Forever,5317,01/22/2024, 11:10:51,844
GEOR20066,Pako Forever,5317,01/22/2024, 12:23:32,844
GEOR20066,Pako Forever,5318,01/22/2024, 13:16:17,844
GEOR20066,Pako Forever,5318,01/22/2024, 14:12:25,844
GEOR20066,Pako Forever,5318,01/22/2024, 15:13:04,844
GEOR20066,Pako Forever,5318,01/22/2024, 16:15:26,844
GEOR20066,Pako Forever,5318,01/22/2024, 17:11:21,844
GEOR20066,Pako Forever,5318,01/22/2024, 18:15:16,844
GEOR20066,Pako Forever,5319,01/22/2024, 19:10:22,844
GEOR20066,Pako Forever,5319,01/22/2024, 20:12:38,844
GEOR20066,Pako Forever,5319,01/22/2024, 21:11:09,844
GEOR20066,Pako Forever,5319,01/22/2024, 22:10:57,844
GEOR20066,Pako Forever,5319,01/22/2024, 23:12:08,844
GEOR20066,Pako Forever,5319,01/23/2024, 00:54:47,844
GEOR20066,Pako Forever,5319,01/23/2024, 01:57:41,844
GEOR20066,Pako Forever,5319,01/23/2024, 02:29:59,844
GEOR20066,Pako Forever,5319,01/23/2024, 03:12:59,844
GEOR20066,Pako Forever,5319,01/23/2024, 04:14:57,844
GEOR20066,Pako Forever,5320,01/23/2024, 05:12:04,844
GEOR20066,Pako Forever,5321,01/23/2024, 06:16:15,844
GEOR20066,Pako Forever,5321,01/23/2024, 07:12:11,844
GEOR20066,Pako Forever,5321,01/23/2024, 08:15:51,844
GEOR20066,Pako Forever,5321,01/23/2024, 09:12:34,844
GEOR20066,Pako Forever,5321,01/23/2024, 10:13:13,844
GEOR20066,Pako Forever,5321,01/23/2024, 11:10:48,844
GEOR20066,Pako Forever,5321,01/23/2024, 12:22:07,844
GEOR20066,Pako Forever,5321,01/23/2024, 13:15:32,844
GEOR20066,Pako Forever,5321,01/23/2024, 14:11:46,844
GEOR20066,Pako Forever,5321,01/23/2024, 15:12:53,844
GEOR20066,Pako Forever,5321,01/23/2024, 16:15:33,844
GEOR20066,Pako Forever,5321,01/23/2024, 17:11:22,844
GEOR20066,Pako Forever,5321,01/23/2024, 18:15:14,844
GEOR20066,Pako Forever,5321,01/23/2024, 19:10:35,844
GEOR20066,Pako Forever,5321,01/23/2024, 20:13:00,844
GEOR20066,Pako Forever,5321,01/23/2024, 21:11:08,844
GEOR20066,Pako Forever,5321,01/23/2024, 22:11:38,844
GEOR20066,Pako Forever,5322,01/23/2024, 23:12:55,844
GEOR20066,Pako Forever,5322,01/24/2024, 00:54:38,844
GEOR20066,Pako Forever,5322,01/24/2024, 01:57:35,844
GEOR20066,Pako Forever,5322,01/24/2024, 02:29:13,844
GEOR20066,Pako Forever,5322,01/24/2024, 03:13:01,844
GEOR20066,Pako Forever,5322,01/24/2024, 04:15:06,844
GEOR20066,Pako Forever,5323,01/24/2024, 05:12:19,844
GEOR20066,Pako Forever,5323,01/24/2024, 06:16:27,844
GEOR20066,Pako Forever,5323,01/24/2024, 07:11:46,844
GEOR20066,Pako Forever,5323,01/24/2024, 08:15:25,844
GEOR20066,Pako Forever,5323,01/24/2024, 09:12:33,844
GEOR20066,Pako Forever,5323,01/24/2024, 10:13:07,844
GEOR20066,Pako Forever,5323,01/24/2024, 11:10:41,844
GEOR20066,Pako Forever,5323,01/24/2024, 12:22:32,844
GEOR20066,Pako Forever,5323,01/24/2024, 13:15:37,844
GEOR20066,Pako Forever,5324,01/24/2024, 14:12:08,844
GEOR20066,Pako Forever,5325,01/24/2024, 15:13:17,844
GEOR20066,Pako Forever,5325,01/24/2024, 16:15:56,844
GEOR20066,Pako Forever,5325,01/24/2024, 17:11:29,844
GEOR20066,Pako Forever,5325,01/24/2024, 18:14:55,844
GEOR20066,Pako Forever,5325,01/24/2024, 19:10:36,844
GEOR20066,Pako Forever,5325,01/24/2024, 20:13:17,844
GEOR20066,Pako Forever,5325,01/24/2024, 21:10:58,844
GEOR20066,Pako Forever,5325,01/24/2024, 22:11:32,844
GEOR20066,Pako Forever,5326,01/24/2024, 23:11:47,844
GEOR20066,Pako Forever,5326,01/25/2024, 00:54:40,844
GEOR20066,Pako Forever,5326,01/25/2024, 01:58:17,844
GEOR20066,Pako Forever,5326,01/25/2024, 02:31:05,844
GEOR20066,Pako Forever,5326,01/25/2024, 03:12:46,844
GEOR20066,Pako Forever,5326,01/25/2024, 04:15:12,844
GEOR20066,Pako Forever,5326,01/25/2024, 05:12:16,844
GEOR20066,Pako Forever,5326,01/25/2024, 06:15:59,844
GEOR20066,Pako Forever,5326,01/25/2024, 07:11:33,844
GEOR20066,Pako Forever,5326,01/25/2024, 08:15:37,844
GEOR20066,Pako Forever,5326,01/25/2024, 09:12:26,844
GEOR20066,Pako Forever,5326,01/25/2024, 10:13:08,844
GEOR20066,Pako Forever,5327,01/25/2024, 11:10:49,844
GEOR20066,Pako Forever,5327,01/25/2024, 12:21:53,844
GEOR20066,Pako Forever,5327,01/25/2024, 13:15:20,844
GEOR20066,Pako Forever,5328,01/25/2024, 14:11:54,844
GEOR20066,Pako Forever,5328,01/25/2024, 15:12:48,844
GEOR20066,Pako Forever,5328,01/25/2024, 16:15:33,844
GEOR20066,Pako Forever,5328,01/25/2024, 17:11:20,844
GEOR20066,Pako Forever,5328,01/25/2024, 18:15:31,844
GEOR20066,Pako Forever,5328,01/25/2024, 19:10:14,844
GEOR20066,Pako Forever,5328,01/25/2024, 20:12:27,844
GEOR20066,Pako Forever,5328,01/25/2024, 21:10:22,844
GEOR20066,Pako Forever,5328,01/25/2024, 22:09:32,844
GEOR20066,Pako Forever,5328,01/25/2024, 23:12:28,844
GEOR20066,Pako Forever,5329,01/26/2024, 00:50:34,844
GEOR20066,Pako Forever,5329,01/26/2024, 01:47:16,844
GEOR20066,Pako Forever,5329,01/26/2024, 02:20:07,844
GEOR20066,Pako Forever,5329,01/26/2024, 03:13:08,844
GEOR20066,Pako Forever,5329,01/26/2024, 04:14:35,844
GEOR20066,Pako Forever,5329,01/26/2024, 05:11:17,844
GEOR20066,Pako Forever,5329,01/26/2024, 06:14:53,844
GEOR20066,Pako Forever,5330,01/26/2024, 07:10:26,844
GEOR20066,Pako Forever,5330,01/26/2024, 08:14:08,844
GEOR20066,Pako Forever,5330,01/26/2024, 09:12:35,844
GEOR20066,Pako Forever,5330,01/26/2024, 10:12:20,844
GEOR20066,Pako Forever,5330,01/26/2024, 11:09:44,844
GEOR20066,Pako Forever,5331,01/26/2024, 12:19:51,844
GEOR20066,Pako Forever,5331,01/26/2024, 13:12:21,844
GEOR20066,Pako Forever,5331,01/26/2024, 14:11:02,844
GEOR20066,Pako Forever,5331,01/26/2024, 15:11:54,844
GEOR20066,Pako Forever,5331,01/26/2024, 16:14:20,844
GEOR20066,Pako Forever,5331,01/26/2024, 17:10:15,844
GEOR20066,Pako Forever,5331,01/26/2024, 18:14:16,844
GEOR20066,Pako Forever,5331,01/26/2024, 19:09:01,844
GEOR20066,Pako Forever,5331,01/26/2024, 20:11:58,844
GEOR20066,Pako Forever,5331,01/26/2024, 21:10:36,844
GEOR20066,Pako Forever,5331,01/26/2024, 22:11:03,844
GEOR20066,Pako Forever,5331,01/26/2024, 23:11:59,844
GEOR20066,Pako Forever,5331,01/27/2024, 00:49:28,844
GEOR20066,Pako Forever,5331,01/27/2024, 01:42:09,844
GEOR20066,Pako Forever,5331,01/27/2024, 02:15:23,844
GEOR20066,Pako Forever,5331,01/27/2024, 03:11:45,844
GEOR20066,Pako Forever,5331,01/27/2024, 04:13:03,844
GEOR20066,Pako Forever,5331,01/27/2024, 05:10:42,844
GEOR20066,Pako Forever,5331,01/27/2024, 06:13:20,844
GEOR20066,Pako Forever,5331,01/27/2024, 07:10:19,844
GEOR20066,Pako Forever,5331,01/27/2024, 08:13:37,844
GEOR20066,Pako Forever,5331,01/27/2024, 09:10:28,844
GEOR20066,Pako Forever,5331,01/27/2024, 10:11:58,844
GEOR20066,Pako Forever,5332,01/27/2024, 11:09:02,844
GEOR20066,Pako Forever,5332,01/27/2024, 12:17:40,844
GEOR20066,Pako Forever,5332,01/27/2024, 13:11:17,844
GEOR20066,Pako Forever,5333,01/27/2024, 14:10:38,844
GEOR20066,Pako Forever,5333,01/27/2024, 15:10:13,844
GEOR20066,Pako Forever,5333,01/27/2024, 16:12:49,844
GEOR20066,Pako Forever,5333,01/27/2024, 17:12:21,844
GEOR20066,Pako Forever,5333,01/27/2024, 18:12:30,844
GEOR20066,Pako Forever,5333,01/27/2024, 19:10:05,844
GEOR20066,Pako Forever,5334,01/27/2024, 20:10:36,844
GEOR20066,Pako Forever,5334,01/27/2024, 21:09:45,844
GEOR20066,Pako Forever,5334,01/27/2024, 22:11:01,844
GEOR20066,Pako Forever,5334,01/27/2024, 23:11:35,844
GEOR20066,Pako Forever,5334,01/28/2024, 00:53:09,844
GEOR20066,Pako Forever,5334,01/28/2024, 01:51:09,844
GEOR20066,Pako Forever,5334,01/28/2024, 02:19:39,844
GEOR20066,Pako Forever,5334,01/28/2024, 03:11:47,844
GEOR20066,Pako Forever,5334,01/28/2024, 04:14:11,844
GEOR20066,Pako Forever,5335,01/28/2024, 05:11:52,844
GEOR20066,Pako Forever,5335,01/28/2024, 06:13:34,844
GEOR20066,Pako Forever,5335,01/28/2024, 07:11:06,844
GEOR20066,Pako Forever,5335,01/28/2024, 08:13:52,844
GEOR20066,Pako Forever,5335,01/28/2024, 09:11:48,844
GEOR20066,Pako Forever,5335,01/28/2024, 10:11:25,844
GEOR20066,Pako Forever,5335,01/28/2024, 11:09:03,844
GEOR20066,Pako Forever,5335,01/28/2024, 12:17:57,844
GEOR20066,Pako Forever,5336,01/28/2024, 13:13:14,844
GEOR20066,Pako Forever,5336,01/28/2024, 14:09:23,844
GEOR20066,Pako Forever,5336,01/28/2024, 15:10:03,844
GEOR20066,Pako Forever,5337,01/28/2024, 16:12:26,844
GEOR20066,Pako Forever,5338,01/28/2024, 17:12:33,844
GEOR20066,Pako Forever,5338,01/28/2024, 18:12:21,844
GEOR20066,Pako Forever,5338,01/28/2024, 19:08:53,844
GEOR20066,Pako Forever,5339,01/28/2024, 20:11:20,844
GEOR20066,Pako Forever,5339,01/28/2024, 21:12:17,844
GEOR20066,Pako Forever,5339,01/28/2024, 22:10:39,844
GEOR20066,Pako Forever,5339,01/28/2024, 23:12:44,844
GEOR20066,Pako Forever,5340,01/29/2024, 00:50:49,844
GEOR20066,Pako Forever,5340,01/29/2024, 01:44:26,844
GEOR20066,Pako Forever,5340,01/29/2024, 02:17:45,844
GEOR20066,Pako Forever,5340,01/29/2024, 03:12:17,844
GEOR20066,Pako Forever,5340,01/29/2024, 04:14:08,844
GEOR20066,Pako Forever,5340,01/29/2024, 05:12:26,844
GEOR20066,Pako Forever,5340,01/29/2024, 06:15:03,844
GEOR20066,Pako Forever,5340,01/29/2024, 07:11:35,844
GEOR20066,Pako Forever,5340,01/29/2024, 08:14:38,844
GEOR20066,Pako Forever,5340,01/29/2024, 10:12:39,844
GEOR20066,Pako Forever,5340,01/29/2024, 11:10:23,844
GEOR20066,Pako Forever,5340,01/29/2024, 12:20:00,844
GEOR20066,Pako Forever,5340,01/29/2024, 13:12:35,844
GEOR20066,Pako Forever,5341,01/29/2024, 14:11:00,844
GEOR20066,Pako Forever,5341,01/29/2024, 15:11:34,844
GEOR20066,Pako Forever,5341,01/29/2024, 16:13:36,844
GEOR20066,Pako Forever,5341,01/29/2024, 17:12:20,844
GEOR20066,Pako Forever,5341,01/29/2024, 18:14:04,844
GEOR20066,Pako Forever,5341,01/29/2024, 19:09:18,844
GEOR20066,Pako Forever,5341,01/29/2024, 20:12:24,844
GEOR20066,Pako Forever,5341,01/29/2024, 21:10:02,844
GEOR20066,Pako Forever,5341,01/29/2024, 22:11:15,844
GEOR20066,Pako Forever,5341,01/29/2024, 23:12:35,844
GEOR20066,Pako Forever,5342,01/30/2024, 00:49:45,844
GEOR20066,Pako Forever,5342,01/30/2024, 01:43:59,844
GEOR20066,Pako Forever,5342,01/30/2024, 02:17:25,844
GEOR20066,Pako Forever,5342,01/30/2024, 03:12:07,844
GEOR20066,Pako Forever,5343,01/30/2024, 04:13:29,844
GEOR20066,Pako Forever,5343,01/30/2024, 05:11:03,844
GEOR20066,Pako Forever,5343,01/30/2024, 06:15:30,844
GEOR20066,Pako Forever,5343,01/30/2024, 07:11:40,844
GEOR20066,Pako Forever,5344,01/30/2024, 08:14:35,844
GEOR20066,Pako Forever,5344,01/30/2024, 09:12:35,844
GEOR20066,Pako Forever,5345,01/30/2024, 10:13:08,844
GEOR20066,Pako Forever,5345,01/30/2024, 11:10:42,844
GEOR20066,Pako Forever,5345,01/30/2024, 12:19:17,844
GEOR20066,Pako Forever,5345,01/30/2024, 13:12:25,844
GEOR20066,Pako Forever,5345,01/30/2024, 14:11:00,844
GEOR20066,Pako Forever,5345,01/30/2024, 15:11:38,844
GEOR20066,Pako Forever,5346,01/30/2024, 16:14:11,844
GEOR20066,Pako Forever,5346,01/30/2024, 17:11:53,844
GEOR20066,Pako Forever,5346,01/30/2024, 18:14:19,844
GEOR20066,Pako Forever,5346,01/30/2024, 19:09:48,844
GEOR20066,Pako Forever,5346,01/30/2024, 20:11:28,844
GEOR20066,Pako Forever,5348,01/30/2024, 21:12:14,844
GEOR20066,Pako Forever,5348,01/30/2024, 22:10:46,844
GEOR20066,Pako Forever,5348,01/30/2024, 23:12:42,844
GEOR20066,Pako Forever,5348,01/31/2024, 00:50:18,844
GEOR20066,Pako Forever,5348,01/31/2024, 01:44:23,844
GEOR20066,Pako Forever,5348,01/31/2024, 02:18:15,844
GEOR20066,Pako Forever,5348,01/31/2024, 03:12:24,844
GEOR20066,Pako Forever,5348,01/31/2024, 04:13:59,844
GEOR20066,Pako Forever,5348,01/31/2024, 05:12:11,844
GEOR20066,Pako Forever,5348,01/31/2024, 06:14:56,844
GEOR20066,Pako Forever,5348,01/31/2024, 07:11:29,844
GEOR20066,Pako Forever,5348,01/31/2024, 08:13:56,844
GEOR20066,Pako Forever,5348,01/31/2024, 09:11:11,844
GEOR20066,Pako Forever,5348,01/31/2024, 10:12:05,844
GEOR20066,Pako Forever,5348,01/31/2024, 11:10:01,844
GEOR20066,Pako Forever,5348,01/31/2024, 12:19:52,844
GEOR20066,Pako Forever,5348,01/31/2024, 13:12:16,844
GEOR20066,Pako Forever,5348,01/31/2024, 14:10:26,844
GEOR20066,Pako Forever,5348,01/31/2024, 15:11:32,844
GEOR20066,Pako Forever,5348,01/31/2024, 16:13:40,844
GEOR20066,Pako Forever,5348,01/31/2024, 17:10:10,844
GEOR20066,Pako Forever,5348,01/31/2024, 18:11:49,844
GEOR20066,Pako Forever,5348,01/31/2024, 19:09:56,844
GEOR20066,Pako Forever,5348,01/31/2024, 20:11:45,844
GEOR20066,Pako Forever,5348,01/31/2024, 21:12:08,844
GEOR20066,Pako Forever,5349,01/31/2024, 22:11:33,844
GEOR20066,Pako Forever,5350,01/31/2024, 23:12:01,844
GEOR20066,Pako Forever,5350,02/01/2024, 00:52:22,844
GEOR20066,Pako Forever,5350,02/01/2024, 01:51:22,844
GEOR20066,Pako Forever,5350,02/01/2024, 02:21:39,844
GEOR20066,Pako Forever,5351,02/01/2024, 03:13:23,844
GEOR20066,Pako Forever,5351,02/01/2024, 04:15:27,844
GEOR20066,Pako Forever,5351,02/01/2024, 05:11:11,844
GEOR20066,Pako Forever,5351,02/01/2024, 06:15:29,844
GEOR20066,Pako Forever,5351,02/01/2024, 07:11:47,844
GEOR20066,Pako Forever,5351,02/01/2024, 08:14:44,844
GEOR20066,Pako Forever,5351,02/01/2024, 09:12:30,844
GEOR20066,Pako Forever,5351,02/01/2024, 10:12:41,844
GEOR20066,Pako Forever,5351,02/01/2024, 11:10:01,844
GEOR20066,Pako Forever,5352,02/01/2024, 12:19:56,844
GEOR20066,Pako Forever,5352,02/01/2024, 13:12:23,844
GEOR20066,Pako Forever,5352,02/01/2024, 14:11:13,844
GEOR20066,Pako Forever,5353,02/01/2024, 15:11:12,844
GEOR20066,Pako Forever,5353,02/01/2024, 16:14:23,844
GEOR20066,Pako Forever,5354,02/01/2024, 17:12:56,844
GEOR20066,Pako Forever,5354,02/01/2024, 18:13:56,844
GEOR20066,Pako Forever,5354,02/01/2024, 19:10:48,844
GEOR20066,Pako Forever,5355,02/01/2024, 20:11:58,844
GEOR20066,Pako Forever,5356,02/01/2024, 21:10:40,844
GEOR20066,Pako Forever,5357,02/01/2024, 22:11:46,844
GEOR20066,Pako Forever,5358,02/01/2024, 23:11:21,844
GEOR20066,Pako Forever,5358,02/02/2024, 00:49:52,844
GEOR20066,Pako Forever,5358,02/02/2024, 01:44:06,844
GEOR20066,Pako Forever,5358,02/02/2024, 02:17:24,844
GEOR20066,Pako Forever,5358,02/02/2024, 03:12:45,844
GEOR20066,Pako Forever,5358,02/02/2024, 04:14:35,844
GEOR20066,Pako Forever,5359,02/02/2024, 05:12:27,844
GEOR20066,Pako Forever,5359,02/02/2024, 06:14:33,844
GEOR20066,Pako Forever,5359,02/02/2024, 07:10:39,844
GEOR20066,Pako Forever,5359,02/02/2024, 08:14:22,844
GEOR20066,Pako Forever,5359,02/02/2024, 09:12:53,844
GEOR20066,Pako Forever,5359,02/02/2024, 10:12:49,844
GEOR20066,Pako Forever,5359,02/02/2024, 11:10:13,844
GEOR20066,Pako Forever,5359,02/02/2024, 12:19:40,844
GEOR20066,Pako Forever,5359,02/02/2024, 13:12:27,844
GEOR20066,Pako Forever,5359,02/02/2024, 14:11:12,844
GEOR20066,Pako Forever,5359,02/02/2024, 15:12:15,844
GEOR20066,Pako Forever,5360,02/02/2024, 16:12:50,844
GEOR20066,Pako Forever,5361,02/02/2024, 17:12:16,844
GEOR20066,Pako Forever,5362,02/02/2024, 18:15:26,844
GEOR20066,Pako Forever,5363,02/02/2024, 19:11:17,844
GEOR20066,Pako Forever,5363,02/02/2024, 20:11:19,844
GEOR20066,Pako Forever,5363,02/02/2024, 21:10:11,844
GEOR20066,Pako Forever,5364,02/02/2024, 22:10:37,844
GEOR20066,Pako Forever,5364,02/02/2024, 23:11:06,844
GEOR20066,Pako Forever,5365,02/03/2024, 00:49:02,844
GEOR20066,Pako Forever,5365,02/03/2024, 01:41:10,844
GEOR20066,Pako Forever,5365,02/03/2024, 02:14:50,844
GEOR20066,Pako Forever,5365,02/03/2024, 03:13:49,844
GEOR20066,Pako Forever,5365,02/03/2024, 04:12:51,844
GEOR20066,Pako Forever,5365,02/03/2024, 05:10:24,844
GEOR20066,Pako Forever,5365,02/03/2024, 06:13:46,844
GEOR20066,Pako Forever,5365,02/03/2024, 07:10:39,844
GEOR20066,Pako Forever,5365,02/03/2024, 08:14:06,844
GEOR20066,Pako Forever,5365,02/03/2024, 09:11:15,844
GEOR20066,Pako Forever,5365,02/03/2024, 10:11:10,844
GEOR20066,Pako Forever,5365,02/03/2024, 11:09:59,844
GEOR20066,Pako Forever,5365,02/03/2024, 12:19:01,844
GEOR20066,Pako Forever,5365,02/03/2024, 13:11:56,844
GEOR20066,Pako Forever,5366,02/03/2024, 14:09:42,844
GEOR20066,Pako Forever,5367,02/03/2024, 15:11:31,844
GEOR20066,Pako Forever,5367,02/03/2024, 16:14:22,844
GEOR20066,Pako Forever,5368,02/03/2024, 17:11:04,844
GEOR20066,Pako Forever,5369,02/03/2024, 18:13:06,844
GEOR20066,Pako Forever,5369,02/03/2024, 19:08:56,844
GEOR20066,Pako Forever,5370,02/03/2024, 20:12:23,844
GEOR20066,Pako Forever,5370,02/03/2024, 21:09:42,844
GEOR20066,Pako Forever,5370,02/03/2024, 22:11:06,844
GEOR20066,Pako Forever,5370,02/03/2024, 23:11:43,844
GEOR20066,Pako Forever,5371,02/04/2024, 00:53:33,844
GEOR20066,Pako Forever,5373,02/04/2024, 01:51:01,844
GEOR20066,Pako Forever,5373,02/04/2024, 02:21:39,844
GEOR20066,Pako Forever,5373,02/04/2024, 03:12:21,844
GEOR20066,Pako Forever,5374,02/04/2024, 04:13:11,844
GEOR20066,Pako Forever,5374,02/04/2024, 05:10:43,844
GEOR20066,Pako Forever,5374,02/04/2024, 06:13:50,844
GEOR20066,Pako Forever,5374,02/04/2024, 07:12:06,844
GEOR20066,Pako Forever,5374,02/04/2024, 08:13:58,844
GEOR20066,Pako Forever,5374,02/04/2024, 09:11:47,844
GEOR20066,Pako Forever,5374,02/04/2024, 10:11:55,844
GEOR20066,Pako Forever,5374,02/04/2024, 11:09:28,844
GEOR20066,Pako Forever,5376,02/04/2024, 12:18:30,844
GEOR20066,Pako Forever,5378,02/04/2024, 13:13:47,844
GEOR20066,Pako Forever,5378,02/04/2024, 14:09:44,844
GEOR20066,Pako Forever,5378,02/04/2024, 15:10:06,844
GEOR20066,Pako Forever,5378,02/04/2024, 16:13:09,844
GEOR20066,Pako Forever,5379,02/04/2024, 17:10:47,844
GEOR20066,Pako Forever,5379,02/04/2024, 18:14:52,844
GEOR20066,Pako Forever,5379,02/04/2024, 19:10:11,844
GEOR20066,Pako Forever,5379,02/04/2024, 20:11:19,844
GEOR20066,Pako Forever,5379,02/04/2024, 21:09:49,844
GEOR20066,Pako Forever,5379,02/04/2024, 22:11:05,844
GEOR20066,Pako Forever,5380,02/04/2024, 23:11:06,844
GEOR20066,Pako Forever,5380,02/05/2024, 00:51:52,844
GEOR20066,Pako Forever,5380,02/05/2024, 01:51:08,844
GEOR20066,Pako Forever,5380,02/05/2024, 02:24:52,844
GEOR20066,Pako Forever,5380,02/05/2024, 03:13:36,844
GEOR20066,Pako Forever,5380,02/05/2024, 04:14:50,844
GEOR20066,Pako Forever,5380,02/05/2024, 05:13:07,844
GEOR20066,Pako Forever,5381,02/05/2024, 06:15:00,844
GEOR20066,Pako Forever,5381,02/05/2024, 07:12:18,844
GEOR20066,Pako Forever,5381,02/05/2024, 08:14:58,844
GEOR20066,Pako Forever,5381,02/05/2024, 09:12:04,844
GEOR20066,Pako Forever,5381,02/05/2024, 10:13:06,844
GEOR20066,Pako Forever,5381,02/05/2024, 11:10:30,844
GEOR20066,Pako Forever,5381,02/05/2024, 12:20:12,844
GEOR20066,Pako Forever,5381,02/05/2024, 13:12:31,844
GEOR20066,Pako Forever,5381,02/05/2024, 14:11:23,844
GEOR20066,Pako Forever,5381,02/05/2024, 15:11:37,844
GEOR20066,Pako Forever,5381,02/05/2024, 16:14:08,844
GEOR20066,Pako Forever,5381,02/05/2024, 17:11:10,844
GEOR20066,Pako Forever,5381,02/05/2024, 18:14:55,844
GEOR20066,Pako Forever,5381,02/05/2024, 19:10:37,844
GEOR20066,Pako Forever,5381,02/05/2024, 20:12:40,844
GEOR20066,Pako Forever,5381,02/05/2024, 21:10:56,844
GEOR20066,Pako Forever,5381,02/05/2024, 22:12:40,844
GEOR20066,Pako Forever,5381,02/05/2024, 23:12:15,844
GEOR20066,Pako Forever,5383,02/06/2024, 00:49:20,844
GEOR20066,Pako Forever,5384,02/06/2024, 01:43:09,844
GEOR20066,Pako Forever,5384,02/06/2024, 02:17:42,844
GEOR20066,Pako Forever,5384,02/06/2024, 03:13:03,844
GEOR20066,Pako Forever,5384,02/06/2024, 04:13:12,844
GEOR20066,Pako Forever,5384,02/06/2024, 05:12:03,844
GEOR20066,Pako Forever,5384,02/06/2024, 06:14:56,844
GEOR20066,Pako Forever,5384,02/06/2024, 07:10:42,844
GEOR20066,Pako Forever,5384,02/06/2024, 08:15:17,844
GEOR20066,Pako Forever,5385,02/06/2024, 09:11:25,844
GEOR20066,Pako Forever,5385,02/06/2024, 10:12:35,844
GEOR20066,Pako Forever,5385,02/06/2024, 11:10:21,844
GEOR20066,Pako Forever,5385,02/06/2024, 12:20:37,844
GEOR20066,Pako Forever,5385,02/06/2024, 13:14:06,844
GEOR20066,Pako Forever,5385,02/06/2024, 14:11:34,844
GEOR20066,Pako Forever,5385,02/06/2024, 15:11:31,844
GEOR20066,Pako Forever,5385,02/06/2024, 16:14:05,844
GEOR20066,Pako Forever,5385,02/06/2024, 17:10:30,844
GEOR20066,Pako Forever,5385,02/06/2024, 18:13:10,844
GEOR20066,Pako Forever,5385,02/06/2024, 19:10:21,844
GEOR20066,Pako Forever,5387,02/06/2024, 20:12:37,844
GEOR20066,Pako Forever,5387,02/06/2024, 21:10:45,844
GEOR20066,Pako Forever,5387,02/06/2024, 22:10:51,844
GEOR20066,Pako Forever,5387,02/06/2024, 23:11:37,844
GEOR20066,Pako Forever,5388,02/07/2024, 00:47:55,844
GEOR20066,Pako Forever,5388,02/07/2024, 01:42:38,844
GEOR20066,Pako Forever,5388,02/07/2024, 02:16:47,844
GEOR20066,Pako Forever,5388,02/07/2024, 03:13:30,844
GEOR20066,Pako Forever,5388,02/07/2024, 04:14:18,844
GEOR20066,Pako Forever,5388,02/07/2024, 05:11:57,844
GEOR20066,Pako Forever,5388,02/07/2024, 06:14:46,844
GEOR20066,Pako Forever,5388,02/07/2024, 07:12:10,844
GEOR20066,Pako Forever,5388,02/07/2024, 08:14:13,844
GEOR20066,Pako Forever,5388,02/07/2024, 09:12:35,844
GEOR20066,Pako Forever,5388,02/07/2024, 10:13:01,844
GEOR20066,Pako Forever,5388,02/07/2024, 11:10:58,844
GEOR20066,Pako Forever,5388,02/07/2024, 12:19:43,844
GEOR20066,Pako Forever,5388,02/07/2024, 13:12:08,844
GEOR20066,Pako Forever,5388,02/07/2024, 14:10:29,844
GEOR20066,Pako Forever,5388,02/07/2024, 15:12:40,844
GEOR20066,Pako Forever,5388,02/07/2024, 16:15:29,844
GEOR20066,Pako Forever,5388,02/07/2024, 17:11:17,844
GEOR20066,Pako Forever,5388,02/07/2024, 18:14:28,844
GEOR20066,Pako Forever,5388,02/07/2024, 19:09:33,844
GEOR20066,Pako Forever,5388,02/07/2024, 20:11:24,844
GEOR20066,Pako Forever,5388,02/07/2024, 21:10:47,844
GEOR20066,Pako Forever,5390,02/07/2024, 22:10:47,844
GEOR20066,Pako Forever,5391,02/07/2024, 23:12:16,844
GEOR20066,Pako Forever,5392,02/08/2024, 00:49:04,844
GEOR20066,Pako Forever,5392,02/08/2024, 01:42:49,844
GEOR20066,Pako Forever,5392,02/08/2024, 02:17:14,844
GEOR20066,Pako Forever,5392,02/08/2024, 03:12:58,844
GEOR20066,Pako Forever,5393,02/08/2024, 04:14:07,844
GEOR20066,Pako Forever,5393,02/08/2024, 05:13:05,844
GEOR20066,Pako Forever,5394,02/08/2024, 06:15:37,844
GEOR20066,Pako Forever,5394,02/08/2024, 07:12:22,844
GEOR20066,Pako Forever,5394,02/08/2024, 08:14:26,844
GEOR20066,Pako Forever,5394,02/08/2024, 09:12:08,844
GEOR20066,Pako Forever,5394,02/08/2024, 10:12:17,844
GEOR20066,Pako Forever,5394,02/08/2024, 11:09:41,844
GEOR20066,Pako Forever,5394,02/08/2024, 12:20:01,844
GEOR20066,Pako Forever,5394,02/08/2024, 13:12:23,844
GEOR20066,Pako Forever,5396,02/08/2024, 14:10:45,844
GEOR20066,Pako Forever,5396,02/08/2024, 15:12:07,844
GEOR20066,Pako Forever,5396,02/08/2024, 16:14:32,844
GEOR20066,Pako Forever,5396,02/08/2024, 17:12:07,844
GEOR20066,Pako Forever,5396,02/08/2024, 18:14:37,844
GEOR20066,Pako Forever,5396,02/08/2024, 19:10:10,844
GEOR20066,Pako Forever,5396,02/08/2024, 20:11:56,844
GEOR20066,Pako Forever,5396,02/08/2024, 21:10:16,844
GEOR20066,Pako Forever,5397,02/08/2024, 22:10:56,844
GEOR20066,Pako Forever,5397,02/08/2024, 23:12:35,844
GEOR20066,Pako Forever,5397,02/09/2024, 00:48:28,844
GEOR20066,Pako Forever,5397,02/09/2024, 01:42:32,844
GEOR20066,Pako Forever,5397,02/09/2024, 02:16:40,844
GEOR20066,Pako Forever,5397,02/09/2024, 03:12:35,844
GEOR20066,Pako Forever,5397,02/09/2024, 04:14:06,844
GEOR20066,Pako Forever,5397,02/09/2024, 05:11:20,844
GEOR20066,Pako Forever,5398,02/09/2024, 06:14:47,844
GEOR20066,Pako Forever,5399,02/09/2024, 07:10:35,844
GEOR20066,Pako Forever,5399,02/09/2024, 08:14:06,844
GEOR20066,Pako Forever,5400,02/09/2024, 09:12:44,844
GEOR20066,Pako Forever,5400,02/09/2024, 10:12:32,844
GEOR20066,Pako Forever,5400,02/09/2024, 11:10:25,844
GEOR20066,Pako Forever,5400,02/09/2024, 12:19:36,844
GEOR20066,Pako Forever,5400,02/09/2024, 13:12:24,844
GEOR20066,Pako Forever,5400,02/09/2024, 14:10:46,844
GEOR20066,Pako Forever,5400,02/09/2024, 15:11:10,844
GEOR20066,Pako Forever,5400,02/09/2024, 16:14:06,844
GEOR20066,Pako Forever,5400,02/09/2024, 17:10:52,844
GEOR20066,Pako Forever,5400,02/09/2024, 18:14:19,844
GEOR20066,Pako Forever,5400,02/09/2024, 19:11:01,844
GEOR20066,Pako Forever,5400,02/09/2024, 20:11:36,844
GEOR20066,Pako Forever,5400,02/09/2024, 21:10:51,844
GEOR20066,Pako Forever,5400,02/09/2024, 22:11:41,844
GEOR20066,Pako Forever,5400,02/09/2024, 23:11:35,844
GEOR20066,Pako Forever,5400,02/10/2024, 00:47:45,844
GEOR20066,Pako Forever,5400,02/10/2024, 01:41:05,844
GEOR20066,Pako Forever,5400,02/10/2024, 02:15:20,844
GEOR20066,Pako Forever,5401,02/10/2024, 03:12:52,844
GEOR20066,Pako Forever,5401,02/10/2024, 04:14:22,844
GEOR20066,Pako Forever,5401,02/10/2024, 05:10:36,844
GEOR20066,Pako Forever,5401,02/10/2024, 06:14:07,844
GEOR20066,Pako Forever,5401,02/10/2024, 07:10:38,844
GEOR20066,Pako Forever,5401,02/10/2024, 08:12:45,844
GEOR20066,Pako Forever,5401,02/10/2024, 09:11:19,844
GEOR20066,Pako Forever,5401,02/10/2024, 10:10:59,844
GEOR20066,Pako Forever,5401,02/10/2024, 11:08:55,844
GEOR20066,Pako Forever,5401,02/10/2024, 12:18:55,844
GEOR20066,Pako Forever,5401,02/10/2024, 13:13:17,844
GEOR20066,Pako Forever,5401,02/10/2024, 14:10:10,844
GEOR20066,Pako Forever,5401,02/10/2024, 15:10:20,844
GEOR20066,Pako Forever,5401,02/10/2024, 16:13:54,844
GEOR20066,Pako Forever,5401,02/10/2024, 17:11:18,844
GEOR20066,Pako Forever,5401,02/10/2024, 18:13:39,844
GEOR20066,Pako Forever,5401,02/10/2024, 19:09:18,844
GEOR20066,Pako Forever,5401,02/10/2024, 20:11:38,844
GEOR20066,Pako Forever,5401,02/10/2024, 21:10:53,844
GEOR20066,Pako Forever,5403,02/10/2024, 22:10:29,844
GEOR20066,Pako Forever,5403,02/10/2024, 23:11:41,844
GEOR20066,Pako Forever,5403,02/11/2024, 00:53:50,844
GEOR20066,Pako Forever,5403,02/11/2024, 01:51:07,844
GEOR20066,Pako Forever,5403,02/11/2024, 02:20:21,844
GEOR20066,Pako Forever,5403,02/11/2024, 03:11:49,844
GEOR20066,Pako Forever,5403,02/11/2024, 04:14:12,844
GEOR20066,Pako Forever,5403,02/11/2024, 05:10:37,844
GEOR20066,Pako Forever,5403,02/11/2024, 06:14:36,844
GEOR20066,Pako Forever,5403,02/11/2024, 07:11:48,844
GEOR20066,Pako Forever,5403,02/11/2024, 08:14:11,844
GEOR20066,Pako Forever,5403,02/11/2024, 09:10:31,844
GEOR20066,Pako Forever,5403,02/11/2024, 10:11:45,844
GEOR20066,Pako Forever,5403,02/11/2024, 11:09:50,844
GEOR20066,Pako Forever,5403,02/11/2024, 12:18:23,844
GEOR20066,Pako Forever,5403,02/11/2024, 13:12:32,844
GEOR20066,Pako Forever,5403,02/11/2024, 14:10:50,844
GEOR20066,Pako Forever,5403,02/11/2024, 15:12:37,844
GEOR20066,Pako Forever,5403,02/11/2024, 16:13:58,844
GEOR20066,Pako Forever,5403,02/11/2024, 17:10:39,844
GEOR20066,Pako Forever,5403,02/11/2024, 18:14:12,844
GEOR20066,Pako Forever,5403,02/11/2024, 19:10:34,844
GEOR20066,Pako Forever,5404,02/11/2024, 20:12:04,844
GEOR20066,Pako Forever,5404,02/11/2024, 21:10:57,844
GEOR20066,Pako Forever,5405,02/11/2024, 22:10:24,844
GEOR20066,Pako Forever,5405,02/11/2024, 23:11:05,844
GEOR20066,Pako Forever,5405,02/12/2024, 00:50:25,844
GEOR20066,Pako Forever,5405,02/12/2024, 01:43:53,844
GEOR20066,Pako Forever,5405,02/12/2024, 02:19:06,844
GEOR20066,Pako Forever,5405,02/12/2024, 03:12:23,844
GEOR20066,Pako Forever,5405,02/12/2024, 04:14:41,844
GEOR20066,Pako Forever,5405,02/12/2024, 05:12:34,844
GEOR20066,Pako Forever,5405,02/12/2024, 06:15:30,844
GEOR20066,Pako Forever,5405,02/12/2024, 07:11:20,844
GEOR20066,Pako Forever,5405,02/12/2024, 08:15:11,844
GEOR20066,Pako Forever,5405,02/12/2024, 09:12:55,844
GEOR20066,Pako Forever,5405,02/12/2024, 10:14:45,844
GEOR20066,Pako Forever,5405,02/12/2024, 11:10:17,844
GEOR20066,Pako Forever,5405,02/12/2024, 12:20:27,844
GEOR20066,Pako Forever,5405,02/12/2024, 13:12:31,844
GEOR20066,Pako Forever,5405,02/12/2024, 14:11:00,844
GEOR20066,Pako Forever,5405,02/12/2024, 15:12:31,844
GEOR20066,Pako Forever,5406,02/12/2024, 16:14:13,844
GEOR20066,Pako Forever,5407,02/12/2024, 17:10:45,844
GEOR20066,Pako Forever,5407,02/12/2024, 18:13:55,844
GEOR20066,Pako Forever,5408,02/12/2024, 19:11:36,844
GEOR20066,Pako Forever,5408,02/12/2024, 20:12:19,844
GEOR20066,Pako Forever,5408,02/12/2024, 21:10:10,844
GEOR20066,Pako Forever,5408,02/12/2024, 22:10:44,844
GEOR20066,Pako Forever,5408,02/12/2024, 23:11:41,844
GEOR20066,Pako Forever,5409,02/13/2024, 00:50:18,844
GEOR20066,Pako Forever,5409,02/13/2024, 01:44:02,844
GEOR20066,Pako Forever,5409,02/13/2024, 02:17:50,844
GEOR20066,Pako Forever,5409,02/13/2024, 03:13:23,844
GEOR20066,Pako Forever,5409,02/13/2024, 04:13:39,844
GEOR20066,Pako Forever,5410,02/13/2024, 05:11:20,844
GEOR20066,Pako Forever,5410,02/13/2024, 06:16:26,844
GEOR20066,Pako Forever,5411,02/13/2024, 07:11:37,844
GEOR20066,Pako Forever,5411,02/13/2024, 08:14:58,844
GEOR20066,Pako Forever,5411,02/13/2024, 09:11:55,844
GEOR20066,Pako Forever,5411,02/13/2024, 10:11:59,844
GEOR20066,Pako Forever,5411,02/13/2024, 11:11:54,844
GEOR20066,Pako Forever,5411,02/13/2024, 12:19:36,844
GEOR20066,Pako Forever,5411,02/13/2024, 13:14:38,844
GEOR20066,Pako Forever,5411,02/13/2024, 14:10:46,844
GEOR20066,Pako Forever,5412,02/13/2024, 15:11:07,844
GEOR20066,Pako Forever,5412,02/13/2024, 16:14:44,844
GEOR20066,Pako Forever,5412,02/13/2024, 17:10:41,844
GEOR20066,Pako Forever,5412,02/13/2024, 18:15:25,844
GEOR20066,Pako Forever,5413,02/13/2024, 19:09:21,844
GEOR20066,Pako Forever,5414,02/13/2024, 20:13:31,844
GEOR20066,Pako Forever,5414,02/13/2024, 21:11:23,844
GEOR20066,Pako Forever,5414,02/13/2024, 22:13:00,844
GEOR20066,Pako Forever,5416,02/13/2024, 23:11:36,844
GEOR20066,Pako Forever,5416,02/14/2024, 00:50:37,844
GEOR20066,Pako Forever,5416,02/14/2024, 01:44:45,844
GEOR20066,Pako Forever,5416,02/14/2024, 02:18:00,844
GEOR20066,Pako Forever,5416,02/14/2024, 03:13:20,844
GEOR20066,Pako Forever,5416,02/14/2024, 04:14:20,844
GEOR20066,Pako Forever,5416,02/14/2024, 05:11:59,844
GEOR20066,Pako Forever,5416,02/14/2024, 06:15:19,844
GEOR20066,Pako Forever,5417,02/14/2024, 07:12:45,844
GEOR20066,Pako Forever,5417,02/14/2024, 08:14:52,844
GEOR20066,Pako Forever,5418,02/14/2024, 09:11:31,844
GEOR20066,Pako Forever,5418,02/14/2024, 10:12:35,844
GEOR20066,Pako Forever,5418,02/14/2024, 11:11:36,844
GEOR20066,Pako Forever,5419,02/14/2024, 12:20:27,844
GEOR20066,Pako Forever,5419,02/14/2024, 13:12:20,844
GEOR20066,Pako Forever,5419,02/14/2024, 14:11:20,844
GEOR20066,Pako Forever,5419,02/14/2024, 15:11:39,844
GEOR20066,Pako Forever,5419,02/14/2024, 16:14:21,844
GEOR20066,Pako Forever,5419,02/14/2024, 17:11:03,844
GEOR20066,Pako Forever,5419,02/14/2024, 18:13:55,844
GEOR20066,Pako Forever,5419,02/14/2024, 19:09:36,844
GEOR20066,Pako Forever,5419,02/14/2024, 20:12:23,844
GEOR20066,Pako Forever,5419,02/14/2024, 21:11:06,844
GEOR20066,Pako Forever,5419,02/14/2024, 22:11:06,844
GEOR20066,Pako Forever,5419,02/14/2024, 23:11:54,844
GEOR20066,Pako Forever,5419,02/15/2024, 00:50:22,844
GEOR20066,Pako Forever,5420,02/15/2024, 01:44:17,844
GEOR20066,Pako Forever,5420,02/15/2024, 02:18:24,844
GEOR20066,Pako Forever,5420,02/15/2024, 03:13:24,844
GEOR20066,Pako Forever,5420,02/15/2024, 04:14:36,844
GEOR20066,Pako Forever,5420,02/15/2024, 05:12:26,844
GEOR20066,Pako Forever,5420,02/15/2024, 06:15:06,844
GEOR20066,Pako Forever,5420,02/15/2024, 07:10:52,844
GEOR20066,Pako Forever,5420,02/15/2024, 08:14:43,844
GEOR20066,Pako Forever,5420,02/15/2024, 09:13:57,844
GEOR20066,Pako Forever,5420,02/15/2024, 10:12:43,844
GEOR20066,Pako Forever,5420,02/15/2024, 11:10:53,844
GEOR20066,Pako Forever,5420,02/15/2024, 12:19:25,844
GEOR20066,Pako Forever,5420,02/15/2024, 13:12:46,844
GEOR20066,Pako Forever,5421,02/15/2024, 14:10:51,844
GEOR20066,Pako Forever,5421,02/15/2024, 15:12:01,844
GEOR20066,Pako Forever,5421,02/15/2024, 16:14:15,844
GEOR20066,Pako Forever,5421,02/15/2024, 17:12:24,844
GEOR20066,Pako Forever,5421,02/15/2024, 18:15:12,844
GEOR20066,Pako Forever,5421,02/15/2024, 19:10:29,844
GEOR20066,Pako Forever,5422,02/15/2024, 20:10:30,844
GEOR20066,Pako Forever,5422,02/15/2024, 21:11:28,844
GEOR20066,Pako Forever,5422,02/15/2024, 22:10:49,844
GEOR20066,Pako Forever,5423,02/15/2024, 23:11:27,844
GEOR20066,Pako Forever,5423,02/16/2024, 00:48:46,844
GEOR20066,Pako Forever,5423,02/16/2024, 01:43:17,844
GEOR20066,Pako Forever,5423,02/16/2024, 02:17:47,844
GEOR20066,Pako Forever,5423,02/16/2024, 03:13:47,844
GEOR20066,Pako Forever,5423,02/16/2024, 04:13:26,844
GEOR20066,Pako Forever,5423,02/16/2024, 05:12:05,844
GEOR20066,Pako Forever,5423,02/16/2024, 06:15:26,844
GEOR20066,Pako Forever,5423,02/16/2024, 07:10:59,844
GEOR20066,Pako Forever,5423,02/16/2024, 08:14:31,844
GEOR20066,Pako Forever,5423,02/16/2024, 09:11:36,844
GEOR20066,Pako Forever,5423,02/16/2024, 10:12:37,844
GEOR20066,Pako Forever,5423,02/16/2024, 11:09:26,844
GEOR20066,Pako Forever,5423,02/16/2024, 12:19:43,844
GEOR20066,Pako Forever,5423,02/16/2024, 13:12:24,844
GEOR20066,Pako Forever,5423,02/16/2024, 14:11:49,844
GEOR20066,Pako Forever,5423,02/16/2024, 15:12:32,844
GEOR20066,Pako Forever,5423,02/16/2024, 16:14:22,844
GEOR20066,Pako Forever,5423,02/16/2024, 17:10:55,844
GEOR20066,Pako Forever,5423,02/16/2024, 18:14:43,844
GEOR20066,Pako Forever,5424,02/16/2024, 19:10:48,844
GEOR20066,Pako Forever,5424,02/16/2024, 20:11:47,844
GEOR20066,Pako Forever,5424,02/16/2024, 21:10:09,844
GEOR20066,Pako Forever,5424,02/16/2024, 22:11:04,844
GEOR20066,Pako Forever,5425,02/16/2024, 23:11:17,844
GEOR20066,Pako Forever,5425,02/17/2024, 00:48:43,844
GEOR20066,Pako Forever,5425,02/17/2024, 01:42:25,844
GEOR20066,Pako Forever,5425,02/17/2024, 02:16:27,844
GEOR20066,Pako Forever,5426,02/17/2024, 03:12:57,844
GEOR20066,Pako Forever,5426,02/17/2024, 04:15:16,844
GEOR20066,Pako Forever,5426,02/17/2024, 05:10:38,844
GEOR20066,Pako Forever,5426,02/17/2024, 06:14:58,844
GEOR20066,Pako Forever,5426,02/17/2024, 07:10:25,844
GEOR20066,Pako Forever,5426,02/17/2024, 08:13:27,844
GEOR20066,Pako Forever,5426,02/17/2024, 09:10:28,844
GEOR20066,Pako Forever,5426,02/17/2024, 10:11:27,844
GEOR20066,Pako Forever,5426,02/17/2024, 11:09:01,844
GEOR20066,Pako Forever,5427,02/17/2024, 12:18:24,844
GEOR20066,Pako Forever,5427,02/17/2024, 13:11:27,844
GEOR20066,Pako Forever,5427,02/17/2024, 14:10:55,844
GEOR20066,Pako Forever,5427,02/17/2024, 15:11:29,844
GEOR20066,Pako Forever,5427,02/17/2024, 16:14:10,844
GEOR20066,Pako Forever,5428,02/17/2024, 17:10:55,844
GEOR20066,Pako Forever,5428,02/17/2024, 18:13:31,844
GEOR20066,Pako Forever,5428,02/17/2024, 19:09:52,844
GEOR20066,Pako Forever,5428,02/17/2024, 20:11:17,844
GEOR20066,Pako Forever,5429,02/17/2024, 21:09:39,844
GEOR20066,Pako Forever,5429,02/17/2024, 22:11:33,844
GEOR20066,Pako Forever,5429,02/17/2024, 23:10:36,844
GEOR20066,Pako Forever,5429,02/18/2024, 00:52:50,844
GEOR20066,Pako Forever,5429,02/18/2024, 01:50:31,844
GEOR20066,Pako Forever,5429,02/18/2024, 02:19:31,844
GEOR20066,Pako Forever,5429,02/18/2024, 03:12:13,844
GEOR20066,Pako Forever,5429,02/18/2024, 04:13:24,844
GEOR20066,Pako Forever,5429,02/18/2024, 05:10:46,844
GEOR20066,Pako Forever,5430,02/18/2024, 06:14:50,844
GEOR20066,Pako Forever,5430,02/18/2024, 07:12:43,844
GEOR20066,Pako Forever,5431,02/18/2024, 08:14:06,844
GEOR20066,Pako Forever,5431,02/18/2024, 09:11:20,844
GEOR20066,Pako Forever,5431,02/18/2024, 10:12:50,844
GEOR20066,Pako Forever,5431,02/18/2024, 11:09:15,844
GEOR20066,Pako Forever,5431,02/18/2024, 12:18:35,844
GEOR20066,Pako Forever,5431,02/18/2024, 13:12:35,844
GEOR20066,Pako Forever,5431,02/18/2024, 14:10:07,844
GEOR20066,Pako Forever,5431,02/18/2024, 15:12:29,844
GEOR20066,Pako Forever,5431,02/18/2024, 16:13:46,844
GEOR20066,Pako Forever,5432,02/18/2024, 17:09:31,844
GEOR20066,Pako Forever,5432,02/18/2024, 18:13:11,844
GEOR20066,Pako Forever,5432,02/18/2024, 19:09:26,844
GEOR20066,Pako Forever,5432,02/18/2024, 20:12:13,844
GEOR20066,Pako Forever,5432,02/18/2024, 21:09:49,844
GEOR20066,Pako Forever,5432,02/18/2024, 22:12:35,844
GEOR20066,Pako Forever,5433,02/18/2024, 23:11:14,844
GEOR20066,Pako Forever,5433,02/19/2024, 00:51:14,844
GEOR20066,Pako Forever,5435,02/19/2024, 01:46:02,844
GEOR20066,Pako Forever,5435,02/19/2024, 02:19:14,844
GEOR20066,Pako Forever,5436,02/19/2024, 03:12:59,844
GEOR20066,Pako Forever,5436,02/19/2024, 04:14:08,844
GEOR20066,Pako Forever,5436,02/19/2024, 05:12:21,844
GEOR20066,Pako Forever,5436,02/19/2024, 06:15:49,844
GEOR20066,Pako Forever,5436,02/19/2024, 07:12:36,844
GEOR20066,Pako Forever,5436,02/19/2024, 08:15:30,844
GEOR20066,Pako Forever,5436,02/19/2024, 09:12:20,844
GEOR20066,Pako Forever,5436,02/19/2024, 10:13:12,844
GEOR20066,Pako Forever,5436,02/19/2024, 11:10:02,844
GEOR20066,Pako Forever,5436,02/19/2024, 12:20:59,844
GEOR20066,Pako Forever,5437,02/19/2024, 13:12:24,844
GEOR20066,Pako Forever,5437,02/19/2024, 14:11:36,844
GEOR20066,Pako Forever,5437,02/19/2024, 15:12:23,844
GEOR20066,Pako Forever,5438,02/19/2024, 16:15:58,844
GEOR20066,Pako Forever,5438,02/19/2024, 17:11:21,844
GEOR20066,Pako Forever,5438,02/19/2024, 18:15:12,844
GEOR20066,Pako Forever,5439,02/19/2024, 19:10:01,844
GEOR20066,Pako Forever,5439,02/19/2024, 20:12:00,844
GEOR20066,Pako Forever,5439,02/19/2024, 21:11:21,844
GEOR20066,Pako Forever,5439,02/19/2024, 22:11:30,844
GEOR20066,Pako Forever,5439,02/19/2024, 23:11:20,844
GEOR20066,Pako Forever,5440,02/20/2024, 00:48:54,844
GEOR20066,Pako Forever,5440,02/20/2024, 01:42:35,844
GEOR20066,Pako Forever,5440,02/20/2024, 02:16:34,844
GEOR20066,Pako Forever,5440,02/20/2024, 03:12:40,844
GEOR20066,Pako Forever,5440,02/20/2024, 04:15:35,844
GEOR20066,Pako Forever,5440,02/20/2024, 05:12:39,844
GEOR20066,Pako Forever,5440,02/20/2024, 06:15:35,844
GEOR20066,Pako Forever,5440,02/20/2024, 07:12:03,844
GEOR20066,Pako Forever,5440,02/20/2024, 08:14:39,844
GEOR20066,Pako Forever,5440,02/20/2024, 09:11:54,844
GEOR20066,Pako Forever,5441,02/20/2024, 10:11:59,844
GEOR20066,Pako Forever,5441,02/20/2024, 11:10:40,844
GEOR20066,Pako Forever,5441,02/20/2024, 12:19:57,844
GEOR20066,Pako Forever,5441,02/20/2024, 13:13:18,844
GEOR20066,Pako Forever,5441,02/20/2024, 14:11:12,844
GEOR20066,Pako Forever,5442,02/20/2024, 15:11:17,844
GEOR20066,Pako Forever,5442,02/20/2024, 16:14:43,844
GEOR20066,Pako Forever,5443,02/20/2024, 17:10:39,844
GEOR20066,Pako Forever,5444,02/20/2024, 18:16:14,844
GEOR20066,Pako Forever,5444,02/20/2024, 19:09:37,844
GEOR20066,Pako Forever,5444,02/20/2024, 20:13:00,844
GEOR20066,Pako Forever,5444,02/20/2024, 21:10:09,844
GEOR20066,Pako Forever,5444,02/20/2024, 22:10:44,844
GEOR20066,Pako Forever,5444,02/20/2024, 23:11:16,844
GEOR20066,Pako Forever,5444,02/21/2024, 00:50:05,844
GEOR20066,Pako Forever,5445,02/21/2024, 01:44:00,844
GEOR20066,Pako Forever,5445,02/21/2024, 02:17:34,844
GEOR20066,Pako Forever,5445,02/21/2024, 03:12:28,844
GEOR20066,Pako Forever,5445,02/21/2024, 04:13:50,844
GEOR20066,Pako Forever,5445,02/21/2024, 05:11:20,844
GEOR20066,Pako Forever,5445,02/21/2024, 06:14:50,844
GEOR20066,Pako Forever,5445,02/21/2024, 07:11:20,844
GEOR20066,Pako Forever,5446,02/21/2024, 08:15:29,844
GEOR20066,Pako Forever,5446,02/21/2024, 09:14:10,844
GEOR20066,Pako Forever,5446,02/21/2024, 10:13:17,844
GEOR20066,Pako Forever,5446,02/21/2024, 11:10:21,844
GEOR20066,Pako Forever,5446,02/21/2024, 12:19:55,844
GEOR20066,Pako Forever,5446,02/21/2024, 13:12:36,844
GEOR20066,Pako Forever,5446,02/21/2024, 14:11:02,844
GEOR20066,Pako Forever,5446,02/21/2024, 15:11:49,844
GEOR20066,Pako Forever,5446,02/21/2024, 16:15:10,844
GEOR20066,Pako Forever,5446,02/21/2024, 17:10:22,844
GEOR20066,Pako Forever,5446,02/21/2024, 18:14:12,844
GEOR20066,Pako Forever,5446,02/21/2024, 19:09:55,844
GEOR20066,Pako Forever,5446,02/21/2024, 20:12:12,844
GEOR20066,Pako Forever,5447,02/21/2024, 21:10:18,844
GEOR20066,Pako Forever,5447,02/21/2024, 22:10:51,844
GEOR20066,Pako Forever,5447,02/21/2024, 23:12:29,844
GEOR20066,Pako Forever,5447,02/22/2024, 00:49:23,844
GEOR20066,Pako Forever,5447,02/22/2024, 01:42:59,844
GEOR20066,Pako Forever,5447,02/22/2024, 02:17:07,844
GEOR20066,Pako Forever,5447,02/22/2024, 03:12:35,844
GEOR20066,Pako Forever,5447,02/22/2024, 04:13:30,844
GEOR20066,Pako Forever,5447,02/22/2024, 05:12:30,844
GEOR20066,Pako Forever,5447,02/22/2024, 06:15:27,844
GEOR20066,Pako Forever,5447,02/22/2024, 07:11:54,844
GEOR20066,Pako Forever,5447,02/22/2024, 08:15:06,844
GEOR20066,Pako Forever,5447,02/22/2024, 09:13:01,844
GEOR20066,Pako Forever,5447,02/22/2024, 10:12:06,844
GEOR20066,Pako Forever,5447,02/22/2024, 11:09:59,844
GEOR20066,Pako Forever,5448,02/22/2024, 12:19:16,844
GEOR20066,Pako Forever,5448,02/22/2024, 13:14:02,844
GEOR20066,Pako Forever,5449,02/22/2024, 14:12:03,844
GEOR20066,Pako Forever,5449,02/22/2024, 15:12:02,844
GEOR20066,Pako Forever,5449,02/22/2024, 16:14:31,844
GEOR20066,Pako Forever,5449,02/22/2024, 17:10:57,844
GEOR20066,Pako Forever,5449,02/22/2024, 18:14:46,844
GEOR20066,Pako Forever,5449,02/22/2024, 19:09:29,844
GEOR20066,Pako Forever,5450,02/22/2024, 20:11:41,844
GEOR20066,Pako Forever,5450,02/22/2024, 21:10:20,844
GEOR20066,Pako Forever,5450,02/22/2024, 22:11:02,844
GEOR20066,Pako Forever,5450,02/22/2024, 23:13:38,844
GEOR20066,Pako Forever,5450,02/23/2024, 00:48:48,844
GEOR20066,Pako Forever,5450,02/23/2024, 01:42:46,844
GEOR20066,Pako Forever,5450,02/23/2024, 02:17:37,844
GEOR20066,Pako Forever,5450,02/23/2024, 03:12:13,844
GEOR20066,Pako Forever,5450,02/23/2024, 04:13:25,844
GEOR20066,Pako Forever,5450,02/23/2024, 05:12:23,844
GEOR20066,Pako Forever,5450,02/23/2024, 06:15:19,844
GEOR20066,Pako Forever,5451,02/23/2024, 07:12:44,844
GEOR20066,Pako Forever,5451,02/23/2024, 08:14:59,844
GEOR20066,Pako Forever,5451,02/23/2024, 09:11:31,844
GEOR20066,Pako Forever,5451,02/23/2024, 10:13:24,844
GEOR20066,Pako Forever,5452,02/23/2024, 11:10:32,844
GEOR20066,Pako Forever,5452,02/23/2024, 12:19:54,844
GEOR20066,Pako Forever,5452,02/23/2024, 13:13:18,844
GEOR20066,Pako Forever,5452,02/23/2024, 14:11:02,844
GEOR20066,Pako Forever,5452,02/23/2024, 15:12:53,844
GEOR20066,Pako Forever,5452,02/23/2024, 16:13:49,844
GEOR20066,Pako Forever,5452,02/23/2024, 17:10:29,844
GEOR20066,Pako Forever,5452,02/23/2024, 18:14:49,844
GEOR20066,Pako Forever,5452,02/23/2024, 19:11:22,844
GEOR20066,Pako Forever,5452,02/23/2024, 20:13:29,844
GEOR20066,Pako Forever,5453,02/23/2024, 21:10:33,844
GEOR20066,Pako Forever,5453,02/23/2024, 22:10:49,844
GEOR20066,Pako Forever,5453,02/23/2024, 23:10:53,844
GEOR20066,Pako Forever,5453,02/24/2024, 00:46:58,844
GEOR20066,Pako Forever,5453,02/24/2024, 01:40:15,844
GEOR20066,Pako Forever,5453,02/24/2024, 02:15:00,844
GEOR20066,Pako Forever,5453,02/24/2024, 03:14:21,844
GEOR20066,Pako Forever,5453,02/24/2024, 04:14:18,844
GEOR20066,Pako Forever,5453,02/24/2024, 05:13:22,844
GEOR20066,Pako Forever,5453,02/24/2024, 06:14:00,844
GEOR20066,Pako Forever,5453,02/24/2024, 07:11:08,844
GEOR20066,Pako Forever,5454,02/24/2024, 08:12:59,844
GEOR20066,Pako Forever,5454,02/24/2024, 09:10:14,844
GEOR20066,Pako Forever,5454,02/24/2024, 10:12:17,844
GEOR20066,Pako Forever,5454,02/24/2024, 11:09:26,844
GEOR20066,Pako Forever,5454,02/24/2024, 12:17:55,844
GEOR20066,Pako Forever,5454,02/24/2024, 13:12:14,844
GEOR20066,Pako Forever,5454,02/24/2024, 14:09:43,844
GEOR20066,Pako Forever,5454,02/24/2024, 15:10:29,844
GEOR20066,Pako Forever,5456,02/24/2024, 16:12:53,844
GEOR20066,Pako Forever,5456,02/24/2024, 17:11:53,844
GEOR20066,Pako Forever,5457,02/24/2024, 18:14:04,844
GEOR20066,Pako Forever,5457,02/24/2024, 19:09:06,844
GEOR20066,Pako Forever,5457,02/24/2024, 20:11:08,844
GEOR20066,Pako Forever,5458,02/24/2024, 21:09:51,844
GEOR20066,Pako Forever,5459,02/24/2024, 22:10:45,844
GEOR20066,Pako Forever,5459,02/24/2024, 23:11:55,844
GEOR20066,Pako Forever,5459,02/25/2024, 00:53:23,844
GEOR20066,Pako Forever,5459,02/25/2024, 01:49:53,844
GEOR20066,Pako Forever,5459,02/25/2024, 02:20:13,844
GEOR20066,Pako Forever,5459,02/25/2024, 03:12:43,844
GEOR20066,Pako Forever,5459,02/25/2024, 04:14:12,844
GEOR20066,Pako Forever,5459,02/25/2024, 05:11:42,844
GEOR20066,Pako Forever,5459,02/25/2024, 06:14:02,844
GEOR20066,Pako Forever,5459,02/25/2024, 07:12:13,844
GEOR20066,Pako Forever,5459,02/25/2024, 08:13:29,844
GEOR20066,Pako Forever,5459,02/25/2024, 09:10:29,844
GEOR20066,Pako Forever,5459,02/25/2024, 10:11:08,844
GEOR20066,Pako Forever,5459,02/25/2024, 11:09:24,844
GEOR20066,Pako Forever,5459,02/25/2024, 12:18:22,844
GEOR20066,Pako Forever,5459,02/25/2024, 13:11:56,844
GEOR20066,Pako Forever,5459,02/25/2024, 14:09:54,844
GEOR20066,Pako Forever,5461,02/25/2024, 15:10:40,844
GEOR20066,Pako Forever,5462,02/25/2024, 16:14:01,844
GEOR20066,Pako Forever,5462,02/25/2024, 17:10:22,844
GEOR20066,Pako Forever,5462,02/25/2024, 18:13:34,844
GEOR20066,Pako Forever,5462,02/25/2024, 19:10:55,844
GEOR20066,Pako Forever,5462,02/25/2024, 20:11:12,844
GEOR20066,Pako Forever,5462,02/25/2024, 21:11:45,844
GEOR20066,Pako Forever,5462,02/25/2024, 22:10:43,844
GEOR20066,Pako Forever,5462,02/25/2024, 23:11:39,844
GEOR20066,Pako Forever,5462,02/26/2024, 00:51:11,844
GEOR20066,Pako Forever,5462,02/26/2024, 01:46:12,844
GEOR20066,Pako Forever,5462,02/26/2024, 02:21:03,844
GEOR20066,Pako Forever,5462,02/26/2024, 03:13:23,844
GEOR20066,Pako Forever,5462,02/26/2024, 04:13:40,844
GEOR20066,Pako Forever,5462,02/26/2024, 05:12:36,844
GEOR20066,Pako Forever,5462,02/26/2024, 06:15:59,844
GEOR20066,Pako Forever,5462,02/26/2024, 07:12:27,844
GEOR20066,Pako Forever,5462,02/26/2024, 08:14:46,844
GEOR20066,Pako Forever,5462,02/26/2024, 09:13:13,844
GEOR20066,Pako Forever,5462,02/26/2024, 10:13:22,844
GEOR20066,Pako Forever,5462,02/26/2024, 11:09:13,844
GEOR20066,Pako Forever,5463,02/26/2024, 12:20:50,844
GEOR20066,Pako Forever,5463,02/26/2024, 13:12:28,844
GEOR20066,Pako Forever,5463,02/26/2024, 14:12:15,844
GEOR20066,Pako Forever,5463,02/26/2024, 15:12:39,844
GEOR20066,Pako Forever,5465,02/26/2024, 16:14:36,844
GEOR20066,Pako Forever,5465,02/26/2024, 17:11:22,844
GEOR20066,Pako Forever,5465,02/26/2024, 18:14:23,844
GEOR20066,Pako Forever,5465,02/26/2024, 19:09:55,844
GEOR20066,Pako Forever,5465,02/26/2024, 20:13:14,844
GEOR20066,Pako Forever,5466,02/26/2024, 21:12:09,844
GEOR20066,Pako Forever,5467,02/26/2024, 22:11:59,844
GEOR20066,Pako Forever,5467,02/26/2024, 23:12:23,844
GEOR20066,Pako Forever,5467,02/27/2024, 00:48:53,844
GEOR20066,Pako Forever,5468,02/27/2024, 01:42:12,844
GEOR20066,Pako Forever,5468,02/27/2024, 02:16:33,844
GEOR20066,Pako Forever,5469,02/27/2024, 03:13:19,844
GEOR20066,Pako Forever,5469,02/27/2024, 04:14:29,844
GEOR20066,Pako Forever,5470,02/27/2024, 05:12:26,844
GEOR20066,Pako Forever,5471,02/27/2024, 06:14:37,844
GEOR20066,Pako Forever,5471,02/27/2024, 07:12:58,844
GEOR20066,Pako Forever,5471,02/27/2024, 08:14:29,844
GEOR20066,Pako Forever,5471,02/27/2024, 09:11:39,844
GEOR20066,Pako Forever,5471,02/27/2024, 10:13:50,844
GEOR20066,Pako Forever,5471,02/27/2024, 11:10:06,844
GEOR20066,Pako Forever,5471,02/27/2024, 12:19:25,844
GEOR20066,Pako Forever,5471,02/27/2024, 13:12:19,844
GEOR20066,Pako Forever,5471,02/27/2024, 14:10:59,844
GEOR20066,Pako Forever,5471,02/27/2024, 15:12:10,844
GEOR20066,Pako Forever,5472,02/27/2024, 16:15:00,844
GEOR20066,Pako Forever,5472,02/27/2024, 17:12:29,844
GEOR20066,Pako Forever,5472,02/27/2024, 18:14:40,844
GEOR20066,Pako Forever,5472,02/27/2024, 19:10:02,844
GEOR20066,Pako Forever,5472,02/27/2024, 20:12:28,844
GEOR20066,Pako Forever,5472,02/27/2024, 21:10:08,844
GEOR20066,Pako Forever,5472,02/27/2024, 22:12:33,844
GEOR20066,Pako Forever,5473,02/27/2024, 23:11:10,844
GEOR20066,Pako Forever,5473,02/28/2024, 00:48:39,844
GEOR20066,Pako Forever,5473,02/28/2024, 01:44:14,844
GEOR20066,Pako Forever,5473,02/28/2024, 02:18:17,844
GEOR20066,Pako Forever,5473,02/28/2024, 03:12:35,844
GEOR20066,Pako Forever,5474,02/28/2024, 04:14:25,844
GEOR20066,Pako Forever,5474,02/28/2024, 05:12:14,844
GEOR20066,Pako Forever,5474,02/28/2024, 06:14:50,844
GEOR20066,Pako Forever,5475,02/28/2024, 07:11:15,844
GEOR20066,Pako Forever,5475,02/28/2024, 08:14:55,844
GEOR20066,Pako Forever,5475,02/28/2024, 09:12:03,844
GEOR20066,Pako Forever,5475,02/28/2024, 10:13:38,844
GEOR20066,Pako Forever,5475,02/28/2024, 11:11:16,844
GEOR20066,Pako Forever,5475,02/28/2024, 12:19:42,844
GEOR20066,Pako Forever,5475,02/28/2024, 13:12:30,844
GEOR20066,Pako Forever,5475,02/28/2024, 14:10:40,844
GEOR20066,Pako Forever,5475,02/28/2024, 15:12:03,844
GEOR20066,Pako Forever,5475,02/28/2024, 16:14:39,844
GEOR20066,Pako Forever,5475,02/28/2024, 17:11:24,844
GEOR20066,Pako Forever,5475,02/28/2024, 18:14:24,844
GEOR20066,Pako Forever,5477,02/28/2024, 20:12:50,844
GEOR20066,Pako Forever,5477,02/28/2024, 21:11:01,844
GEOR20066,Pako Forever,5477,02/28/2024, 22:10:41,844
GEOR20066,Pako Forever,5477,02/28/2024, 23:13:27,844
GEOR20066,Pako Forever,5478,02/29/2024, 00:48:58,844
GEOR20066,Pako Forever,5478,02/29/2024, 01:42:22,844
GEOR20066,Pako Forever,5478,02/29/2024, 02:16:44,844
GEOR20066,Pako Forever,5479,02/29/2024, 03:13:10,844
GEOR20066,Pako Forever,5479,02/29/2024, 04:13:59,844
GEOR20066,Pako Forever,5479,02/29/2024, 05:13:25,844
GEOR20066,Pako Forever,5480,02/29/2024, 06:15:07,844
GEOR20066,Pako Forever,5480,02/29/2024, 07:12:36,844
GEOR20066,Pako Forever,5480,02/29/2024, 08:14:26,844
GEOR20066,Pako Forever,5480,02/29/2024, 09:12:47,844
GEOR20066,Pako Forever,5480,02/29/2024, 10:13:35,844
GEOR20066,Pako Forever,5480,02/29/2024, 11:11:06,844
GEOR20066,Pako Forever,5480,02/29/2024, 12:20:42,844
GEOR20066,Pako Forever,5480,02/29/2024, 13:12:55,844
GEOR20066,Pako Forever,5480,02/29/2024, 14:14:11,844
GEOR20066,Pako Forever,5480,02/29/2024, 15:12:06,844
GEOR20066,Pako Forever,5480,02/29/2024, 16:13:55,844
GEOR20066,Pako Forever,5480,02/29/2024, 17:10:45,844
GEOR20066,Pako Forever,5481,02/29/2024, 18:15:36,844
GEOR20066,Pako Forever,5481,02/29/2024, 19:09:29,844
GEOR20066,Pako Forever,5481,02/29/2024, 20:13:50,844
GEOR20066,Pako Forever,5481,02/29/2024, 21:13:11,844
GEOR20066,Pako Forever,5481,02/29/2024, 22:10:55,844
GEOR20066,Pako Forever,5481,02/29/2024, 23:12:10,844
GEOR20066,Pako Forever,5481,03/01/2024, 00:54:26,844
GEOR20066,Pako Forever,5481,03/01/2024, 01:52:50,844
GEOR20066,Pako Forever,5481,03/01/2024, 02:22:27,844
GEOR20066,Pako Forever,5481,03/01/2024, 03:15:28,844
GEOR20066,Pako Forever,5481,03/01/2024, 04:15:00,844
GEOR20066,Pako Forever,5481,03/01/2024, 05:12:21,844
GEOR20066,Pako Forever,5482,03/01/2024, 06:15:37,844
GEOR20066,Pako Forever,5482,03/01/2024, 07:11:25,844
GEOR20066,Pako Forever,5483,03/01/2024, 08:14:24,844
GEOR20066,Pako Forever,5483,03/01/2024, 09:14:02,844
GEOR20066,Pako Forever,5483,03/01/2024, 10:12:36,844
GEOR20066,Pako Forever,5483,03/01/2024, 11:10:13,844
GEOR20066,Pako Forever,5483,03/01/2024, 12:20:05,844
GEOR20066,Pako Forever,5483,03/01/2024, 13:12:08,844
GEOR20066,Pako Forever,5484,03/01/2024, 14:11:06,844
GEOR20066,Pako Forever,5485,03/01/2024, 15:12:32,844
GEOR20066,Pako Forever,5485,03/01/2024, 16:13:41,844
GEOR20066,Pako Forever,5485,03/01/2024, 17:14:55,844
GEOR20066,Pako Forever,5485,03/01/2024, 18:15:49,844
GEOR20066,Pako Forever,5486,03/01/2024, 19:10:37,844
GEOR20066,Pako Forever,5486,03/01/2024, 20:13:00,844
GEOR20066,Pako Forever,5486,03/01/2024, 21:12:07,844
GEOR20066,Pako Forever,5486,03/01/2024, 22:10:59,844
GEOR20066,Pako Forever,5486,03/01/2024, 23:10:52,844
GEOR20066,Pako Forever,5486,03/02/2024, 00:48:09,844
GEOR20066,Pako Forever,5486,03/02/2024, 01:41:23,844
GEOR20066,Pako Forever,5486,03/02/2024, 02:15:47,844
GEOR20066,Pako Forever,5486,03/02/2024, 03:12:02,844
GEOR20066,Pako Forever,5486,03/02/2024, 04:13:39,844
GEOR20066,Pako Forever,5486,03/02/2024, 05:11:34,844
GEOR20066,Pako Forever,5486,03/02/2024, 06:15:34,844
GEOR20066,Pako Forever,5486,03/02/2024, 07:10:18,844
GEOR20066,Pako Forever,5486,03/02/2024, 08:13:14,844
GEOR20066,Pako Forever,5486,03/02/2024, 09:10:55,844
GEOR20066,Pako Forever,5486,03/02/2024, 10:11:12,844
GEOR20066,Pako Forever,5486,03/02/2024, 11:10:27,844
GEOR20066,Pako Forever,5486,03/02/2024, 12:18:33,844
GEOR20066,Pako Forever,5486,03/02/2024, 13:11:27,844
GEOR20066,Pako Forever,5486,03/02/2024, 14:10:34,844
GEOR20066,Pako Forever,5486,03/02/2024, 15:11:09,844
GEOR20066,Pako Forever,5486,03/02/2024, 16:13:48,844
GEOR20066,Pako Forever,5487,03/02/2024, 17:09:30,844
GEOR20066,Pako Forever,5487,03/02/2024, 18:14:21,844
GEOR20066,Pako Forever,5487,03/02/2024, 19:09:08,844
GEOR20066,Pako Forever,5488,03/02/2024, 20:10:50,844
GEOR20066,Pako Forever,5488,03/02/2024, 21:09:45,844
GEOR20066,Pako Forever,5488,03/02/2024, 22:11:19,844
GEOR20066,Pako Forever,5488,03/02/2024, 23:11:45,844
GEOR20066,Pako Forever,5488,03/03/2024, 00:52:30,844
GEOR20066,Pako Forever,5488,03/03/2024, 01:46:16,844
GEOR20066,Pako Forever,5488,03/03/2024, 02:19:34,844
GEOR20066,Pako Forever,5488,03/03/2024, 03:12:09,844
GEOR20066,Pako Forever,5489,03/03/2024, 04:14:52,844
GEOR20066,Pako Forever,5489,03/03/2024, 05:11:31,844
GEOR20066,Pako Forever,5489,03/03/2024, 06:14:30,844
GEOR20066,Pako Forever,5489,03/03/2024, 07:10:05,844
GEOR20066,Pako Forever,5490,03/03/2024, 08:14:46,844
GEOR20066,Pako Forever,5490,03/03/2024, 09:11:56,844
GEOR20066,Pako Forever,5490,03/03/2024, 10:13:47,844
GEOR20066,Pako Forever,5490,03/03/2024, 11:08:56,844
GEOR20066,Pako Forever,5490,03/03/2024, 12:19:03,844
GEOR20066,Pako Forever,5490,03/03/2024, 13:11:56,844
GEOR20066,Pako Forever,5490,03/03/2024, 14:10:56,844
GEOR20066,Pako Forever,5490,03/03/2024, 15:10:41,844
GEOR20066,Pako Forever,5490,03/03/2024, 16:12:41,844
GEOR20066,Pako Forever,5490,03/03/2024, 17:09:43,844
GEOR20066,Pako Forever,5491,03/03/2024, 18:13:21,844
GEOR20066,Pako Forever,5492,03/03/2024, 19:08:45,844
GEOR20066,Pako Forever,5492,03/03/2024, 20:12:19,844
GEOR20066,Pako Forever,5492,03/03/2024, 21:10:46,844
GEOR20066,Pako Forever,5492,03/03/2024, 22:10:17,844
GEOR20066,Pako Forever,5492,03/03/2024, 23:10:46,844
GEOR20066,Pako Forever,5492,03/04/2024, 00:50:47,844
GEOR20066,Pako Forever,5492,03/04/2024, 02:00:41,844
GEOR20066,Pako Forever,5492,03/04/2024, 03:04:12,844
GEOR20066,Pako Forever,5493,03/04/2024, 04:41:26,844
GEOR20066,Pako Forever,5493,03/04/2024, 05:45:52,844
GEOR20066,Pako Forever,5493,03/04/2024, 06:59:56,844
GEOR20066,Pako Forever,5493,03/04/2024, 07:58:24,844
GEOR20066,Pako Forever,5493,03/04/2024, 10:07:39,844
GEOR20066,Pako Forever,5493,03/04/2024, 11:59:10,844
GEOR20066,Pako Forever,5494,03/04/2024, 12:31:49,844
GEOR20066,Pako Forever,5494,03/04/2024, 13:15:10,844
GEOR20066,Pako Forever,5494,03/04/2024, 14:11:24,844
GEOR20066,Pako Forever,5495,03/04/2024, 15:13:06,844
GEOR20066,Pako Forever,5495,03/04/2024, 16:15:21,844
GEOR20066,Pako Forever,5495,03/04/2024, 17:12:51,844
GEOR20066,Pako Forever,5495,03/04/2024, 18:14:38,844
GEOR20066,Pako Forever,5496,03/04/2024, 19:10:21,844
GEOR20066,Pako Forever,5497,03/04/2024, 20:12:01,844
GEOR20066,Pako Forever,5497,03/04/2024, 21:11:29,844
GEOR20066,Pako Forever,5497,03/04/2024, 22:10:32,844
GEOR20066,Pako Forever,5497,03/04/2024, 23:12:41,844
GEOR20066,Pako Forever,5497,03/05/2024, 00:49:25,844
GEOR20066,Pako Forever,5497,03/05/2024, 01:43:16,844
GEOR20066,Pako Forever,5497,03/05/2024, 02:17:17,844
GEOR20066,Pako Forever,5497,03/05/2024, 03:13:10,844
GEOR20066,Pako Forever,5497,03/05/2024, 05:11:35,844
GEOR20066,Pako Forever,5497,03/05/2024, 06:14:51,844
GEOR20066,Pako Forever,5497,03/05/2024, 07:11:15,844
GEOR20066,Pako Forever,5497,03/05/2024, 08:15:27,844
GEOR20066,Pako Forever,5497,03/05/2024, 09:12:03,844
GEOR20066,Pako Forever,5498,03/05/2024, 10:13:28,844
GEOR20066,Pako Forever,5498,03/05/2024, 11:11:39,844
GEOR20066,Pako Forever,5498,03/05/2024, 12:20:18,844
GEOR20066,Pako Forever,5498,03/05/2024, 13:12:29,844
GEOR20066,Pako Forever,5498,03/05/2024, 14:11:29,844
GEOR20066,Pako Forever,5498,03/05/2024, 15:11:39,844
GEOR20066,Pako Forever,5498,03/05/2024, 16:14:00,844
GEOR20066,Pako Forever,5498,03/05/2024, 17:12:41,844
GEOR20066,Pako Forever,5498,03/05/2024, 18:14:15,844
GEOR20066,Pako Forever,5498,03/05/2024, 19:09:43,844
GEOR20066,Pako Forever,5499,03/05/2024, 20:12:09,844
GEOR20066,Pako Forever,5499,03/05/2024, 21:11:20,844
GEOR20066,Pako Forever,5499,03/05/2024, 22:10:41,844
GEOR20066,Pako Forever,5499,03/05/2024, 23:11:09,844
GEOR20066,Pako Forever,5499,03/06/2024, 00:49:41,844
GEOR20066,Pako Forever,5499,03/06/2024, 01:43:33,844
GEOR20066,Pako Forever,5499,03/06/2024, 02:17:22,844
GEOR20066,Pako Forever,5499,03/06/2024, 03:12:14,844
GEOR20066,Pako Forever,5499,03/06/2024, 04:13:36,844
GEOR20066,Pako Forever,5499,03/06/2024, 05:11:32,844
GEOR20066,Pako Forever,5499,03/06/2024, 06:16:05,844
GEOR20066,Pako Forever,5499,03/06/2024, 07:11:27,844
GEOR20066,Pako Forever,5500,03/06/2024, 08:15:50,844
GEOR20066,Pako Forever,5500,03/06/2024, 09:12:24,844
GEOR20066,Pako Forever,5500,03/06/2024, 10:12:35,844
GEOR20066,Pako Forever,5500,03/06/2024, 11:10:27,844
GEOR20066,Pako Forever,5500,03/06/2024, 12:22:00,844
GEOR20066,Pako Forever,5500,03/06/2024, 13:12:11,844
GEOR20066,Pako Forever,5500,03/06/2024, 14:11:01,844
GEOR20066,Pako Forever,5500,03/06/2024, 15:13:41,844
GEOR20066,Pako Forever,5500,03/06/2024, 16:14:13,844
GEOR20066,Pako Forever,5501,03/06/2024, 17:11:28,844
GEOR20066,Pako Forever,5501,03/06/2024, 18:15:13,844
GEOR20066,Pako Forever,5501,03/06/2024, 19:08:57,844
GEOR20066,Pako Forever,5501,03/06/2024, 20:12:04,844
GEOR20066,Pako Forever,5501,03/06/2024, 21:10:42,844
GEOR20066,Pako Forever,5501,03/06/2024, 22:12:11,844
GEOR20066,Pako Forever,5501,03/06/2024, 23:12:35,844
GEOR20066,Pako Forever,5501,03/07/2024, 00:40:11,844
GEOR20066,Pako Forever,5501,03/07/2024, 01:28:40,844
GEOR20066,Pako Forever,5501,03/07/2024, 02:11:09,844
GEOR20066,Pako Forever,5501,03/07/2024, 03:11:19,844
GEOR20066,Pako Forever,5501,03/07/2024, 04:13:54,844
GEOR20066,Pako Forever,5501,03/07/2024, 05:10:32,844
GEOR20066,Pako Forever,5502,03/07/2024, 06:15:39,844
GEOR20066,Pako Forever,5502,03/07/2024, 07:10:15,844
GEOR20066,Pako Forever,5502,03/07/2024, 08:12:09,844
GEOR20066,Pako Forever,5502,03/07/2024, 09:10:27,844
GEOR20066,Pako Forever,5502,03/07/2024, 10:12:03,844
GEOR20066,Pako Forever,5502,03/07/2024, 11:10:27,844
GEOR20066,Pako Forever,5502,03/07/2024, 12:20:01,844
GEOR20066,Pako Forever,5502,03/07/2024, 13:12:18,844
GEOR20066,Pako Forever,5502,03/07/2024, 14:12:01,844
GEOR20066,Pako Forever,5502,03/07/2024, 15:11:52,844
GEOR20066,Pako Forever,5502,03/07/2024, 16:14:03,844
GEOR20066,Pako Forever,5502,03/07/2024, 17:11:56,844
GEOR20066,Pako Forever,5502,03/07/2024, 18:14:29,844
GEOR20066,Pako Forever,5503,03/07/2024, 19:09:23,844
GEOR20066,Pako Forever,5504,03/07/2024, 20:11:50,844
GEOR20066,Pako Forever,5504,03/07/2024, 21:11:26,844
GEOR20066,Pako Forever,5505,03/07/2024, 22:11:17,844
GEOR20066,Pako Forever,5505,03/07/2024, 23:13:15,844
GEOR20066,Pako Forever,5507,03/08/2024, 00:49:27,844
GEOR20066,Pako Forever,5507,03/08/2024, 01:43:09,844
GEOR20066,Pako Forever,5507,03/08/2024, 02:18:56,844
GEOR20066,Pako Forever,5507,03/08/2024, 03:12:15,844
GEOR20066,Pako Forever,5507,03/08/2024, 04:14:27,844
GEOR20066,Pako Forever,5507,03/08/2024, 05:12:45,844
GEOR20066,Pako Forever,5507,03/08/2024, 06:14:49,844
GEOR20066,Pako Forever,5507,03/08/2024, 07:13:29,844
GEOR20066,Pako Forever,5507,03/08/2024, 08:13:59,844
GEOR20066,Pako Forever,5507,03/08/2024, 09:12:02,844
GEOR20066,Pako Forever,5507,03/08/2024, 10:14:28,844
GEOR20066,Pako Forever,5507,03/08/2024, 11:09:37,844
GEOR20066,Pako Forever,5507,03/08/2024, 12:20:44,844
GEOR20066,Pako Forever,5507,03/08/2024, 13:12:36,844
GEOR20066,Pako Forever,5508,03/08/2024, 14:11:52,844
GEOR20066,Pako Forever,5509,03/08/2024, 15:12:33,844
GEOR20066,Pako Forever,5509,03/08/2024, 16:13:02,844
GEOR20066,Pako Forever,5509,03/08/2024, 17:10:42,844
GEOR20066,Pako Forever,5509,03/08/2024, 18:14:28,844
GEOR20066,Pako Forever,5509,03/08/2024, 19:10:38,844
GEOR20066,Pako Forever,5510,03/08/2024, 20:11:27,844
GEOR20066,Pako Forever,5510,03/08/2024, 21:11:08,844
GEOR20066,Pako Forever,5510,03/08/2024, 22:12:40,844
GEOR20066,Pako Forever,5510,03/08/2024, 23:13:31,844
GEOR20066,Pako Forever,5511,03/09/2024, 00:47:23,844
GEOR20066,Pako Forever,5511,03/09/2024, 01:39:14,844
GEOR20066,Pako Forever,5511,03/09/2024, 02:14:43,844
GEOR20066,Pako Forever,5511,03/09/2024, 03:14:59,844
GEOR20066,Pako Forever,5511,03/09/2024, 04:13:06,844
GEOR20066,Pako Forever,5511,03/09/2024, 05:13:12,844
GEOR20066,Pako Forever,5511,03/09/2024, 06:16:09,844
GEOR20066,Pako Forever,5511,03/09/2024, 07:10:25,844
GEOR20066,Pako Forever,5512,03/09/2024, 08:13:21,844
GEOR20066,Pako Forever,5512,03/09/2024, 09:13:26,844
GEOR20066,Pako Forever,5512,03/09/2024, 10:12:49,844
GEOR20066,Pako Forever,5512,03/09/2024, 11:12:01,844
GEOR20066,Pako Forever,5513,03/09/2024, 12:18:00,844
GEOR20066,Pako Forever,5513,03/09/2024, 13:11:19,844
GEOR20066,Pako Forever,5513,03/09/2024, 14:12:54,844
GEOR20066,Pako Forever,5513,03/09/2024, 15:10:29,844
GEOR20066,Pako Forever,5513,03/09/2024, 16:13:27,844
GEOR20066,Pako Forever,5513,03/09/2024, 17:10:37,844
GEOR20066,Pako Forever,5513,03/09/2024, 18:13:33,844
GEOR20066,Pako Forever,5513,03/09/2024, 19:08:49,844
GEOR20066,Pako Forever,5513,03/09/2024, 20:11:03,844
GEOR20066,Pako Forever,5513,03/09/2024, 21:11:38,844
GEOR20066,Pako Forever,5513,03/09/2024, 22:12:02,844
GEOR20066,Pako Forever,5513,03/09/2024, 23:12:07,844
GEOR20066,Pako Forever,5513,03/10/2024, 00:53:24,844
GEOR20066,Pako Forever,5514,03/10/2024, 01:51:05,844
GEOR20066,Pako Forever,5514,03/10/2024, 02:22:15,844
GEOR20066,Pako Forever,5515,03/10/2024, 03:12:47,844
GEOR20066,Pako Forever,5515,03/10/2024, 04:13:12,844
GEOR20066,Pako Forever,5515,03/10/2024, 05:11:14,844
GEOR20066,Pako Forever,5517,03/10/2024, 06:13:52,844
GEOR20066,Pako Forever,5517,03/10/2024, 07:11:06,844
GEOR20066,Pako Forever,5517,03/10/2024, 08:13:50,844
GEOR20066,Pako Forever,5517,03/10/2024, 09:11:36,844
GEOR20066,Pako Forever,5517,03/10/2024, 10:10:52,844
GEOR20066,Pako Forever,5517,03/10/2024, 11:10:15,844
GEOR20066,Pako Forever,5517,03/10/2024, 12:18:06,844
GEOR20066,Pako Forever,5517,03/10/2024, 13:12:27,844
GEOR20066,Pako Forever,5518,03/10/2024, 14:11:02,844
GEOR20066,Pako Forever,5518,03/10/2024, 15:10:30,844
GEOR20066,Pako Forever,5518,03/10/2024, 16:13:44,844
GEOR20066,Pako Forever,5518,03/10/2024, 17:11:25,844
GEOR20066,Pako Forever,5518,03/10/2024, 18:12:47,844
GEOR20066,Pako Forever,5518,03/10/2024, 19:08:56,844
GEOR20066,Pako Forever,5520,03/10/2024, 20:12:39,844
GEOR20066,Pako Forever,5520,03/10/2024, 21:09:42,844
GEOR20066,Pako Forever,5521,03/10/2024, 22:11:52,844
GEOR20066,Pako Forever,5521,03/10/2024, 23:11:53,844
GEOR20066,Pako Forever,5523,03/11/2024, 00:50:56,844
GEOR20066,Pako Forever,5524,03/11/2024, 01:44:08,844
GEOR20066,Pako Forever,5524,03/11/2024, 02:19:18,844
GEOR20066,Pako Forever,5525,03/11/2024, 03:14:26,844
GEOR20066,Pako Forever,5526,03/11/2024, 04:14:48,844
GEOR20066,Pako Forever,5526,03/11/2024, 05:12:41,844
GEOR20066,Pako Forever,5526,03/11/2024, 06:14:57,844
GEOR20066,Pako Forever,5526,03/11/2024, 07:12:14,844
GEOR20066,Pako Forever,5526,03/11/2024, 08:15:11,844
GEOR20066,Pako Forever,5526,03/11/2024, 09:13:21,844
GEOR20066,Pako Forever,5526,03/11/2024, 10:14:18,844
GEOR20066,Pako Forever,5526,03/11/2024, 11:11:54,844
GEOR20066,Pako Forever,5526,03/11/2024, 12:20:47,844
GEOR20066,Pako Forever,5526,03/11/2024, 13:12:48,844
GEOR20066,Pako Forever,5527,03/11/2024, 14:11:19,844
GEOR20066,Pako Forever,5527,03/11/2024, 15:12:45,844
GEOR20066,Pako Forever,5527,03/11/2024, 16:14:32,844
GEOR20066,Pako Forever,5527,03/11/2024, 17:11:46,844
GEOR20066,Pako Forever,5527,03/11/2024, 18:14:40,844
GEOR20066,Pako Forever,5527,03/11/2024, 19:10:37,844
GEOR20066,Pako Forever,5527,03/11/2024, 20:13:36,844
GEOR20066,Pako Forever,5527,03/11/2024, 21:13:05,844
GEOR20066,Pako Forever,5527,03/11/2024, 22:11:01,844
GEOR20066,Pako Forever,5527,03/11/2024, 23:12:40,844
GEOR20066,Pako Forever,5529,03/12/2024, 00:49:02,844
GEOR20066,Pako Forever,5530,03/12/2024, 01:43:04,844
GEOR20066,Pako Forever,5530,03/12/2024, 02:17:03,844
GEOR20066,Pako Forever,5531,03/12/2024, 03:15:07,844
GEOR20066,Pako Forever,5531,03/12/2024, 04:15:48,844
GEOR20066,Pako Forever,5531,03/12/2024, 05:13:02,844
GEOR20066,Pako Forever,5531,03/12/2024, 06:14:58,844
GEOR20066,Pako Forever,5531,03/12/2024, 07:11:35,844
GEOR20066,Pako Forever,5531,03/12/2024, 08:14:32,844
GEOR20066,Pako Forever,5531,03/12/2024, 09:14:12,844
GEOR20066,Pako Forever,5531,03/12/2024, 10:12:14,844
GEOR20066,Pako Forever,5531,03/12/2024, 11:10:05,844
GEOR20066,Pako Forever,5532,03/12/2024, 12:19:52,844
GEOR20066,Pako Forever,5532,03/12/2024, 13:12:51,844
GEOR20066,Pako Forever,5532,03/12/2024, 14:11:14,844
GEOR20066,Pako Forever,5532,03/12/2024, 15:12:01,844
GEOR20066,Pako Forever,5532,03/12/2024, 16:15:04,844
GEOR20066,Pako Forever,5532,03/12/2024, 17:11:30,844
GEOR20066,Pako Forever,5533,03/12/2024, 18:14:18,844
GEOR20066,Pako Forever,5533,03/12/2024, 19:12:10,844
GEOR20066,Pako Forever,5533,03/12/2024, 20:12:25,844
GEOR20066,Pako Forever,5533,03/12/2024, 21:11:38,844
GEOR20066,Pako Forever,5533,03/12/2024, 22:10:58,844
GEOR20066,Pako Forever,5533,03/12/2024, 23:12:23,844
GEOR20066,Pako Forever,5533,03/13/2024, 00:50:33,844
GEOR20066,Pako Forever,5533,03/13/2024, 01:47:25,844
GEOR20066,Pako Forever,5533,03/13/2024, 02:19:46,844
GEOR20066,Pako Forever,5533,03/13/2024, 03:13:55,844
GEOR20066,Pako Forever,5533,03/13/2024, 04:13:40,844
GEOR20066,Pako Forever,5533,03/13/2024, 05:13:06,844
GEOR20066,Pako Forever,5533,03/13/2024, 06:15:33,844
GEOR20066,Pako Forever,5533,03/13/2024, 07:11:17,844
GEOR20066,Pako Forever,5533,03/13/2024, 08:14:14,844
GEOR20066,Pako Forever,5533,03/13/2024, 09:12:52,844
GEOR20066,Pako Forever,5533,03/13/2024, 10:12:39,844
GEOR20066,Pako Forever,5533,03/13/2024, 11:12:56,844
GEOR20066,Pako Forever,5533,03/13/2024, 15:12:37,844
GEOR20066,Pako Forever,5533,03/13/2024, 16:14:04,844
GEOR20066,Pako Forever,5533,03/13/2024, 17:11:59,844
GEOR20066,Pako Forever,5533,03/13/2024, 18:14:08,844
GEOR20066,Pako Forever,5533,03/13/2024, 19:10:31,844
GEOR20066,Pako Forever,5533,03/13/2024, 20:11:59,844
GEOR20066,Pako Forever,5533,03/13/2024, 21:12:32,844
GEOR20066,Pako Forever,5534,03/13/2024, 22:11:24,844
GEOR20066,Pako Forever,5534,03/13/2024, 23:11:51,844
GEOR20066,Pako Forever,5534,03/14/2024, 00:49:37,844
GEOR20066,Pako Forever,5534,03/14/2024, 01:43:37,844
GEOR20066,Pako Forever,5534,03/14/2024, 02:17:21,844
GEOR20066,Pako Forever,5534,03/14/2024, 03:13:09,844
GEOR20066,Pako Forever,5534,03/14/2024, 04:13:45,844
GEOR20066,Pako Forever,5534,03/14/2024, 05:11:25,844
GEOR20066,Pako Forever,5534,03/14/2024, 06:14:53,844
GEOR20066,Pako Forever,5534,03/14/2024, 07:13:08,844
GEOR20066,Pako Forever,5534,03/14/2024, 08:14:54,844
GEOR20066,Pako Forever,5534,03/14/2024, 09:11:52,844
GEOR20066,Pako Forever,5534,03/14/2024, 10:12:57,844
GEOR20066,Pako Forever,5534,03/14/2024, 11:09:47,844
GEOR20066,Pako Forever,5534,03/14/2024, 12:21:09,844
GEOR20066,Pako Forever,5534,03/14/2024, 13:13:06,844
GEOR20066,Pako Forever,5534,03/14/2024, 14:11:38,844
GEOR20066,Pako Forever,5534,03/14/2024, 15:12:00,844
GEOR20066,Pako Forever,5534,03/14/2024, 16:14:54,844
GEOR20066,Pako Forever,5534,03/14/2024, 17:10:58,844
GEOR20066,Pako Forever,5534,03/14/2024, 18:14:29,844
GEOR20066,Pako Forever,5534,03/14/2024, 19:09:37,844
GEOR20066,Pako Forever,5534,03/14/2024, 20:12:41,844
GEOR20066,Pako Forever,5534,03/14/2024, 21:11:14,844
GEOR20066,Pako Forever,5534,03/14/2024, 22:10:47,844
GEOR20066,Pako Forever,5534,03/14/2024, 23:11:28,844
GEOR20066,Pako Forever,5535,03/15/2024, 00:50:24,844
GEOR20066,Pako Forever,5535,03/15/2024, 01:45:23,844
GEOR20066,Pako Forever,5535,03/15/2024, 02:18:31,844
GEOR20066,Pako Forever,5535,03/15/2024, 03:13:37,844
GEOR20066,Pako Forever,5535,03/15/2024, 04:14:26,844
GEOR20066,Pako Forever,5535,03/15/2024, 05:12:34,844
GEOR20066,Pako Forever,5536,03/15/2024, 06:15:16,844
GEOR20066,Pako Forever,5536,03/15/2024, 07:11:34,844
GEOR20066,Pako Forever,5536,03/15/2024, 08:14:49,844
GEOR20066,Pako Forever,5536,03/15/2024, 09:11:56,844
GEOR20066,Pako Forever,5537,03/15/2024, 10:11:52,844
GEOR20066,Pako Forever,5537,03/15/2024, 11:09:59,844
GEOR20066,Pako Forever,5537,03/15/2024, 12:19:49,844
GEOR20066,Pako Forever,5537,03/15/2024, 13:13:14,844
GEOR20066,Pako Forever,5537,03/15/2024, 14:11:55,844
GEOR20066,Pako Forever,5537,03/15/2024, 15:11:53,844
GEOR20066,Pako Forever,5537,03/15/2024, 16:15:00,844
GEOR20066,Pako Forever,5537,03/15/2024, 17:11:13,844
GEOR20066,Pako Forever,5537,03/15/2024, 18:15:35,844
GEOR20066,Pako Forever,5537,03/15/2024, 19:10:15,844
GEOR20066,Pako Forever,5537,03/15/2024, 20:14:22,844
GEOR20066,Pako Forever,5538,03/15/2024, 21:10:05,844
GEOR20066,Pako Forever,5539,03/15/2024, 22:11:54,844
GEOR20066,Pako Forever,5539,03/15/2024, 23:12:10,844
GEOR20066,Pako Forever,5539,03/16/2024, 00:48:36,844
GEOR20066,Pako Forever,5539,03/16/2024, 01:41:35,844
GEOR20066,Pako Forever,5539,03/16/2024, 02:16:49,844
GEOR20066,Pako Forever,5539,03/16/2024, 03:12:55,844
GEOR20066,Pako Forever,5539,03/16/2024, 04:13:14,844
GEOR20066,Pako Forever,5539,03/16/2024, 05:12:45,844
GEOR20066,Pako Forever,5539,03/16/2024, 06:13:58,844
GEOR20066,Pako Forever,5540,03/16/2024, 07:11:10,844
GEOR20066,Pako Forever,5540,03/16/2024, 08:13:32,844
GEOR20066,Pako Forever,5540,03/16/2024, 09:11:05,844
GEOR20066,Pako Forever,5540,03/16/2024, 10:12:59,844
GEOR20066,Pako Forever,5540,03/16/2024, 11:09:19,844
GEOR20066,Pako Forever,5541,03/16/2024, 12:21:02,844
GEOR20066,Pako Forever,5541,03/16/2024, 13:12:49,844
GEOR20066,Pako Forever,5542,03/16/2024, 14:10:36,844
GEOR20066,Pako Forever,5542,03/16/2024, 15:10:36,844
GEOR20066,Pako Forever,5542,03/16/2024, 16:12:34,844
GEOR20066,Pako Forever,5542,03/16/2024, 17:10:58,844
GEOR20066,Pako Forever,5542,03/16/2024, 18:14:10,844
GEOR20066,Pako Forever,5542,03/16/2024, 19:09:47,844
GEOR20066,Pako Forever,5542,03/16/2024, 20:11:37,844
GEOR20066,Pako Forever,5542,03/16/2024, 21:11:30,844
GEOR20066,Pako Forever,5542,03/16/2024, 22:11:07,844
GEOR20066,Pako Forever,5542,03/16/2024, 23:12:45,844
GEOR20066,Pako Forever,5542,03/17/2024, 00:53:11,844
GEOR20066,Pako Forever,5542,03/17/2024, 01:49:52,844
GEOR20066,Pako Forever,5544,03/17/2024, 02:19:28,844
GEOR20066,Pako Forever,5544,03/17/2024, 03:12:03,844
GEOR20066,Pako Forever,5544,03/17/2024, 04:14:04,844
GEOR20066,Pako Forever,5544,03/17/2024, 05:12:45,844
GEOR20066,Pako Forever,5546,03/17/2024, 06:14:03,844
GEOR20066,Pako Forever,5546,03/17/2024, 07:10:13,844
GEOR20066,Pako Forever,5547,03/17/2024, 08:13:39,844
GEOR20066,Pako Forever,5547,03/17/2024, 09:10:40,844
GEOR20066,Pako Forever,5547,03/17/2024, 10:11:13,844
GEOR20066,Pako Forever,5547,03/17/2024, 11:11:50,844
GEOR20066,Pako Forever,5549,03/17/2024, 12:21:02,844
GEOR20066,Pako Forever,5549,03/17/2024, 13:14:10,844
GEOR20066,Pako Forever,5549,03/17/2024, 14:10:08,844
GEOR20066,Pako Forever,5549,03/17/2024, 15:12:21,844
GEOR20066,Pako Forever,5549,03/17/2024, 16:13:25,844
GEOR20066,Pako Forever,5549,03/17/2024, 17:09:57,844
GEOR20066,Pako Forever,5549,03/17/2024, 18:13:08,844
GEOR20066,Pako Forever,5550,03/17/2024, 19:09:33,844
GEOR20066,Pako Forever,5550,03/17/2024, 20:12:04,844
GEOR20066,Pako Forever,5550,03/17/2024, 21:12:09,844
GEOR20066,Pako Forever,5551,03/17/2024, 22:10:35,844
GEOR20066,Pako Forever,5551,03/17/2024, 23:14:03,844
GEOR20066,Pako Forever,5552,03/18/2024, 00:51:04,844
GEOR20066,Pako Forever,5552,03/18/2024, 01:46:46,844
GEOR20066,Pako Forever,5552,03/18/2024, 02:18:11,844
GEOR20066,Pako Forever,5552,03/18/2024, 03:13:18,844
GEOR20066,Pako Forever,5552,03/18/2024, 04:13:55,844
GEOR20066,Pako Forever,5552,03/18/2024, 05:13:23,844
GEOR20066,Pako Forever,5552,03/18/2024, 06:15:57,844
GEOR20066,Pako Forever,5552,03/18/2024, 07:12:14,844
GEOR20066,Pako Forever,5552,03/18/2024, 08:14:42,844
GEOR20066,Pako Forever,5553,03/18/2024, 09:13:06,844
GEOR20066,Pako Forever,5553,03/18/2024, 10:13:00,844
GEOR20066,Pako Forever,5553,03/18/2024, 11:10:59,844
GEOR20066,Pako Forever,5553,03/18/2024, 12:20:11,844
GEOR20066,Pako Forever,5553,03/18/2024, 13:13:39,844
GEOR20066,Pako Forever,5554,03/18/2024, 14:12:06,844
GEOR20066,Pako Forever,5554,03/18/2024, 15:12:00,844
GEOR20066,Pako Forever,5555,03/18/2024, 16:15:05,844
GEOR20066,Pako Forever,5555,03/18/2024, 17:12:20,844
GEOR20066,Pako Forever,5555,03/18/2024, 18:14:28,844
GEOR20066,Pako Forever,5555,03/18/2024, 19:10:23,844
GEOR20066,Pako Forever,5555,03/18/2024, 20:12:42,844
GEOR20066,Pako Forever,5555,03/18/2024, 21:12:25,844
GEOR20066,Pako Forever,5555,03/18/2024, 22:11:56,844
GEOR20066,Pako Forever,5555,03/18/2024, 23:12:33,844
GEOR20066,Pako Forever,5555,03/19/2024, 00:49:42,844
GEOR20066,Pako Forever,5555,03/19/2024, 01:44:03,844
GEOR20066,Pako Forever,5555,03/19/2024, 02:18:11,844
GEOR20066,Pako Forever,5555,03/19/2024, 03:13:05,844
GEOR20066,Pako Forever,5557,03/19/2024, 04:14:09,844
GEOR20066,Pako Forever,5557,03/19/2024, 05:12:19,844
GEOR20066,Pako Forever,5560,03/19/2024, 06:14:56,844
GEOR20066,Pako Forever,5560,03/19/2024, 07:12:07,844
GEOR20066,Pako Forever,5560,03/19/2024, 08:14:40,844
GEOR20066,Pako Forever,5560,03/19/2024, 09:11:53,844
GEOR20066,Pako Forever,5560,03/19/2024, 10:12:42,844
GEOR20066,Pako Forever,5560,03/19/2024, 11:10:57,844
GEOR20066,Pako Forever,5560,03/19/2024, 12:20:18,844
GEOR20066,Pako Forever,5560,03/19/2024, 13:14:13,844
GEOR20066,Pako Forever,5560,03/19/2024, 14:11:23,844
GEOR20066,Pako Forever,5560,03/19/2024, 15:13:06,844
GEOR20066,Pako Forever,5560,03/19/2024, 16:15:20,844
GEOR20066,Pako Forever,5560,03/19/2024, 17:11:31,844
GEOR20066,Pako Forever,5560,03/19/2024, 18:14:36,844
GEOR20066,Pako Forever,5560,03/19/2024, 19:10:47,844
GEOR20066,Pako Forever,5560,03/19/2024, 20:12:32,844
GEOR20066,Pako Forever,5560,03/19/2024, 21:10:05,844
GEOR20066,Pako Forever,5560,03/19/2024, 22:11:03,844
GEOR20066,Pako Forever,5560,03/19/2024, 23:12:04,844
GEOR20066,Pako Forever,5560,03/20/2024, 00:49:32,844
GEOR20066,Pako Forever,5560,03/20/2024, 01:43:34,844
GEOR20066,Pako Forever,5560,03/20/2024, 02:17:36,844
GEOR20066,Pako Forever,5560,03/20/2024, 03:13:29,844
GEOR20066,Pako Forever,5560,03/20/2024, 04:15:18,844
GEOR20066,Pako Forever,5560,03/20/2024, 05:12:15,844
GEOR20066,Pako Forever,5561,03/20/2024, 06:14:54,844
GEOR20066,Pako Forever,5562,03/20/2024, 07:12:51,844
GEOR20066,Pako Forever,5562,03/20/2024, 08:14:27,844
GEOR20066,Pako Forever,5562,03/20/2024, 09:12:50,844
GEOR20066,Pako Forever,5563,03/20/2024, 10:12:23,844
GEOR20066,Pako Forever,5563,03/20/2024, 11:10:25,844
GEOR20066,Pako Forever,5563,03/20/2024, 12:20:18,844
GEOR20066,Pako Forever,5563,03/20/2024, 13:14:42,844
GEOR20066,Pako Forever,5563,03/20/2024, 14:11:29,844
GEOR20066,Pako Forever,5563,03/20/2024, 15:13:15,844
GEOR20066,Pako Forever,5563,03/20/2024, 16:15:42,844
GEOR20066,Pako Forever,5563,03/20/2024, 17:09:41,844
GEOR20066,Pako Forever,5563,03/20/2024, 18:14:27,844
GEOR20066,Pako Forever,5563,03/20/2024, 19:09:54,844
GEOR20066,Pako Forever,5563,03/20/2024, 20:12:52,844
GEOR20066,Pako Forever,5563,03/20/2024, 21:11:47,844
GEOR20066,Pako Forever,5563,03/20/2024, 22:10:40,844
GEOR20066,Pako Forever,5563,03/20/2024, 23:13:15,844
GEOR20066,Pako Forever,5563,03/21/2024, 00:51:43,844
GEOR20066,Pako Forever,5564,03/21/2024, 01:45:23,844
GEOR20066,Pako Forever,5564,03/21/2024, 02:20:09,844
GEOR20066,Pako Forever,5564,03/21/2024, 03:14:03,844
GEOR20066,Pako Forever,5564,03/21/2024, 04:14:16,844
GEOR20066,Pako Forever,5564,03/21/2024, 05:11:39,844
GEOR20066,Pako Forever,5564,03/21/2024, 06:15:04,844
GEOR20066,Pako Forever,5564,03/21/2024, 07:11:41,844
GEOR20066,Pako Forever,5564,03/21/2024, 08:14:31,844
GEOR20066,Pako Forever,5565,03/21/2024, 09:11:51,844
GEOR20066,Pako Forever,5565,03/21/2024, 10:12:09,844
GEOR20066,Pako Forever,5565,03/21/2024, 11:11:00,844
GEOR20066,Pako Forever,5565,03/21/2024, 12:20:31,844
GEOR20066,Pako Forever,5565,03/21/2024, 13:13:55,844
GEOR20066,Pako Forever,5565,03/21/2024, 14:11:46,844
GEOR20066,Pako Forever,5565,03/21/2024, 15:13:11,844
GEOR20066,Pako Forever,5565,03/21/2024, 16:15:55,844
GEOR20066,Pako Forever,5565,03/21/2024, 17:11:04,844
GEOR20066,Pako Forever,5565,03/21/2024, 18:14:35,844
GEOR20066,Pako Forever,5565,03/21/2024, 19:11:10,844
GEOR20066,Pako Forever,5565,03/21/2024, 20:13:15,844
GEOR20066,Pako Forever,5565,03/21/2024, 21:12:21,844
GEOR20066,Pako Forever,5565,03/21/2024, 22:11:46,844
GEOR20066,Pako Forever,5565,03/21/2024, 23:12:53,844
GEOR20066,Pako Forever,5565,03/22/2024, 00:49:52,844
GEOR20066,Pako Forever,5565,03/22/2024, 01:43:15,844
GEOR20066,Pako Forever,5565,03/22/2024, 02:17:57,844
GEOR20066,Pako Forever,5565,03/22/2024, 03:12:55,844
GEOR20066,Pako Forever,5565,03/22/2024, 04:14:07,844
GEOR20066,Pako Forever,5565,03/22/2024, 05:12:31,844
GEOR20066,Pako Forever,5565,03/22/2024, 06:14:51,844
GEOR20066,Pako Forever,5565,03/22/2024, 07:12:07,844
GEOR20066,Pako Forever,5565,03/22/2024, 08:15:04,844
GEOR20066,Pako Forever,5565,03/22/2024, 09:13:34,844
GEOR20066,Pako Forever,5565,03/22/2024, 10:13:21,844
GEOR20066,Pako Forever,5565,03/22/2024, 11:10:44,844
GEOR20066,Pako Forever,5565,03/22/2024, 12:20:17,844
GEOR20066,Pako Forever,5565,03/22/2024, 13:12:12,844
GEOR20066,Pako Forever,5566,03/22/2024, 14:12:11,844
GEOR20066,Pako Forever,5566,03/22/2024, 15:12:14,844
GEOR20066,Pako Forever,5566,03/22/2024, 16:15:23,844
GEOR20066,Pako Forever,5566,03/22/2024, 17:10:26,844
GEOR20066,Pako Forever,5566,03/22/2024, 18:14:38,844
GEOR20066,Pako Forever,5566,03/22/2024, 19:10:46,844
GEOR20066,Pako Forever,5567,03/22/2024, 20:12:10,844
GEOR20066,Pako Forever,5568,03/22/2024, 21:11:20,844
GEOR20066,Pako Forever,5568,03/22/2024, 22:11:18,844
GEOR20066,Pako Forever,5568,03/22/2024, 23:11:04,844
GEOR20066,Pako Forever,5568,03/23/2024, 00:48:35,844
GEOR20066,Pako Forever,5568,03/23/2024, 01:41:38,844
GEOR20066,Pako Forever,5568,03/23/2024, 02:17:40,844
GEOR20066,Pako Forever,5568,03/23/2024, 03:13:53,844
GEOR20066,Pako Forever,5568,03/23/2024, 04:15:31,844
GEOR20066,Pako Forever,5568,03/23/2024, 05:11:57,844
GEOR20066,Pako Forever,5569,03/23/2024, 06:18:48,844
GEOR20066,Pako Forever,5569,03/23/2024, 07:12:03,844
GEOR20066,Pako Forever,5569,03/23/2024, 08:13:32,844
GEOR20066,Pako Forever,5569,03/23/2024, 09:11:53,844
GEOR20066,Pako Forever,5569,03/23/2024, 10:11:54,844
GEOR20066,Pako Forever,5569,03/23/2024, 11:09:19,844
GEOR20066,Pako Forever,5569,03/23/2024, 12:21:26,844
GEOR20066,Pako Forever,5569,03/23/2024, 13:11:18,844
GEOR20066,Pako Forever,5569,03/23/2024, 14:09:57,844
GEOR20066,Pako Forever,5569,03/23/2024, 15:13:17,844
GEOR20066,Pako Forever,5569,03/23/2024, 16:13:02,844
GEOR20066,Pako Forever,5569,03/23/2024, 17:11:01,844
GEOR20066,Pako Forever,5570,03/23/2024, 18:13:38,844
GEOR20066,Pako Forever,5570,03/23/2024, 19:09:12,844
GEOR20066,Pako Forever,5570,03/23/2024, 20:13:03,844
GEOR20066,Pako Forever,5570,03/23/2024, 21:10:00,844
GEOR20066,Pako Forever,5570,03/23/2024, 22:11:17,844
GEOR20066,Pako Forever,5571,03/23/2024, 23:11:06,844
GEOR20066,Pako Forever,5572,03/24/2024, 00:55:16,844
GEOR20066,Pako Forever,5572,03/24/2024, 01:53:42,844
GEOR20066,Pako Forever,5572,03/24/2024, 02:22:13,844
GEOR20066,Pako Forever,5572,03/24/2024, 03:12:15,844
GEOR20066,Pako Forever,5572,03/24/2024, 04:14:51,844
GEOR20066,Pako Forever,5572,03/24/2024, 05:11:36,844
GEOR20066,Pako Forever,5572,03/24/2024, 06:15:07,844
GEOR20066,Pako Forever,5572,03/24/2024, 07:10:15,844
GEOR20066,Pako Forever,5573,03/24/2024, 08:13:50,844
GEOR20066,Pako Forever,5573,03/24/2024, 09:12:50,844
GEOR20066,Pako Forever,5573,03/24/2024, 10:11:52,844
GEOR20066,Pako Forever,5573,03/24/2024, 11:09:16,844
GEOR20066,Pako Forever,5573,03/24/2024, 12:19:44,844
GEOR20066,Pako Forever,5574,03/24/2024, 13:12:47,844
GEOR20066,Pako Forever,5574,03/24/2024, 14:10:02,844
GEOR20066,Pako Forever,5574,03/24/2024, 15:10:59,844
GEOR20066,Pako Forever,5574,03/24/2024, 16:13:21,844
GEOR20066,Pako Forever,5575,03/24/2024, 17:10:52,844
GEOR20066,Pako Forever,5575,03/24/2024, 18:16:08,844
GEOR20066,Pako Forever,5575,03/24/2024, 19:11:10,844
GEOR20066,Pako Forever,5575,03/24/2024, 20:11:31,844
GEOR20066,Pako Forever,5575,03/24/2024, 21:09:59,844
GEOR20066,Pako Forever,5576,03/24/2024, 22:12:17,844
GEOR20066,Pako Forever,5576,03/24/2024, 23:13:16,844
GEOR20066,Pako Forever,5578,03/25/2024, 00:51:48,844
GEOR20066,Pako Forever,5578,03/25/2024, 01:48:33,844
GEOR20066,Pako Forever,5578,03/25/2024, 02:20:51,844
GEOR20066,Pako Forever,5578,03/25/2024, 03:14:37,844
GEOR20066,Pako Forever,5578,03/25/2024, 04:14:53,844
GEOR20066,Pako Forever,5578,03/25/2024, 05:13:03,844
GEOR20066,Pako Forever,5578,03/25/2024, 06:15:46,844
GEOR20066,Pako Forever,5579,03/25/2024, 07:11:46,844
GEOR20066,Pako Forever,5579,03/25/2024, 08:16:28,844
GEOR20066,Pako Forever,5579,03/25/2024, 09:12:05,844
GEOR20066,Pako Forever,5579,03/25/2024, 10:13:11,844
GEOR20066,Pako Forever,5579,03/25/2024, 11:11:31,844
GEOR20066,Pako Forever,5579,03/25/2024, 12:20:07,844
GEOR20066,Pako Forever,5579,03/25/2024, 13:13:08,844
GEOR20066,Pako Forever,5579,03/25/2024, 14:11:28,844
GEOR20066,Pako Forever,5579,03/25/2024, 15:13:12,844
GEOR20066,Pako Forever,5579,03/25/2024, 16:15:01,844
GEOR20066,Pako Forever,5579,03/25/2024, 17:11:44,844
GEOR20066,Pako Forever,5579,03/25/2024, 18:15:25,844
GEOR20066,Pako Forever,5579,03/25/2024, 19:10:27,844
GEOR20066,Pako Forever,5579,03/25/2024, 20:12:38,844
GEOR20066,Pako Forever,5579,03/25/2024, 21:11:10,844
GEOR20066,Pako Forever,5579,03/25/2024, 22:11:58,844
GEOR20066,Pako Forever,5579,03/25/2024, 23:12:22,844
GEOR20066,Pako Forever,5579,03/26/2024, 00:50:11,844
GEOR20066,Pako Forever,5579,03/26/2024, 01:44:09,844
GEOR20066,Pako Forever,5579,03/26/2024, 02:17:50,844
GEOR20066,Pako Forever,5579,03/26/2024, 03:12:22,844
GEOR20066,Pako Forever,5580,03/26/2024, 04:13:52,844
GEOR20066,Pako Forever,5581,03/26/2024, 05:11:45,844
GEOR20066,Pako Forever,5581,03/26/2024, 06:15:41,844
GEOR20066,Pako Forever,5581,03/26/2024, 07:10:57,844
GEOR20066,Pako Forever,5581,03/26/2024, 08:14:27,844
GEOR20066,Pako Forever,5581,03/26/2024, 09:12:43,844
GEOR20066,Pako Forever,5581,03/26/2024, 10:13:42,844
GEOR20066,Pako Forever,5581,03/26/2024, 11:11:17,844
GEOR20066,Pako Forever,5581,03/26/2024, 12:21:04,844
GEOR20066,Pako Forever,5581,03/26/2024, 13:12:53,844
GEOR20066,Pako Forever,5581,03/26/2024, 14:12:00,844
GEOR20066,Pako Forever,5581,03/26/2024, 15:11:56,844
GEOR20066,Pako Forever,5582,03/26/2024, 16:14:43,844
GEOR20066,Pako Forever,5582,03/26/2024, 17:10:59,844
GEOR20066,Pako Forever,5582,03/26/2024, 18:14:38,844
GEOR20066,Pako Forever,5583,03/26/2024, 19:10:33,844
GEOR20066,Pako Forever,5583,03/26/2024, 20:12:49,844
GEOR20066,Pako Forever,5583,03/26/2024, 21:12:00,844
GEOR20066,Pako Forever,5583,03/26/2024, 22:11:49,844
GEOR20066,Pako Forever,5584,03/26/2024, 23:13:12,844
GEOR20066,Pako Forever,5584,03/27/2024, 00:49:54,844
GEOR20066,Pako Forever,5584,03/27/2024, 01:44:33,844
GEOR20066,Pako Forever,5584,03/27/2024, 02:18:10,844
GEOR20066,Pako Forever,5586,03/27/2024, 03:13:48,844
GEOR20066,Pako Forever,5586,03/27/2024, 04:16:02,844
GEOR20066,Pako Forever,5586,03/27/2024, 05:13:06,844
GEOR20066,Pako Forever,5586,03/27/2024, 06:15:08,844
GEOR20066,Pako Forever,5586,03/27/2024, 07:11:21,844
GEOR20066,Pako Forever,5586,03/27/2024, 08:15:42,844
GEOR20066,Pako Forever,5586,03/27/2024, 09:13:47,844
GEOR20066,Pako Forever,5586,03/27/2024, 10:12:54,844
GEOR20066,Pako Forever,5586,03/27/2024, 11:10:13,844
GEOR20066,Pako Forever,5586,03/27/2024, 12:21:48,844
GEOR20066,Pako Forever,5586,03/27/2024, 13:12:29,844
GEOR20066,Pako Forever,5586,03/27/2024, 14:12:15,844
GEOR20066,Pako Forever,5586,03/27/2024, 15:13:14,844
GEOR20066,Pako Forever,5587,03/27/2024, 16:15:26,844
GEOR20066,Pako Forever,5588,03/27/2024, 17:10:27,844
GEOR20066,Pako Forever,5588,03/27/2024, 18:15:33,844
GEOR20066,Pako Forever,5588,03/27/2024, 19:09:56,844
GEOR20066,Pako Forever,5588,03/27/2024, 20:13:02,844
GEOR20066,Pako Forever,5589,03/27/2024, 21:10:37,844
GEOR20066,Pako Forever,5589,03/27/2024, 22:12:49,844
GEOR20066,Pako Forever,5589,03/27/2024, 23:11:32,844
GEOR20066,Pako Forever,5589,03/28/2024, 00:50:40,844
GEOR20066,Pako Forever,5589,03/28/2024, 01:44:32,844
GEOR20066,Pako Forever,5590,03/28/2024, 02:21:54,844
GEOR20066,Pako Forever,5590,03/28/2024, 03:12:28,844
GEOR20066,Pako Forever,5590,03/28/2024, 04:13:39,844
GEOR20066,Pako Forever,5590,03/28/2024, 05:13:42,844
GEOR20066,Pako Forever,5590,03/28/2024, 06:15:21,844
GEOR20066,Pako Forever,5590,03/28/2024, 07:11:05,844
GEOR20066,Pako Forever,5590,03/28/2024, 08:14:42,844
GEOR20066,Pako Forever,5590,03/28/2024, 09:12:54,844
GEOR20066,Pako Forever,5590,03/28/2024, 10:12:36,844
GEOR20066,Pako Forever,5590,03/28/2024, 11:10:53,844
GEOR20066,Pako Forever,5590,03/28/2024, 12:21:19,844
GEOR20066,Pako Forever,5590,03/28/2024, 13:12:50,844
GEOR20066,Pako Forever,5590,03/28/2024, 14:12:29,844
GEOR20066,Pako Forever,5590,03/28/2024, 15:13:03,844
GEOR20066,Pako Forever,5590,03/28/2024, 16:14:18,844
GEOR20066,Pako Forever,5590,03/28/2024, 17:12:38,844
GEOR20066,Pako Forever,5591,03/28/2024, 18:14:42,844
GEOR20066,Pako Forever,5591,03/28/2024, 19:09:06,844
GEOR20066,Pako Forever,5591,03/28/2024, 20:13:21,844
GEOR20066,Pako Forever,5592,03/28/2024, 21:11:55,844
GEOR20066,Pako Forever,5592,03/28/2024, 22:11:33,844
GEOR20066,Pako Forever,5592,03/28/2024, 23:12:13,844
GEOR20066,Pako Forever,5592,03/29/2024, 00:50:45,844
GEOR20066,Pako Forever,5592,03/29/2024, 01:44:02,844
GEOR20066,Pako Forever,5592,03/29/2024, 02:18:03,844
GEOR20066,Pako Forever,5592,03/29/2024, 03:12:29,844
GEOR20066,Pako Forever,5593,03/29/2024, 04:15:08,844
GEOR20066,Pako Forever,5593,03/29/2024, 05:12:34,844
GEOR20066,Pako Forever,5593,03/29/2024, 06:14:54,844
GEOR20066,Pako Forever,5593,03/29/2024, 07:12:51,844
GEOR20066,Pako Forever,5593,03/29/2024, 08:14:49,844
GEOR20066,Pako Forever,5593,03/29/2024, 09:11:35,844
GEOR20066,Pako Forever,5593,03/29/2024, 10:12:56,844
GEOR20066,Pako Forever,5593,03/29/2024, 11:11:48,844
GEOR20066,Pako Forever,5595,03/29/2024, 12:21:11,844
GEOR20066,Pako Forever,5595,03/29/2024, 13:12:43,844
GEOR20066,Pako Forever,5595,03/29/2024, 14:10:48,844
GEOR20066,Pako Forever,5595,03/29/2024, 15:11:51,844
GEOR20066,Pako Forever,5595,03/29/2024, 16:13:30,844
GEOR20066,Pako Forever,5596,03/29/2024, 17:11:09,844
GEOR20066,Pako Forever,5596,03/29/2024, 18:14:28,844
GEOR20066,Pako Forever,5596,03/29/2024, 19:10:20,844
GEOR20066,Pako Forever,5596,03/29/2024, 20:13:00,844
GEOR20066,Pako Forever,5596,03/29/2024, 21:11:18,844
GEOR20066,Pako Forever,5596,03/29/2024, 22:11:34,844
GEOR20066,Pako Forever,5596,03/29/2024, 23:11:24,844
GEOR20066,Pako Forever,5596,03/30/2024, 00:48:25,844
GEOR20066,Pako Forever,5596,03/30/2024, 01:41:05,844
GEOR20066,Pako Forever,5596,03/30/2024, 02:15:41,844
GEOR20066,Pako Forever,5597,03/30/2024, 03:15:45,844
GEOR20066,Pako Forever,5597,03/30/2024, 04:13:23,844
GEOR20066,Pako Forever,5597,03/30/2024, 05:12:33,844
GEOR20066,Pako Forever,5597,03/30/2024, 06:14:23,844
GEOR20066,Pako Forever,5597,03/30/2024, 07:11:34,844
GEOR20066,Pako Forever,5597,03/30/2024, 08:15:10,844
GEOR20066,Pako Forever,5597,03/30/2024, 09:10:45,844
GEOR20066,Pako Forever,5597,03/30/2024, 10:12:21,844
GEOR20066,Pako Forever,5597,03/30/2024, 11:10:35,844
GEOR20066,Pako Forever,5597,03/30/2024, 12:18:46,844
GEOR20066,Pako Forever,5597,03/30/2024, 13:13:29,844
GEOR20066,Pako Forever,5597,03/30/2024, 14:09:47,844
GEOR20066,Pako Forever,5597,03/30/2024, 15:12:32,844
GEOR20066,Pako Forever,5597,03/30/2024, 16:14:20,844
GEOR20066,Pako Forever,5597,03/30/2024, 17:09:39,844
GEOR20066,Pako Forever,5598,03/30/2024, 18:15:26,844
GEOR20066,Pako Forever,5598,03/30/2024, 19:10:06,844
GEOR20066,Pako Forever,5598,03/30/2024, 20:11:23,844
GEOR20066,Pako Forever,5598,03/30/2024, 21:10:12,844
GEOR20066,Pako Forever,5599,03/30/2024, 22:11:41,844
GEOR20066,Pako Forever,5599,03/30/2024, 23:10:50,844
GEOR20066,Pako Forever,5599,03/31/2024, 00:55:34,844
GEOR20066,Pako Forever,5600,03/31/2024, 01:53:37,844
GEOR20066,Pako Forever,5600,03/31/2024, 02:22:01,844
GEOR20066,Pako Forever,5600,03/31/2024, 03:13:05,844
GEOR20066,Pako Forever,5601,03/31/2024, 04:15:25,844
GEOR20066,Pako Forever,5601,03/31/2024, 05:11:55,844
GEOR20066,Pako Forever,5601,03/31/2024, 06:14:13,844
GEOR20066,Pako Forever,5601,03/31/2024, 07:11:47,844
GEOR20066,Pako Forever,5601,03/31/2024, 08:14:51,844
GEOR20066,Pako Forever,5601,03/31/2024, 09:11:51,844
GEOR20066,Pako Forever,5601,03/31/2024, 10:12:19,844
GEOR20066,Pako Forever,5601,03/31/2024, 11:10:24,844
GEOR20066,Pako Forever,5601,03/31/2024, 12:19:22,844
GEOR20066,Pako Forever,5601,03/31/2024, 13:13:23,844
GEOR20066,Pako Forever,5601,03/31/2024, 14:09:52,844
GEOR20066,Pako Forever,5601,03/31/2024, 15:10:57,844
GEOR20066,Pako Forever,5602,03/31/2024, 16:13:04,844
GEOR20066,Pako Forever,5602,03/31/2024, 17:11:00,844
GEOR20066,Pako Forever,5602,03/31/2024, 18:13:38,844
GEOR20066,Pako Forever,5602,03/31/2024, 19:10:20,844
GEOR20066,Pako Forever,5602,03/31/2024, 20:12:47,844
GEOR20066,Pako Forever,5602,03/31/2024, 21:10:08,844
GEOR20066,Pako Forever,5604,03/31/2024, 22:11:16,844
GEOR20066,Pako Forever,5605,03/31/2024, 23:11:27,844
GEOR20066,Pako Forever,5605,04/01/2024, 00:55:38,844
GEOR20066,Pako Forever,5605,04/01/2024, 01:57:48,844
GEOR20066,Pako Forever,5605,04/01/2024, 02:27:57,844
GEOR20066,Pako Forever,5605,04/01/2024, 03:12:58,844
GEOR20066,Pako Forever,5606,04/01/2024, 04:14:39,844
GEOR20066,Pako Forever,5606,04/01/2024, 05:12:48,844
GEOR20066,Pako Forever,5606,04/01/2024, 06:15:49,844
GEOR20066,Pako Forever,5606,04/01/2024, 07:11:30,844
GEOR20066,Pako Forever,5606,04/01/2024, 08:16:55,844
GEOR20066,Pako Forever,5606,04/01/2024, 09:13:57,844
GEOR20066,Pako Forever,5606,04/01/2024, 10:13:45,844
GEOR20066,Pako Forever,5607,04/01/2024, 11:12:07,844
GEOR20066,Pako Forever,5607,04/01/2024, 12:21:52,844
GEOR20066,Pako Forever,5607,04/01/2024, 13:12:34,844
GEOR20066,Pako Forever,5607,04/01/2024, 14:11:32,844
GEOR20066,Pako Forever,5607,04/01/2024, 15:12:11,844
GEOR20066,Pako Forever,5607,04/01/2024, 16:15:39,844
GEOR20066,Pako Forever,5607,04/01/2024, 17:13:07,844
GEOR20066,Pako Forever,5607,04/01/2024, 18:14:36,844
GEOR20066,Pako Forever,5608,04/01/2024, 19:09:38,844
GEOR20066,Pako Forever,5608,04/01/2024, 20:13:13,844
GEOR20066,Pako Forever,5609,04/01/2024, 21:11:32,844
GEOR20066,Pako Forever,5610,04/01/2024, 22:11:57,844
GEOR20066,Pako Forever,5610,04/01/2024, 23:13:33,844
GEOR20066,Pako Forever,5610,04/02/2024, 00:53:03,844
GEOR20066,Pako Forever,5610,04/02/2024, 01:52:40,844
GEOR20066,Pako Forever,5610,04/02/2024, 02:21:48,844
GEOR20066,Pako Forever,5610,04/02/2024, 03:14:37,844
GEOR20066,Pako Forever,5610,04/02/2024, 04:14:16,844
GEOR20066,Pako Forever,5610,04/02/2024, 05:11:22,844
GEOR20066,Pako Forever,5610,04/02/2024, 06:15:34,844
GEOR20066,Pako Forever,5610,04/02/2024, 07:13:42,844
GEOR20066,Pako Forever,5610,04/02/2024, 08:15:22,844
GEOR20066,Pako Forever,5610,04/02/2024, 09:12:57,844
GEOR20066,Pako Forever,5610,04/02/2024, 10:13:32,844
GEOR20066,Pako Forever,5610,04/02/2024, 11:10:56,844
GEOR20066,Pako Forever,5610,04/02/2024, 12:20:57,844
GEOR20066,Pako Forever,5610,04/02/2024, 13:13:02,844
GEOR20066,Pako Forever,5610,04/02/2024, 14:11:14,844
GEOR20066,Pako Forever,5610,04/02/2024, 15:11:46,844
GEOR20066,Pako Forever,5610,04/02/2024, 16:15:01,844
GEOR20066,Pako Forever,5610,04/02/2024, 17:13:17,844
GEOR20066,Pako Forever,5610,04/02/2024, 18:14:37,844
GEOR20066,Pako Forever,5610,04/02/2024, 19:10:07,844
GEOR20066,Pako Forever,5610,04/02/2024, 20:11:56,844
GEOR20066,Pako Forever,5610,04/02/2024, 21:11:06,844
GEOR20066,Pako Forever,5610,04/02/2024, 22:13:44,844
GEOR20066,Pako Forever,5610,04/02/2024, 23:13:15,844
GEOR20066,Pako Forever,5610,04/03/2024, 00:50:06,844
GEOR20066,Pako Forever,5610,04/03/2024, 01:46:30,844
GEOR20066,Pako Forever,5610,04/03/2024, 02:19:56,844
GEOR20066,Pako Forever,5610,04/03/2024, 03:13:43,844
GEOR20066,Pako Forever,5610,04/03/2024, 04:14:54,844
GEOR20066,Pako Forever,5610,04/03/2024, 05:12:27,844
GEOR20066,Pako Forever,5610,04/03/2024, 06:15:07,844
GEOR20066,Pako Forever,5610,04/03/2024, 07:11:40,844
GEOR20066,Pako Forever,5611,04/03/2024, 08:15:32,844
GEOR20066,Pako Forever,5611,04/03/2024, 09:12:44,844
GEOR20066,Pako Forever,5611,04/03/2024, 10:13:16,844
GEOR20066,Pako Forever,5611,04/03/2024, 11:10:21,844
GEOR20066,Pako Forever,5611,04/03/2024, 12:20:29,844
GEOR20066,Pako Forever,5611,04/03/2024, 13:14:22,844
GEOR20066,Pako Forever,5611,04/03/2024, 14:11:32,844
GEOR20066,Pako Forever,5611,04/03/2024, 15:11:58,844
GEOR20066,Pako Forever,5611,04/03/2024, 16:13:58,844
GEOR20066,Pako Forever,5611,04/03/2024, 17:10:53,844
GEOR20066,Pako Forever,5611,04/03/2024, 18:15:02,844
GEOR20066,Pako Forever,5611,04/03/2024, 19:11:42,844
GEOR20066,Pako Forever,5612,04/03/2024, 20:13:58,844
GEOR20066,Pako Forever,5612,04/03/2024, 21:11:44,844
GEOR20066,Pako Forever,5612,04/03/2024, 22:10:48,844
GEOR20066,Pako Forever,5612,04/03/2024, 23:11:44,844
GEOR20066,Pako Forever,5612,04/04/2024, 00:52:21,844
GEOR20066,Pako Forever,5612,04/04/2024, 01:48:26,844
GEOR20066,Pako Forever,5612,04/04/2024, 02:21:53,844
GEOR20066,Pako Forever,5612,04/04/2024, 03:14:19,844
GEOR20066,Pako Forever,5612,04/04/2024, 04:15:42,844
GEOR20066,Pako Forever,5613,04/04/2024, 05:14:17,844
GEOR20066,Pako Forever,5613,04/04/2024, 06:15:06,844
GEOR20066,Pako Forever,5613,04/04/2024, 07:11:47,844
GEOR20066,Pako Forever,5613,04/04/2024, 08:15:39,844
GEOR20066,Pako Forever,5613,04/04/2024, 09:12:27,844
GEOR20066,Pako Forever,5614,04/04/2024, 10:12:37,844
GEOR20066,Pako Forever,5614,04/04/2024, 11:10:04,844
GEOR20066,Pako Forever,5614,04/04/2024, 12:20:51,844
GEOR20066,Pako Forever,5614,04/04/2024, 13:12:33,844
GEOR20066,Pako Forever,5615,04/04/2024, 14:12:59,844
GEOR20066,Pako Forever,5615,04/04/2024, 15:12:17,844
GEOR20066,Pako Forever,5615,04/04/2024, 16:14:42,844
GEOR20066,Pako Forever,5615,04/04/2024, 17:10:27,844
GEOR20066,Pako Forever,5615,04/04/2024, 18:15:16,844
GEOR20066,Pako Forever,5615,04/04/2024, 19:11:01,844
GEOR20066,Pako Forever,5616,04/04/2024, 20:13:01,844
GEOR20066,Pako Forever,5616,04/04/2024, 21:11:01,844
GEOR20066,Pako Forever,5616,04/04/2024, 22:11:00,844
GEOR20066,Pako Forever,5616,04/04/2024, 23:12:39,844
GEOR20066,Pako Forever,5617,04/05/2024, 00:51:20,844
GEOR20066,Pako Forever,5617,04/05/2024, 01:45:48,844
GEOR20066,Pako Forever,5617,04/05/2024, 02:19:19,844
GEOR20066,Pako Forever,5617,04/05/2024, 03:14:11,844
GEOR20066,Pako Forever,5617,04/05/2024, 04:16:50,844
GEOR20066,Pako Forever,5617,04/05/2024, 05:11:48,844
GEOR20066,Pako Forever,5617,04/05/2024, 06:15:33,844
GEOR20066,Pako Forever,5617,04/05/2024, 07:11:33,844
GEOR20066,Pako Forever,5617,04/05/2024, 08:14:47,844
GEOR20066,Pako Forever,5617,04/05/2024, 09:11:55,844
GEOR20066,Pako Forever,5617,04/05/2024, 10:13:49,844
GEOR20066,Pako Forever,5617,04/05/2024, 11:10:35,844
GEOR20066,Pako Forever,5618,04/05/2024, 12:19:58,844
GEOR20066,Pako Forever,5618,04/05/2024, 13:13:31,844
GEOR20066,Pako Forever,5618,04/05/2024, 14:13:13,844
GEOR20066,Pako Forever,5618,04/05/2024, 15:16:51,844
GEOR20066,Pako Forever,5618,04/05/2024, 16:16:03,844
GEOR20066,Pako Forever,5618,04/05/2024, 17:10:30,844
GEOR20066,Pako Forever,5618,04/05/2024, 18:14:43,844
GEOR20066,Pako Forever,5618,04/05/2024, 19:11:22,844
GEOR20066,Pako Forever,5618,04/05/2024, 20:12:51,844
GEOR20066,Pako Forever,5618,04/05/2024, 21:11:35,844
GEOR20066,Pako Forever,5618,04/05/2024, 22:11:45,844
GEOR20066,Pako Forever,5618,04/05/2024, 23:13:09,844
GEOR20066,Pako Forever,5618,04/06/2024, 00:49:18,844
GEOR20066,Pako Forever,5618,04/06/2024, 01:42:59,844
GEOR20066,Pako Forever,5618,04/06/2024, 02:17:52,844
GEOR20066,Pako Forever,5619,04/06/2024, 03:13:21,844
GEOR20066,Pako Forever,5619,04/06/2024, 04:15:12,844
GEOR20066,Pako Forever,5620,04/06/2024, 05:12:11,844
GEOR20066,Pako Forever,5620,04/06/2024, 06:14:51,844
GEOR20066,Pako Forever,5620,04/06/2024, 07:11:18,844
GEOR20066,Pako Forever,5620,04/06/2024, 08:14:37,844
GEOR20066,Pako Forever,5620,04/06/2024, 09:12:05,844
GEOR20066,Pako Forever,5620,04/06/2024, 10:12:14,844
GEOR20066,Pako Forever,5620,04/06/2024, 11:09:41,844
GEOR20066,Pako Forever,5620,04/06/2024, 12:20:11,844
GEOR20066,Pako Forever,5620,04/06/2024, 13:13:25,844
GEOR20066,Pako Forever,5620,04/06/2024, 14:09:53,844
GEOR20066,Pako Forever,5620,04/06/2024, 15:11:35,844
GEOR20066,Pako Forever,5620,04/06/2024, 16:14:25,844
GEOR20066,Pako Forever,5621,04/06/2024, 17:11:47,844
GEOR20066,Pako Forever,5623,04/06/2024, 18:14:08,844
GEOR20066,Pako Forever,5623,04/06/2024, 19:09:28,844
GEOR20066,Pako Forever,5623,04/06/2024, 20:13:24,844
GEOR20066,Pako Forever,5623,04/06/2024, 21:11:18,844
GEOR20066,Pako Forever,5623,04/06/2024, 22:10:29,844
GEOR20066,Pako Forever,5623,04/06/2024, 23:11:53,844
GEOR20066,Pako Forever,5624,04/07/2024, 00:55:38,844
GEOR20066,Pako Forever,5624,04/07/2024, 01:53:49,844
GEOR20066,Pako Forever,5624,04/07/2024, 02:22:51,844
GEOR20066,Pako Forever,5624,04/07/2024, 03:13:00,844
GEOR20066,Pako Forever,5624,04/07/2024, 04:16:09,844
GEOR20066,Pako Forever,5624,04/07/2024, 05:13:33,844
GEOR20066,Pako Forever,5624,04/07/2024, 06:14:13,844
GEOR20066,Pako Forever,5624,04/07/2024, 07:10:33,844
GEOR20066,Pako Forever,5624,04/07/2024, 08:16:02,844
GEOR20066,Pako Forever,5624,04/07/2024, 09:12:10,844
GEOR20066,Pako Forever,5624,04/07/2024, 10:11:22,844
GEOR20066,Pako Forever,5624,04/07/2024, 11:10:56,844
GEOR20066,Pako Forever,5624,04/07/2024, 12:19:03,844
GEOR20066,Pako Forever,5624,04/07/2024, 13:14:07,844
GEOR20066,Pako Forever,5624,04/07/2024, 14:11:10,844
GEOR20066,Pako Forever,5624,04/07/2024, 15:12:12,844
GEOR20066,Pako Forever,5624,04/07/2024, 16:13:09,844
GEOR20066,Pako Forever,5624,04/07/2024, 17:10:54,844
GEOR20066,Pako Forever,5624,04/07/2024, 18:13:57,844
GEOR20066,Pako Forever,5624,04/07/2024, 19:09:31,844
GEOR20066,Pako Forever,5624,04/07/2024, 20:11:44,844
GEOR20066,Pako Forever,5624,04/07/2024, 21:11:27,844
GEOR20066,Pako Forever,5624,04/07/2024, 22:10:49,844
GEOR20066,Pako Forever,5624,04/07/2024, 23:12:11,844
GEOR20066,Pako Forever,5625,04/08/2024, 00:52:10,844
GEOR20066,Pako Forever,5625,04/08/2024, 01:49:45,844
GEOR20066,Pako Forever,5625,04/08/2024, 02:21:53,844
GEOR20066,Pako Forever,5625,04/08/2024, 03:13:36,844
GEOR20066,Pako Forever,5625,04/08/2024, 04:14:51,844
GEOR20066,Pako Forever,5625,04/08/2024, 05:12:09,844
GEOR20066,Pako Forever,5625,04/08/2024, 06:16:11,844
GEOR20066,Pako Forever,5625,04/08/2024, 07:13:17,844
GEOR20066,Pako Forever,5625,04/08/2024, 08:15:32,844
GEOR20066,Pako Forever,5625,04/08/2024, 09:13:42,844
GEOR20066,Pako Forever,5626,04/08/2024, 10:14:54,844
GEOR20066,Pako Forever,5627,04/08/2024, 11:10:55,844
GEOR20066,Pako Forever,5627,04/08/2024, 12:20:39,844
GEOR20066,Pako Forever,5628,04/08/2024, 13:12:53,844
GEOR20066,Pako Forever,5628,04/08/2024, 14:12:22,844
GEOR20066,Pako Forever,5628,04/08/2024, 15:11:38,844
GEOR20066,Pako Forever,5628,04/08/2024, 16:16:54,844
GEOR20066,Pako Forever,5628,04/08/2024, 17:12:38,844
GEOR20066,Pako Forever,5628,04/08/2024, 18:15:37,844
GEOR20066,Pako Forever,5628,04/08/2024, 19:10:31,844
GEOR20066,Pako Forever,5628,04/08/2024, 20:15:04,844
GEOR20066,Pako Forever,5628,04/08/2024, 21:10:52,844
GEOR20066,Pako Forever,5629,04/08/2024, 22:13:05,844
GEOR20066,Pako Forever,5629,04/08/2024, 23:12:17,844
GEOR20066,Pako Forever,5629,04/09/2024, 00:51:01,844
GEOR20066,Pako Forever,5629,04/09/2024, 01:46:33,844
GEOR20066,Pako Forever,5629,04/09/2024, 02:20:05,844
GEOR20066,Pako Forever,5629,04/09/2024, 03:14:41,844
GEOR20066,Pako Forever,5629,04/09/2024, 04:15:47,844
GEOR20066,Pako Forever,5629,04/09/2024, 05:11:45,844
GEOR20066,Pako Forever,5629,04/09/2024, 06:15:40,844
GEOR20066,Pako Forever,5629,04/09/2024, 07:13:19,844
GEOR20066,Pako Forever,5629,04/09/2024, 08:14:58,844
GEOR20066,Pako Forever,5629,04/09/2024, 09:12:42,844
GEOR20066,Pako Forever,5629,04/09/2024, 10:15:00,844
GEOR20066,Pako Forever,5629,04/09/2024, 11:10:17,844
GEOR20066,Pako Forever,5629,04/09/2024, 12:21:15,844
GEOR20066,Pako Forever,5629,04/09/2024, 13:12:32,844
GEOR20066,Pako Forever,5630,04/09/2024, 14:11:33,844
GEOR20066,Pako Forever,5630,04/09/2024, 15:12:12,844
GEOR20066,Pako Forever,5631,04/09/2024, 16:13:46,844
GEOR20066,Pako Forever,5631,04/09/2024, 17:11:22,844
GEOR20066,Pako Forever,5631,04/09/2024, 18:14:25,844
GEOR20066,Pako Forever,5632,04/09/2024, 19:09:14,844
GEOR20066,Pako Forever,5632,04/09/2024, 20:11:50,844
GEOR20066,Pako Forever,5632,04/09/2024, 21:12:17,844
GEOR20066,Pako Forever,5632,04/09/2024, 22:10:51,844
GEOR20066,Pako Forever,5632,04/09/2024, 23:12:35,844
GEOR20066,Pako Forever,5634,04/10/2024, 00:50:55,844
GEOR20066,Pako Forever,5634,04/10/2024, 01:46:07,844
GEOR20066,Pako Forever,5634,04/10/2024, 02:20:18,844
GEOR20066,Pako Forever,5634,04/10/2024, 03:14:14,844
GEOR20066,Pako Forever,5634,04/10/2024, 04:14:08,844
GEOR20066,Pako Forever,5635,04/10/2024, 05:11:36,844
GEOR20066,Pako Forever,5635,04/10/2024, 06:15:58,844
GEOR20066,Pako Forever,5636,04/10/2024, 07:13:06,844
GEOR20066,Pako Forever,5636,04/10/2024, 08:17:24,844
GEOR20066,Pako Forever,5636,04/10/2024, 09:14:03,844
GEOR20066,Pako Forever,5636,04/10/2024, 10:12:25,844
GEOR20066,Pako Forever,5636,04/10/2024, 11:13:03,844
GEOR20066,Pako Forever,5636,04/10/2024, 12:20:40,844
GEOR20066,Pako Forever,5637,04/10/2024, 13:13:21,844
GEOR20066,Pako Forever,5637,04/10/2024, 14:11:14,844
GEOR20066,Pako Forever,5638,04/10/2024, 15:12:25,844
GEOR20066,Pako Forever,5638,04/10/2024, 16:16:50,844
GEOR20066,Pako Forever,5638,04/10/2024, 17:10:46,844
GEOR20066,Pako Forever,5638,04/10/2024, 18:16:18,844
GEOR20066,Pako Forever,5638,04/10/2024, 19:11:17,844
GEOR20066,Pako Forever,5638,04/10/2024, 20:13:10,844
GEOR20066,Pako Forever,5639,04/10/2024, 21:11:44,844
GEOR20066,Pako Forever,5639,04/10/2024, 22:13:37,844
GEOR20066,Pako Forever,5640,04/10/2024, 23:12:57,844
GEOR20066,Pako Forever,5640,04/11/2024, 00:51:39,844
GEOR20066,Pako Forever,5641,04/11/2024, 01:49:37,844
GEOR20066,Pako Forever,5641,04/11/2024, 02:21:43,844
GEOR20066,Pako Forever,5641,04/11/2024, 03:12:39,844
GEOR20066,Pako Forever,5641,04/11/2024, 04:13:51,844
GEOR20066,Pako Forever,5641,04/11/2024, 05:12:19,844
GEOR20066,Pako Forever,5641,04/11/2024, 06:15:29,844
GEOR20066,Pako Forever,5641,04/11/2024, 07:12:49,844
GEOR20066,Pako Forever,5641,04/11/2024, 08:15:08,844
GEOR20066,Pako Forever,5641,04/11/2024, 09:12:54,844
GEOR20066,Pako Forever,5641,04/11/2024, 10:13:29,844
GEOR20066,Pako Forever,5641,04/11/2024, 11:11:25,844
GEOR20066,Pako Forever,5641,04/11/2024, 12:20:44,844
GEOR20066,Pako Forever,5641,04/11/2024, 13:12:43,844
GEOR20066,Pako Forever,5641,04/11/2024, 14:11:19,844
GEOR20066,Pako Forever,5641,04/11/2024, 15:12:40,844
GEOR20066,Pako Forever,5641,04/11/2024, 16:12:51,844
GEOR20066,Pako Forever,5641,04/11/2024, 17:12:16,844
GEOR20066,Pako Forever,5641,04/11/2024, 18:14:30,844
GEOR20066,Pako Forever,5641,04/11/2024, 19:10:09,844
GEOR20066,Pako Forever,5641,04/11/2024, 20:12:10,844
GEOR20066,Pako Forever,5641,04/11/2024, 21:11:45,844
GEOR20066,Pako Forever,5641,04/11/2024, 22:11:19,844
GEOR20066,Pako Forever,5641,04/11/2024, 23:13:18,844
GEOR20066,Pako Forever,5641,04/12/2024, 00:51:40,844
GEOR20066,Pako Forever,5641,04/12/2024, 01:47:46,844
GEOR20066,Pako Forever,5641,04/12/2024, 02:23:25,844
GEOR20066,Pako Forever,5641,04/12/2024, 03:13:39,844
GEOR20066,Pako Forever,5641,04/12/2024, 04:14:10,844
GEOR20066,Pako Forever,5641,04/12/2024, 05:12:39,844
GEOR20066,Pako Forever,5641,04/12/2024, 06:15:53,844
GEOR20066,Pako Forever,5642,04/12/2024, 07:13:52,844
GEOR20066,Pako Forever,5642,04/12/2024, 08:14:50,844
GEOR20066,Pako Forever,5642,04/12/2024, 09:12:56,844
GEOR20066,Pako Forever,5643,04/12/2024, 10:13:10,844
GEOR20066,Pako Forever,5643,04/12/2024, 11:12:56,844
GEOR20066,Pako Forever,5643,04/12/2024, 12:20:48,844
GEOR20066,Pako Forever,5643,04/12/2024, 13:12:29,844
GEOR20066,Pako Forever,5644,04/12/2024, 14:11:36,844
GEOR20066,Pako Forever,5644,04/12/2024, 15:11:37,844
GEOR20066,Pako Forever,5645,04/12/2024, 16:14:11,844
GEOR20066,Pako Forever,5645,04/12/2024, 17:12:51,844
GEOR20066,Pako Forever,5645,04/12/2024, 18:13:06,844
GEOR20066,Pako Forever,5645,04/12/2024, 19:10:20,844
GEOR20066,Pako Forever,5645,04/12/2024, 20:12:17,844
GEOR20066,Pako Forever,5646,04/12/2024, 21:11:34,844
GEOR20066,Pako Forever,5646,04/12/2024, 22:10:27,844
GEOR20066,Pako Forever,5646,04/12/2024, 23:09:30,844
GEOR20066,Pako Forever,5646,04/13/2024, 00:42:43,844
GEOR20066,Pako Forever,5646,04/13/2024, 01:31:33,844
GEOR20066,Pako Forever,5646,04/13/2024, 02:11:20,844
GEOR20066,Pako Forever,5646,04/13/2024, 03:10:40,844
GEOR20066,Pako Forever,5646,04/13/2024, 04:13:38,844
GEOR20066,Pako Forever,5646,04/13/2024, 05:14:45,844
GEOR20066,Pako Forever,5646,04/13/2024, 06:12:07,844
GEOR20066,Pako Forever,5646,04/13/2024, 07:12:03,844
GEOR20066,Pako Forever,5647,04/13/2024, 08:11:45,844
GEOR20066,Pako Forever,5647,04/13/2024, 09:10:30,844
GEOR20066,Pako Forever,5647,04/13/2024, 10:10:30,844
GEOR20066,Pako Forever,5647,04/13/2024, 11:09:06,844
GEOR20066,Pako Forever,5647,04/13/2024, 12:17:07,844
GEOR20066,Pako Forever,5647,04/13/2024, 13:11:41,844
GEOR20066,Pako Forever,5647,04/13/2024, 14:11:33,844
GEOR20066,Pako Forever,5650,04/13/2024, 15:09:10,844
GEOR20066,Pako Forever,5650,04/13/2024, 16:14:14,844
GEOR20066,Pako Forever,5650,04/13/2024, 17:08:23,844
GEOR20066,Pako Forever,5650,04/13/2024, 18:11:53,844
GEOR20066,Pako Forever,5650,04/13/2024, 19:08:55,844
GEOR20066,Pako Forever,5650,04/13/2024, 20:10:45,844
GEOR20066,Pako Forever,5651,04/13/2024, 21:09:59,844
GEOR20066,Pako Forever,5651,04/13/2024, 22:10:43,844
GEOR20066,Pako Forever,5651,04/13/2024, 23:12:14,844
GEOR20066,Pako Forever,5652,04/14/2024, 01:06:46,844
GEOR20066,Pako Forever,5652,04/14/2024, 03:14:50,844
GEOR20066,Pako Forever,5652,04/14/2024, 04:36:16,844
GEOR20066,Pako Forever,5652,04/14/2024, 05:57:40,844
GEOR20066,Pako Forever,5652,04/14/2024, 07:55:07,844
GEOR20066,Pako Forever,5652,04/14/2024, 10:39:56,844
GEOR20066,Pako Forever,5652,04/14/2024, 14:28:49,844
GEOR20066,Pako Forever,5655,04/14/2024, 22:04:10,844
GEOR20066,Pako Forever,5657,04/14/2024, 23:59:12,844
GEOR20066,Pako Forever,5659,04/15/2024, 03:27:36,844
GEOR20066,Pako Forever,5659,04/15/2024, 04:28:22,844
GEOR20066,Pako Forever,5659,04/15/2024, 05:11:21,844
GEOR20066,Pako Forever,5659,04/15/2024, 06:17:00,844
GEOR20066,Pako Forever,5660,04/15/2024, 07:10:06,844
GEOR20066,Pako Forever,5660,04/15/2024, 08:13:00,844
GEOR20066,Pako Forever,5660,04/15/2024, 09:11:46,844
GEOR20066,Pako Forever,5660,04/15/2024, 10:11:44,844
GEOR20066,Pako Forever,5660,04/15/2024, 11:09:14,844
GEOR20066,Pako Forever,5660,04/15/2024, 12:21:54,844
GEOR20066,Pako Forever,5660,04/15/2024, 13:13:50,844
GEOR20066,Pako Forever,5660,04/15/2024, 14:10:54,844
GEOR20066,Pako Forever,5661,04/15/2024, 15:13:09,844
GEOR20066,Pako Forever,5661,04/15/2024, 16:14:42,844
GEOR20066,Pako Forever,5661,04/15/2024, 17:10:41,844
GEOR20066,Pako Forever,5661,04/15/2024, 18:14:54,844
GEOR20066,Pako Forever,5661,04/15/2024, 19:10:53,844
GEOR20066,Pako Forever,5661,04/15/2024, 20:12:14,844
GEOR20066,Pako Forever,5661,04/15/2024, 21:12:43,844
GEOR20066,Pako Forever,5661,04/15/2024, 22:10:52,844
GEOR20066,Pako Forever,5661,04/15/2024, 23:11:37,844
GEOR20066,Pako Forever,5661,04/16/2024, 00:50:53,844
GEOR20066,Pako Forever,5661,04/16/2024, 01:47:43,844
GEOR20066,Pako Forever,5661,04/16/2024, 02:19:54,844
GEOR20066,Pako Forever,5661,04/16/2024, 03:13:59,844
GEOR20066,Pako Forever,5661,04/16/2024, 04:14:33,844
GEOR20066,Pako Forever,5661,04/16/2024, 05:12:49,844
GEOR20066,Pako Forever,5661,04/16/2024, 06:15:32,844
GEOR20066,Pako Forever,5661,04/16/2024, 07:14:00,844
GEOR20066,Pako Forever,5661,04/16/2024, 08:15:06,844
GEOR20066,Pako Forever,5662,04/16/2024, 09:12:46,844
GEOR20066,Pako Forever,5662,04/16/2024, 10:12:57,844
GEOR20066,Pako Forever,5662,04/16/2024, 11:10:40,844
GEOR20066,Pako Forever,5663,04/16/2024, 12:20:38,844
GEOR20066,Pako Forever,5663,04/16/2024, 13:12:45,844
GEOR20066,Pako Forever,5663,04/16/2024, 14:12:14,844
GEOR20066,Pako Forever,5663,04/16/2024, 15:12:34,844
GEOR20066,Pako Forever,5663,04/16/2024, 16:15:03,844
GEOR20066,Pako Forever,5663,04/16/2024, 17:11:48,844
GEOR20066,Pako Forever,5664,04/16/2024, 18:14:46,844
GEOR20066,Pako Forever,5665,04/16/2024, 19:09:47,844
GEOR20066,Pako Forever,5665,04/16/2024, 20:12:22,844
GEOR20066,Pako Forever,5665,04/16/2024, 21:11:56,844
GEOR20066,Pako Forever,5666,04/16/2024, 22:11:55,844
GEOR20066,Pako Forever,5666,04/16/2024, 23:12:36,844
GEOR20066,Pako Forever,5666,04/17/2024, 00:51:47,844
GEOR20066,Pako Forever,5666,04/17/2024, 01:49:34,844
GEOR20066,Pako Forever,5666,04/17/2024, 02:22:06,844
GEOR20066,Pako Forever,5667,04/17/2024, 03:12:47,844
GEOR20066,Pako Forever,5667,04/17/2024, 04:15:38,844
GEOR20066,Pako Forever,5667,04/17/2024, 05:12:04,844
GEOR20066,Pako Forever,5667,04/17/2024, 06:17:59,844
GEOR20066,Pako Forever,5668,04/17/2024, 07:12:28,844
GEOR20066,Pako Forever,5668,04/17/2024, 08:14:52,844
GEOR20066,Pako Forever,5668,04/17/2024, 09:13:29,844
GEOR20066,Pako Forever,5668,04/17/2024, 10:13:23,844
GEOR20066,Pako Forever,5668,04/17/2024, 11:11:07,844
GEOR20066,Pako Forever,5668,04/17/2024, 12:21:04,844
GEOR20066,Pako Forever,5668,04/17/2024, 13:12:48,844
GEOR20066,Pako Forever,5668,04/17/2024, 14:11:46,844
GEOR20066,Pako Forever,5668,04/17/2024, 15:13:40,844
GEOR20066,Pako Forever,5668,04/17/2024, 16:15:38,844
GEOR20066,Pako Forever,5668,04/17/2024, 17:10:36,844
GEOR20066,Pako Forever,5668,04/17/2024, 18:15:15,844
GEOR20066,Pako Forever,5668,04/17/2024, 19:08:51,844
GEOR20066,Pako Forever,5668,04/17/2024, 20:12:23,844
GEOR20066,Pako Forever,5669,04/17/2024, 21:12:37,844
GEOR20066,Pako Forever,5669,04/17/2024, 22:11:04,844
GEOR20066,Pako Forever,5669,04/17/2024, 23:13:08,844
GEOR20066,Pako Forever,5669,04/18/2024, 00:50:45,844
GEOR20066,Pako Forever,5669,04/18/2024, 01:46:18,844
GEOR20066,Pako Forever,5669,04/18/2024, 02:20:49,844
GEOR20066,Pako Forever,5669,04/18/2024, 03:12:43,844
GEOR20066,Pako Forever,5669,04/18/2024, 04:14:31,844
GEOR20066,Pako Forever,5669,04/18/2024, 05:13:23,844
GEOR20066,Pako Forever,5669,04/18/2024, 06:15:46,844
GEOR20066,Pako Forever,5669,04/18/2024, 07:12:46,844
GEOR20066,Pako Forever,5669,04/18/2024, 08:15:36,844
GEOR20066,Pako Forever,5669,04/18/2024, 09:12:51,844
GEOR20066,Pako Forever,5669,04/18/2024, 10:14:43,844
GEOR20066,Pako Forever,5669,04/18/2024, 11:10:13,844
GEOR20066,Pako Forever,5669,04/18/2024, 12:20:34,844
GEOR20066,Pako Forever,5669,04/18/2024, 13:12:36,844
GEOR20066,Pako Forever,5669,04/18/2024, 14:11:26,844
GEOR20066,Pako Forever,5669,04/18/2024, 15:13:07,844
GEOR20066,Pako Forever,5669,04/18/2024, 16:14:06,844
GEOR20066,Pako Forever,5669,04/18/2024, 17:11:19,844
GEOR20066,Pako Forever,5670,04/18/2024, 18:15:09,844
GEOR20066,Pako Forever,5670,04/18/2024, 19:10:28,844
GEOR20066,Pako Forever,5670,04/18/2024, 20:13:09,844
GEOR20066,Pako Forever,5670,04/18/2024, 21:11:09,844
GEOR20066,Pako Forever,5670,04/18/2024, 22:11:05,844
GEOR20066,Pako Forever,5670,04/18/2024, 23:12:53,844
GEOR20066,Pako Forever,5670,04/19/2024, 00:51:26,844
GEOR20066,Pako Forever,5670,04/19/2024, 01:49:29,844
GEOR20066,Pako Forever,5670,04/19/2024, 02:22:54,844
GEOR20066,Pako Forever,5670,04/19/2024, 03:12:44,844
GEOR20066,Pako Forever,5670,04/19/2024, 04:14:03,844
GEOR20066,Pako Forever,5670,04/19/2024, 05:12:13,844
GEOR20066,Pako Forever,5670,04/19/2024, 06:16:17,844
GEOR20066,Pako Forever,5670,04/19/2024, 07:13:03,844
GEOR20066,Pako Forever,5670,04/19/2024, 08:15:28,844
GEOR20066,Pako Forever,5670,04/19/2024, 09:12:37,844
GEOR20066,Pako Forever,5670,04/19/2024, 10:13:40,844
GEOR20066,Pako Forever,5670,04/19/2024, 11:10:30,844
GEOR20066,Pako Forever,5670,04/19/2024, 12:20:49,844
GEOR20066,Pako Forever,5670,04/19/2024, 13:13:28,844
GEOR20066,Pako Forever,5670,04/19/2024, 14:11:13,844
GEOR20066,Pako Forever,5670,04/19/2024, 15:12:54,844
GEOR20066,Pako Forever,5670,04/19/2024, 16:14:33,844
GEOR20066,Pako Forever,5670,04/19/2024, 17:11:33,844
GEOR20066,Pako Forever,5670,04/19/2024, 18:14:32,844
GEOR20066,Pako Forever,5670,04/19/2024, 19:10:38,844
GEOR20066,Pako Forever,5670,04/19/2024, 20:12:38,844
GEOR20066,Pako Forever,5670,04/19/2024, 21:11:39,844
GEOR20066,Pako Forever,5670,04/19/2024, 22:10:53,844
GEOR20066,Pako Forever,5670,04/19/2024, 23:13:54,844
GEOR20066,Pako Forever,5670,04/20/2024, 00:51:49,844
GEOR20066,Pako Forever,5670,04/20/2024, 01:48:41,844
GEOR20066,Pako Forever,5670,04/20/2024, 02:19:19,844
GEOR20066,Pako Forever,5671,04/20/2024, 03:13:58,844
GEOR20066,Pako Forever,5671,04/20/2024, 04:15:46,844
GEOR20066,Pako Forever,5671,04/20/2024, 05:12:08,844
GEOR20066,Pako Forever,5672,04/20/2024, 06:14:12,844
GEOR20066,Pako Forever,5672,04/20/2024, 07:10:14,844
GEOR20066,Pako Forever,5672,04/20/2024, 08:13:30,844
GEOR20066,Pako Forever,5672,04/20/2024, 09:10:55,844
GEOR20066,Pako Forever,5672,04/20/2024, 10:12:20,844
GEOR20066,Pako Forever,5672,04/20/2024, 11:09:36,844
GEOR20066,Pako Forever,5673,04/20/2024, 12:19:43,844
GEOR20066,Pako Forever,5673,04/20/2024, 13:12:54,844
GEOR20066,Pako Forever,5673,04/20/2024, 14:10:02,844
GEOR20066,Pako Forever,5673,04/20/2024, 15:12:01,844
GEOR20066,Pako Forever,5674,04/20/2024, 16:14:35,844
GEOR20066,Pako Forever,5674,04/20/2024, 17:10:12,844
GEOR20066,Pako Forever,5675,04/20/2024, 18:15:19,844
GEOR20066,Pako Forever,5675,04/20/2024, 19:10:10,844
GEOR20066,Pako Forever,5676,04/20/2024, 20:11:54,844
GEOR20066,Pako Forever,5676,04/20/2024, 21:10:51,844
GEOR20066,Pako Forever,5676,04/20/2024, 22:11:45,844
GEOR20066,Pako Forever,5676,04/20/2024, 23:10:56,844
GEOR20066,Pako Forever,5677,04/21/2024, 00:55:19,844
GEOR20066,Pako Forever,5678,04/21/2024, 01:54:54,844
GEOR20066,Pako Forever,5678,04/21/2024, 02:23:49,844
GEOR20066,Pako Forever,5678,04/21/2024, 03:12:33,844
GEOR20066,Pako Forever,5678,04/21/2024, 04:13:38,844
GEOR20066,Pako Forever,5678,04/21/2024, 05:12:05,844
GEOR20066,Pako Forever,5678,04/21/2024, 06:16:27,844
GEOR20066,Pako Forever,5678,04/21/2024, 07:11:50,844
GEOR20066,Pako Forever,5678,04/21/2024, 08:14:02,844
GEOR20066,Pako Forever,5678,04/21/2024, 09:12:10,844
GEOR20066,Pako Forever,5678,04/21/2024, 10:11:41,844
GEOR20066,Pako Forever,5678,04/21/2024, 11:10:04,844
GEOR20066,Pako Forever,5678,04/21/2024, 12:20:34,844
GEOR20066,Pako Forever,5678,04/21/2024, 13:13:01,844
GEOR20066,Pako Forever,5678,04/21/2024, 14:10:52,844
GEOR20066,Pako Forever,5678,04/21/2024, 15:11:47,844
GEOR20066,Pako Forever,5678,04/21/2024, 16:14:51,844
GEOR20066,Pako Forever,5678,04/21/2024, 17:11:21,844
GEOR20066,Pako Forever,5678,04/21/2024, 18:15:47,844
GEOR20066,Pako Forever,5678,04/21/2024, 19:11:17,844
GEOR20066,Pako Forever,5679,04/21/2024, 20:12:52,844
GEOR20066,Pako Forever,5679,04/21/2024, 21:11:03,844
GEOR20066,Pako Forever,5679,04/21/2024, 22:11:51,844
GEOR20066,Pako Forever,5679,04/21/2024, 23:12:09,844
GEOR20066,Pako Forever,5679,04/22/2024, 00:53:21,844
GEOR20066,Pako Forever,5679,04/22/2024, 01:53:23,844
GEOR20066,Pako Forever,5679,04/22/2024, 02:23:28,844
GEOR20066,Pako Forever,5680,04/22/2024, 03:13:28,844
GEOR20066,Pako Forever,5681,04/22/2024, 04:14:40,844
GEOR20066,Pako Forever,5681,04/22/2024, 05:12:56,844
GEOR20066,Pako Forever,5681,04/22/2024, 06:16:06,844
GEOR20066,Pako Forever,5681,04/22/2024, 07:11:56,844
GEOR20066,Pako Forever,5681,04/22/2024, 08:16:26,844
GEOR20066,Pako Forever,5681,04/22/2024, 09:14:06,844
GEOR20066,Pako Forever,5681,04/22/2024, 10:14:16,844
GEOR20066,Pako Forever,5681,04/22/2024, 11:10:29,844
GEOR20066,Pako Forever,5681,04/22/2024, 12:22:39,844
GEOR20066,Pako Forever,5681,04/22/2024, 13:13:22,844
GEOR20066,Pako Forever,5681,04/22/2024, 14:11:56,844
GEOR20066,Pako Forever,5681,04/22/2024, 15:13:01,844
GEOR20066,Pako Forever,5681,04/22/2024, 16:14:43,844
GEOR20066,Pako Forever,5681,04/22/2024, 17:10:27,844
GEOR20066,Pako Forever,5681,04/22/2024, 18:15:04,844
GEOR20066,Pako Forever,5681,04/22/2024, 19:10:58,844
GEOR20066,Pako Forever,5682,04/22/2024, 20:13:08,844
GEOR20066,Pako Forever,5682,04/22/2024, 21:11:07,844
GEOR20066,Pako Forever,5682,04/22/2024, 22:12:51,844
GEOR20066,Pako Forever,5682,04/22/2024, 23:11:49,844
GEOR20066,Pako Forever,5682,04/23/2024, 00:51:48,844
GEOR20066,Pako Forever,5682,04/23/2024, 01:52:21,844
GEOR20066,Pako Forever,5682,04/23/2024, 02:23:31,844
GEOR20066,Pako Forever,5683,04/23/2024, 03:13:02,844
GEOR20066,Pako Forever,5683,04/23/2024, 04:15:02,844
GEOR20066,Pako Forever,5683,04/23/2024, 05:11:44,844
GEOR20066,Pako Forever,5684,04/23/2024, 06:15:49,844
GEOR20066,Pako Forever,5684,04/23/2024, 07:11:39,844
GEOR20066,Pako Forever,5684,04/23/2024, 08:15:20,844
GEOR20066,Pako Forever,5684,04/23/2024, 09:12:51,844
GEOR20066,Pako Forever,5684,04/23/2024, 10:12:42,844
GEOR20066,Pako Forever,5685,04/23/2024, 11:11:24,844
GEOR20066,Pako Forever,5685,04/23/2024, 12:21:58,844
GEOR20066,Pako Forever,5685,04/23/2024, 13:13:25,844
GEOR20066,Pako Forever,5685,04/23/2024, 14:11:39,844
GEOR20066,Pako Forever,5685,04/23/2024, 15:12:46,844
GEOR20066,Pako Forever,5685,04/23/2024, 16:14:42,844
GEOR20066,Pako Forever,5685,04/23/2024, 17:12:30,844
GEOR20066,Pako Forever,5686,04/23/2024, 18:14:45,844
GEOR20066,Pako Forever,5686,04/23/2024, 19:09:57,844
GEOR20066,Pako Forever,5688,04/23/2024, 20:12:42,844
GEOR20066,Pako Forever,5688,04/23/2024, 21:11:20,844
GEOR20066,Pako Forever,5688,04/23/2024, 22:13:15,844
GEOR20066,Pako Forever,5689,04/23/2024, 23:12:18,844
GEOR20066,Pako Forever,5689,04/24/2024, 00:51:44,844
GEOR20066,Pako Forever,5689,04/24/2024, 01:52:32,844
GEOR20066,Pako Forever,5689,04/24/2024, 02:22:09,844
GEOR20066,Pako Forever,5689,04/24/2024, 03:14:13,844
GEOR20066,Pako Forever,5689,04/24/2024, 04:14:19,844
GEOR20066,Pako Forever,5689,04/24/2024, 05:13:23,844
GEOR20066,Pako Forever,5689,04/24/2024, 06:17:48,844
GEOR20066,Pako Forever,5689,04/24/2024, 07:11:39,844
GEOR20066,Pako Forever,5689,04/24/2024, 08:16:11,844
GEOR20066,Pako Forever,5689,04/24/2024, 09:12:22,844
GEOR20066,Pako Forever,5689,04/24/2024, 10:14:26,844
GEOR20066,Pako Forever,5689,04/24/2024, 11:11:28,844
GEOR20066,Pako Forever,5689,04/24/2024, 12:25:09,844
GEOR20066,Pako Forever,5689,04/24/2024, 13:18:49,844
GEOR20066,Pako Forever,5689,04/24/2024, 14:12:37,844
GEOR20066,Pako Forever,5689,04/24/2024, 15:13:12,844
GEOR20066,Pako Forever,5689,04/24/2024, 16:14:20,844
GEOR20066,Pako Forever,5689,04/24/2024, 17:13:12,844
GEOR20066,Pako Forever,5689,04/24/2024, 18:15:00,844
GEOR20066,Pako Forever,5689,04/24/2024, 19:09:47,844
GEOR20066,Pako Forever,5690,04/24/2024, 20:12:57,844
GEOR20066,Pako Forever,5690,04/24/2024, 21:12:00,844
GEOR20066,Pako Forever,5690,04/24/2024, 22:12:54,844
GEOR20066,Pako Forever,5690,04/24/2024, 23:14:13,844
GEOR20066,Pako Forever,5690,04/25/2024, 00:54:28,844
GEOR20066,Pako Forever,5691,04/25/2024, 01:52:38,844
GEOR20066,Pako Forever,5692,04/25/2024, 02:23:16,844
GEOR20066,Pako Forever,5692,04/25/2024, 03:13:15,844
GEOR20066,Pako Forever,5692,04/25/2024, 04:14:39,844
GEOR20066,Pako Forever,5692,04/25/2024, 05:12:13,844
GEOR20066,Pako Forever,5692,04/25/2024, 06:16:04,844
GEOR20066,Pako Forever,5692,04/25/2024, 07:12:54,844
GEOR20066,Pako Forever,5692,04/25/2024, 08:15:10,844
GEOR20066,Pako Forever,5692,04/25/2024, 09:12:42,844
GEOR20066,Pako Forever,5692,04/25/2024, 10:12:32,844
GEOR20066,Pako Forever,5692,04/25/2024, 11:11:38,844
GEOR20066,Pako Forever,5693,04/25/2024, 12:18:04,844
GEOR20066,Pako Forever,5693,04/25/2024, 13:11:12,844
GEOR20066,Pako Forever,5694,04/25/2024, 14:09:44,844
GEOR20066,Pako Forever,5694,04/25/2024, 15:12:46,844
GEOR20066,Pako Forever,5695,04/25/2024, 16:15:13,844
GEOR20066,Pako Forever,5695,04/25/2024, 17:13:32,844
GEOR20066,Pako Forever,5695,04/25/2024, 18:15:28,844
GEOR20066,Pako Forever,5695,04/25/2024, 19:11:04,844
GEOR20066,Pako Forever,5695,04/25/2024, 20:12:22,844
GEOR20066,Pako Forever,5696,04/25/2024, 21:13:52,844
GEOR20066,Pako Forever,5696,04/25/2024, 22:11:22,844
GEOR20066,Pako Forever,5696,04/25/2024, 23:12:44,844
GEOR20066,Pako Forever,5698,04/26/2024, 00:52:00,844
GEOR20066,Pako Forever,5698,04/26/2024, 01:50:59,844
GEOR20066,Pako Forever,5698,04/26/2024, 02:22:17,844
GEOR20066,Pako Forever,5698,04/26/2024, 03:14:17,844
GEOR20066,Pako Forever,5698,04/26/2024, 04:14:01,844
GEOR20066,Pako Forever,5698,04/26/2024, 05:11:42,844
GEOR20066,Pako Forever,5698,04/26/2024, 06:16:58,844
GEOR20066,Pako Forever,5698,04/26/2024, 07:12:38,844
GEOR20066,Pako Forever,5699,04/26/2024, 08:15:08,844
GEOR20066,Pako Forever,5700,04/26/2024, 09:13:10,844
GEOR20066,Pako Forever,5700,04/26/2024, 10:13:16,844
GEOR20066,Pako Forever,5700,04/26/2024, 11:10:26,844
GEOR20066,Pako Forever,5700,04/26/2024, 12:21:15,844
GEOR20066,Pako Forever,5700,04/26/2024, 13:12:38,844
GEOR20066,Pako Forever,5700,04/26/2024, 14:11:16,844
GEOR20066,Pako Forever,5701,04/26/2024, 15:13:30,844
GEOR20066,Pako Forever,5703,04/26/2024, 16:15:34,844
GEOR20066,Pako Forever,5703,04/26/2024, 17:13:03,844
GEOR20066,Pako Forever,5703,04/26/2024, 18:14:39,844
GEOR20066,Pako Forever,5703,04/26/2024, 19:10:23,844
GEOR20066,Pako Forever,5703,04/26/2024, 20:13:21,844
GEOR20066,Pako Forever,5703,04/26/2024, 21:10:55,844
GEOR20066,Pako Forever,5703,04/26/2024, 22:12:58,844
GEOR20066,Pako Forever,5703,04/26/2024, 23:12:38,844
GEOR20066,Pako Forever,5703,04/27/2024, 00:51:39,844
GEOR20066,Pako Forever,5704,04/27/2024, 01:47:41,844
GEOR20066,Pako Forever,5704,04/27/2024, 02:21:53,844
GEOR20066,Pako Forever,5704,04/27/2024, 03:14:14,844
GEOR20066,Pako Forever,5704,04/27/2024, 04:13:58,844
GEOR20066,Pako Forever,5704,04/27/2024, 05:12:03,844
GEOR20066,Pako Forever,5704,04/27/2024, 06:16:00,844
GEOR20066,Pako Forever,5704,04/27/2024, 07:10:44,844
GEOR20066,Pako Forever,5704,04/27/2024, 08:15:01,844
GEOR20066,Pako Forever,5704,04/27/2024, 09:11:27,844
GEOR20066,Pako Forever,5704,04/27/2024, 10:13:19,844
GEOR20066,Pako Forever,5704,04/27/2024, 11:09:31,844
GEOR20066,Pako Forever,5704,04/27/2024, 12:18:50,844
GEOR20066,Pako Forever,5704,04/27/2024, 13:13:29,844
GEOR20066,Pako Forever,5704,04/27/2024, 14:09:55,844
GEOR20066,Pako Forever,5704,04/27/2024, 15:11:34,844
GEOR20066,Pako Forever,5705,04/27/2024, 16:13:11,844
GEOR20066,Pako Forever,5705,04/27/2024, 17:11:16,844
GEOR20066,Pako Forever,5705,04/27/2024, 18:13:46,844
GEOR20066,Pako Forever,5705,04/27/2024, 19:09:18,844
GEOR20066,Pako Forever,5705,04/27/2024, 20:11:51,844
GEOR20066,Pako Forever,5705,04/27/2024, 21:10:51,844
GEOR20066,Pako Forever,5705,04/27/2024, 22:11:50,844
GEOR20066,Pako Forever,5705,04/27/2024, 23:12:17,844
GEOR20066,Pako Forever,5705,04/28/2024, 00:56:12,844
GEOR20066,Pako Forever,5705,04/28/2024, 01:57:06,844
GEOR20066,Pako Forever,5705,04/28/2024, 02:27:20,844
GEOR20066,Pako Forever,5705,04/28/2024, 03:13:37,844
GEOR20066,Pako Forever,5706,04/28/2024, 04:13:46,844
GEOR20066,Pako Forever,5706,04/28/2024, 05:12:32,844
GEOR20066,Pako Forever,5706,04/28/2024, 06:15:56,844
GEOR20066,Pako Forever,5706,04/28/2024, 07:10:58,844
GEOR20066,Pako Forever,5707,04/28/2024, 08:15:49,844
GEOR20066,Pako Forever,5707,04/28/2024, 09:11:33,844
GEOR20066,Pako Forever,5707,04/28/2024, 10:12:53,844
GEOR20066,Pako Forever,5707,04/28/2024, 11:09:56,844
GEOR20066,Pako Forever,5707,04/28/2024, 12:21:35,844
GEOR20066,Pako Forever,5707,04/28/2024, 13:12:54,844
GEOR20066,Pako Forever,5707,04/28/2024, 14:10:21,844
GEOR20066,Pako Forever,5707,04/28/2024, 15:12:08,844
GEOR20066,Pako Forever,5707,04/28/2024, 16:13:59,844
GEOR20066,Pako Forever,5707,04/28/2024, 17:11:15,844
GEOR20066,Pako Forever,5707,04/28/2024, 18:14:15,844
GEOR20066,Pako Forever,5707,04/28/2024, 19:09:53,844
GEOR20066,Pako Forever,5707,04/28/2024, 20:12:38,844
GEOR20066,Pako Forever,5707,04/28/2024, 21:11:37,844
GEOR20066,Pako Forever,5707,04/28/2024, 22:11:28,844
GEOR20066,Pako Forever,5707,04/28/2024, 23:11:24,844
GEOR20066,Pako Forever,5707,04/29/2024, 00:53:12,844
GEOR20066,Pako Forever,5707,04/29/2024, 01:53:38,844
GEOR20066,Pako Forever,5707,04/29/2024, 02:23:38,844
GEOR20066,Pako Forever,5707,04/29/2024, 03:13:43,844
GEOR20066,Pako Forever,5707,04/29/2024, 04:14:53,844
GEOR20066,Pako Forever,5707,04/29/2024, 05:14:19,844
GEOR20066,Pako Forever,5707,04/29/2024, 06:16:28,844
GEOR20066,Pako Forever,5707,04/29/2024, 07:11:49,844
GEOR20066,Pako Forever,5708,04/29/2024, 08:16:43,844
GEOR20066,Pako Forever,5708,04/29/2024, 09:13:47,844
GEOR20066,Pako Forever,5708,04/29/2024, 10:13:45,844
GEOR20066,Pako Forever,5709,04/29/2024, 11:11:56,844
GEOR20066,Pako Forever,5709,04/29/2024, 12:22:03,844
GEOR20066,Pako Forever,5709,04/29/2024, 13:13:39,844
GEOR20066,Pako Forever,5709,04/29/2024, 14:12:57,844
GEOR20066,Pako Forever,5709,04/29/2024, 15:12:50,844
GEOR20066,Pako Forever,5709,04/29/2024, 16:14:50,844
GEOR20066,Pako Forever,5709,04/29/2024, 17:10:46,844
GEOR20066,Pako Forever,5709,04/29/2024, 18:15:36,844
GEOR20066,Pako Forever,5710,04/29/2024, 19:09:56,844
GEOR20066,Pako Forever,5710,04/29/2024, 20:12:51,844
GEOR20066,Pako Forever,5711,04/29/2024, 21:11:37,844
GEOR20066,Pako Forever,5712,04/29/2024, 22:11:44,844
GEOR20066,Pako Forever,5712,04/29/2024, 23:11:24,844
GEOR20066,Pako Forever,5712,04/30/2024, 00:51:49,844
GEOR20066,Pako Forever,5712,04/30/2024, 01:51:06,844
GEOR20066,Pako Forever,5712,04/30/2024, 02:21:57,844
GEOR20066,Pako Forever,5713,04/30/2024, 03:13:21,844
GEOR20066,Pako Forever,5714,04/30/2024, 04:15:38,844
GEOR20066,Pako Forever,5714,04/30/2024, 05:11:49,844
GEOR20066,Pako Forever,5714,04/30/2024, 06:15:57,844
GEOR20066,Pako Forever,5714,04/30/2024, 07:12:48,844
GEOR20066,Pako Forever,5714,04/30/2024, 08:15:52,844
GEOR20066,Pako Forever,5714,04/30/2024, 09:13:56,844
GEOR20066,Pako Forever,5714,04/30/2024, 10:13:52,844
GEOR20066,Pako Forever,5714,04/30/2024, 11:12:05,844
GEOR20066,Pako Forever,5714,04/30/2024, 12:21:23,844
GEOR20066,Pako Forever,5714,04/30/2024, 13:13:03,844
GEOR20066,Pako Forever,5714,04/30/2024, 14:12:27,844
GEOR20066,Pako Forever,5714,04/30/2024, 15:10:50,844
GEOR20066,Pako Forever,5714,04/30/2024, 16:15:44,844
GEOR20066,Pako Forever,5714,04/30/2024, 17:11:18,844
GEOR20066,Pako Forever,5714,04/30/2024, 18:17:26,844
GEOR20066,Pako Forever,5714,04/30/2024, 19:09:47,844
GEOR20066,Pako Forever,5714,04/30/2024, 20:12:52,844
GEOR20066,Pako Forever,5714,04/30/2024, 21:13:03,844
GEOR20066,Pako Forever,5714,04/30/2024, 22:12:17,844
GEOR20066,Pako Forever,5714,04/30/2024, 23:12:28,844
GEOR20066,Pako Forever,5715,05/01/2024, 00:56:01,844
GEOR20066,Pako Forever,5715,05/01/2024, 01:57:18,844
GEOR20066,Pako Forever,5715,05/01/2024, 02:28:10,844
GEOR20066,Pako Forever,5716,05/01/2024, 03:13:42,844
GEOR20066,Pako Forever,5716,05/01/2024, 04:14:22,844
GEOR20066,Pako Forever,5716,05/01/2024, 05:12:11,844
GEOR20066,Pako Forever,5716,05/01/2024, 06:17:02,844
GEOR20066,Pako Forever,5716,05/01/2024, 07:14:22,844
GEOR20066,Pako Forever,5716,05/01/2024, 08:18:13,844
GEOR20066,Pako Forever,5716,05/01/2024, 09:15:02,844
GEOR20066,Pako Forever,5716,05/01/2024, 10:13:51,844
GEOR20066,Pako Forever,5716,05/01/2024, 11:10:35,844
GEOR20066,Pako Forever,5716,05/01/2024, 12:22:11,844
GEOR20066,Pako Forever,5716,05/01/2024, 13:13:10,844
GEOR20066,Pako Forever,5718,05/01/2024, 14:13:22,844
GEOR20066,Pako Forever,5718,05/01/2024, 15:12:13,844
GEOR20066,Pako Forever,5718,05/01/2024, 16:15:10,844
GEOR20066,Pako Forever,5718,05/01/2024, 17:11:50,844
GEOR20066,Pako Forever,5718,05/01/2024, 18:15:25,844
GEOR20066,Pako Forever,5718,05/01/2024, 19:12:11,844
GEOR20066,Pako Forever,5718,05/01/2024, 20:14:24,844
GEOR20066,Pako Forever,5719,05/01/2024, 21:11:25,844
GEOR20066,Pako Forever,5720,05/01/2024, 22:12:11,844
GEOR20066,Pako Forever,5720,05/01/2024, 23:13:21,844
GEOR20066,Pako Forever,5720,05/02/2024, 00:51:49,844
GEOR20066,Pako Forever,5720,05/02/2024, 01:51:31,844
GEOR20066,Pako Forever,5720,05/02/2024, 02:22:56,844
GEOR20066,Pako Forever,5720,05/02/2024, 03:13:23,844
GEOR20066,Pako Forever,5720,05/02/2024, 04:14:37,844
GEOR20066,Pako Forever,5720,05/02/2024, 05:13:34,844
GEOR20066,Pako Forever,5720,05/02/2024, 06:15:53,844
GEOR20066,Pako Forever,5720,05/02/2024, 07:12:45,844
GEOR20066,Pako Forever,5720,05/02/2024, 08:15:42,844
GEOR20066,Pako Forever,5720,05/02/2024, 09:13:08,844
GEOR20066,Pako Forever,5720,05/02/2024, 10:13:46,844
GEOR20066,Pako Forever,5721,05/02/2024, 11:10:36,844
GEOR20066,Pako Forever,5721,05/02/2024, 12:22:21,844
GEOR20066,Pako Forever,5721,05/02/2024, 13:13:25,844
GEOR20066,Pako Forever,5721,05/02/2024, 14:12:02,844
GEOR20066,Pako Forever,5721,05/02/2024, 15:13:18,844
GEOR20066,Pako Forever,5721,05/02/2024, 16:14:30,844
GEOR20066,Pako Forever,5722,05/02/2024, 17:11:55,844
GEOR20066,Pako Forever,5722,05/02/2024, 18:15:39,844
GEOR20066,Pako Forever,5722,05/02/2024, 19:10:09,844
GEOR20066,Pako Forever,5722,05/02/2024, 20:13:49,844
GEOR20066,Pako Forever,5722,05/02/2024, 21:11:18,844
GEOR20066,Pako Forever,5722,05/02/2024, 22:12:08,844
GEOR20066,Pako Forever,5722,05/02/2024, 23:14:12,844
GEOR20066,Pako Forever,5722,05/03/2024, 00:54:59,844
GEOR20066,Pako Forever,5722,05/03/2024, 01:55:00,844
GEOR20066,Pako Forever,5722,05/03/2024, 02:25:25,844
GEOR20066,Pako Forever,5722,05/03/2024, 03:14:24,844
GEOR20066,Pako Forever,5722,05/03/2024, 04:16:15,844
GEOR20066,Pako Forever,5722,05/03/2024, 05:12:23,844
GEOR20066,Pako Forever,5722,05/03/2024, 06:16:13,844
GEOR20066,Pako Forever,5723,05/03/2024, 07:12:06,844
GEOR20066,Pako Forever,5723,05/03/2024, 08:15:05,844
GEOR20066,Pako Forever,5723,05/03/2024, 09:13:28,844
GEOR20066,Pako Forever,5723,05/03/2024, 10:13:24,844
GEOR20066,Pako Forever,5723,05/03/2024, 11:10:52,844
GEOR20066,Pako Forever,5723,05/03/2024, 12:20:38,844
GEOR20066,Pako Forever,5723,05/03/2024, 13:13:41,844
GEOR20066,Pako Forever,5723,05/03/2024, 14:12:27,844
GEOR20066,Pako Forever,5724,05/03/2024, 15:13:09,844
GEOR20066,Pako Forever,5724,05/03/2024, 16:15:26,844
GEOR20066,Pako Forever,5724,05/03/2024, 17:11:01,844
GEOR20066,Pako Forever,5725,05/03/2024, 18:15:12,844
GEOR20066,Pako Forever,5725,05/03/2024, 19:10:22,844
GEOR20066,Pako Forever,5726,05/03/2024, 20:13:42,844
GEOR20066,Pako Forever,5726,05/03/2024, 21:10:55,844
GEOR20066,Pako Forever,5726,05/03/2024, 22:11:43,844
GEOR20066,Pako Forever,5726,05/03/2024, 23:12:47,844
GEOR20066,Pako Forever,5728,05/04/2024, 00:51:59,844
GEOR20066,Pako Forever,5728,05/04/2024, 01:48:44,844
GEOR20066,Pako Forever,5728,05/04/2024, 02:20:48,844
GEOR20066,Pako Forever,5729,05/04/2024, 03:13:59,844
GEOR20066,Pako Forever,5729,05/04/2024, 04:15:07,844
GEOR20066,Pako Forever,5729,05/04/2024, 05:12:48,844
GEOR20066,Pako Forever,5729,05/04/2024, 06:15:40,844
GEOR20066,Pako Forever,5729,05/04/2024, 07:11:51,844
GEOR20066,Pako Forever,5729,05/04/2024, 08:14:20,844
GEOR20066,Pako Forever,5729,05/04/2024, 09:13:05,844
GEOR20066,Pako Forever,5730,05/04/2024, 10:11:42,844
GEOR20066,Pako Forever,5730,05/04/2024, 11:09:36,844
GEOR20066,Pako Forever,5730,05/04/2024, 12:19:47,844
GEOR20066,Pako Forever,5731,05/04/2024, 13:13:07,844
GEOR20066,Pako Forever,5732,05/04/2024, 14:12:21,844
GEOR20066,Pako Forever,5732,05/04/2024, 15:12:12,844
GEOR20066,Pako Forever,5732,05/04/2024, 16:14:13,844
GEOR20066,Pako Forever,5732,05/04/2024, 17:10:10,844
GEOR20066,Pako Forever,5732,05/04/2024, 18:14:50,844
GEOR20066,Pako Forever,5732,05/04/2024, 19:11:15,844
GEOR20066,Pako Forever,5732,05/04/2024, 20:13:32,844
GEOR20066,Pako Forever,5732,05/04/2024, 21:11:45,844
GEOR20066,Pako Forever,5732,05/04/2024, 22:10:55,844
GEOR20066,Pako Forever,5732,05/04/2024, 23:12:19,844
GEOR20066,Pako Forever,5732,05/05/2024, 00:56:02,844
GEOR20066,Pako Forever,5732,05/05/2024, 01:56:19,844
GEOR20066,Pako Forever,5732,05/05/2024, 02:25:34,844
GEOR20066,Pako Forever,5732,05/05/2024, 03:12:57,844
GEOR20066,Pako Forever,5732,05/05/2024, 04:15:56,844
GEOR20066,Pako Forever,5732,05/05/2024, 05:12:10,844
GEOR20066,Pako Forever,5732,05/05/2024, 06:15:35,844
GEOR20066,Pako Forever,5732,05/05/2024, 07:11:11,844
GEOR20066,Pako Forever,5732,05/05/2024, 08:14:29,844
GEOR20066,Pako Forever,5732,05/05/2024, 09:13:36,844
GEOR20066,Pako Forever,5732,05/05/2024, 10:12:37,844
GEOR20066,Pako Forever,5732,05/05/2024, 11:10:26,844
GEOR20066,Pako Forever,5732,05/05/2024, 12:20:24,844
GEOR20066,Pako Forever,5732,05/05/2024, 13:12:36,844
GEOR20066,Pako Forever,5732,05/05/2024, 14:11:13,844
GEOR20066,Pako Forever,5732,05/05/2024, 15:13:19,844
GEOR20066,Pako Forever,5732,05/05/2024, 16:14:27,844
GEOR20066,Pako Forever,5733,05/05/2024, 17:10:03,844
GEOR20066,Pako Forever,5733,05/05/2024, 18:14:31,844
GEOR20066,Pako Forever,5734,05/05/2024, 19:11:38,844
GEOR20066,Pako Forever,5734,05/05/2024, 20:12:32,844
GEOR20066,Pako Forever,5735,05/05/2024, 21:10:49,844
GEOR20066,Pako Forever,5735,05/05/2024, 22:12:48,844
GEOR20066,Pako Forever,5735,05/05/2024, 23:11:41,844
GEOR20066,Pako Forever,5736,05/06/2024, 00:53:37,844
GEOR20066,Pako Forever,5736,05/06/2024, 01:54:51,844
GEOR20066,Pako Forever,5736,05/06/2024, 02:27:04,844
GEOR20066,Pako Forever,5736,05/06/2024, 03:14:15,844
GEOR20066,Pako Forever,5736,05/06/2024, 04:15:43,844
GEOR20066,Pako Forever,5738,05/06/2024, 05:13:31,844
GEOR20066,Pako Forever,5738,05/06/2024, 06:17:14,844
GEOR20066,Pako Forever,5738,05/06/2024, 07:12:36,844
GEOR20066,Pako Forever,5738,05/06/2024, 08:16:01,844
GEOR20066,Pako Forever,5738,05/06/2024, 09:14:04,844
GEOR20066,Pako Forever,5738,05/06/2024, 10:13:07,844
GEOR20066,Pako Forever,5739,05/06/2024, 11:10:25,844
GEOR20066,Pako Forever,5739,05/06/2024, 12:21:47,844
GEOR20066,Pako Forever,5739,05/06/2024, 13:14:09,844
GEOR20066,Pako Forever,5739,05/06/2024, 14:12:33,844
GEOR20066,Pako Forever,5740,05/06/2024, 15:12:55,844
GEOR20066,Pako Forever,5741,05/06/2024, 16:15:43,844
GEOR20066,Pako Forever,5741,05/06/2024, 17:13:41,844
GEOR20066,Pako Forever,5741,05/06/2024, 18:17:40,844
GEOR20066,Pako Forever,5741,05/06/2024, 19:10:49,844
GEOR20066,Pako Forever,5741,05/06/2024, 20:12:52,844
GEOR20066,Pako Forever,5741,05/06/2024, 21:12:12,844
GEOR20066,Pako Forever,5741,05/06/2024, 22:12:26,844
GEOR20066,Pako Forever,5741,05/06/2024, 23:11:57,844
GEOR20066,Pako Forever,5741,05/07/2024, 00:52:40,844
GEOR20066,Pako Forever,5741,05/07/2024, 01:54:40,844
GEOR20066,Pako Forever,5741,05/07/2024, 02:29:57,844
GEOR20066,Pako Forever,5741,05/07/2024, 03:14:24,844
GEOR20066,Pako Forever,5741,05/07/2024, 04:15:58,844
GEOR20066,Pako Forever,5741,05/07/2024, 05:13:51,844
GEOR20066,Pako Forever,5741,05/07/2024, 06:16:45,844
GEOR20066,Pako Forever,5741,05/07/2024, 07:17:38,844
GEOR20066,Pako Forever,5741,05/07/2024, 08:15:26,844
GEOR20066,Pako Forever,5741,05/07/2024, 09:14:36,844
GEOR20066,Pako Forever,5741,05/07/2024, 10:13:47,844
GEOR20066,Pako Forever,5741,05/07/2024, 11:11:19,844
GEOR20066,Pako Forever,5741,05/07/2024, 12:21:38,844
GEOR20066,Pako Forever,5741,05/07/2024, 13:12:53,844
GEOR20066,Pako Forever,5742,05/07/2024, 14:11:47,844
GEOR20066,Pako Forever,5742,05/07/2024, 15:11:54,844
GEOR20066,Pako Forever,5743,05/07/2024, 16:14:17,844
GEOR20066,Pako Forever,5743,05/07/2024, 17:11:22,844
GEOR20066,Pako Forever,5743,05/07/2024, 18:15:55,844
GEOR20066,Pako Forever,5743,05/07/2024, 19:10:43,844
GEOR20066,Pako Forever,5743,05/07/2024, 20:11:02,844
GEOR20066,Pako Forever,5744,05/07/2024, 21:11:56,844
GEOR20066,Pako Forever,5744,05/07/2024, 22:12:20,844
GEOR20066,Pako Forever,5744,05/07/2024, 23:10:58,844
GEOR20066,Pako Forever,5744,05/08/2024, 00:43:02,844
GEOR20066,Pako Forever,5744,05/08/2024, 01:32:47,844
GEOR20066,Pako Forever,5744,05/08/2024, 02:13:24,844
GEOR20066,Pako Forever,5744,05/08/2024, 03:14:06,844
GEOR20066,Pako Forever,5744,05/08/2024, 04:13:06,844
GEOR20066,Pako Forever,5745,05/08/2024, 05:12:14,844
GEOR20066,Pako Forever,5745,05/08/2024, 06:14:53,844
GEOR20066,Pako Forever,5745,05/08/2024, 07:13:41,844
GEOR20066,Pako Forever,5745,05/08/2024, 08:13:45,844
GEOR20066,Pako Forever,5745,05/08/2024, 09:13:16,844
GEOR20066,Pako Forever,5745,05/08/2024, 10:14:07,844
GEOR20066,Pako Forever,5746,05/08/2024, 11:12:13,844
GEOR20066,Pako Forever,5746,05/08/2024, 12:22:23,844
GEOR20066,Pako Forever,5746,05/08/2024, 13:15:25,844
GEOR20066,Pako Forever,5746,05/08/2024, 14:11:21,844
GEOR20066,Pako Forever,5746,05/08/2024, 15:12:40,844
GEOR20066,Pako Forever,5747,05/08/2024, 16:15:42,844
GEOR20066,Pako Forever,5747,05/08/2024, 17:10:48,844
GEOR20066,Pako Forever,5747,05/08/2024, 18:16:08,844
GEOR20066,Pako Forever,5747,05/08/2024, 19:10:03,844
GEOR20066,Pako Forever,5747,05/08/2024, 20:12:41,844
GEOR20066,Pako Forever,5747,05/08/2024, 21:13:47,844
GEOR20066,Pako Forever,5749,05/08/2024, 22:11:14,844
GEOR20066,Pako Forever,5749,05/08/2024, 23:13:28,844
GEOR20066,Pako Forever,5749,05/09/2024, 00:53:13,844
GEOR20066,Pako Forever,5749,05/09/2024, 01:56:10,844
GEOR20066,Pako Forever,5749,05/09/2024, 02:27:37,844
GEOR20066,Pako Forever,5749,05/09/2024, 03:13:30,844
GEOR20066,Pako Forever,5749,05/09/2024, 04:17:30,844
GEOR20066,Pako Forever,5749,05/09/2024, 05:13:21,844
GEOR20066,Pako Forever,5749,05/09/2024, 06:16:28,844
GEOR20066,Pako Forever,5750,05/09/2024, 07:13:55,844
GEOR20066,Pako Forever,5750,05/09/2024, 08:15:54,844
GEOR20066,Pako Forever,5750,05/09/2024, 09:13:43,844
GEOR20066,Pako Forever,5750,05/09/2024, 10:14:38,844
GEOR20066,Pako Forever,5750,05/09/2024, 11:11:23,844
GEOR20066,Pako Forever,5750,05/09/2024, 12:21:50,844
GEOR20066,Pako Forever,5750,05/09/2024, 13:15:01,844
GEOR20066,Pako Forever,5750,05/09/2024, 14:12:34,844
GEOR20066,Pako Forever,5752,05/09/2024, 15:14:19,844
GEOR20066,Pako Forever,5752,05/09/2024, 16:15:47,844
GEOR20066,Pako Forever,5752,05/09/2024, 17:11:20,844
GEOR20066,Pako Forever,5752,05/09/2024, 18:14:41,844
GEOR20066,Pako Forever,5752,05/09/2024, 19:09:55,844
GEOR20066,Pako Forever,5752,05/09/2024, 20:12:48,844
GEOR20066,Pako Forever,5752,05/09/2024, 21:13:24,844
GEOR20066,Pako Forever,5752,05/09/2024, 22:11:05,844
GEOR20066,Pako Forever,5752,05/09/2024, 23:12:16,844
GEOR20066,Pako Forever,5752,05/10/2024, 00:53:11,844
GEOR20066,Pako Forever,5752,05/10/2024, 02:00:07,844
GEOR20066,Pako Forever,5752,05/10/2024, 02:29:29,844
GEOR20066,Pako Forever,5752,05/10/2024, 03:13:35,844
GEOR20066,Pako Forever,5752,05/10/2024, 04:14:28,844
GEOR20066,Pako Forever,5752,05/10/2024, 05:12:21,844
GEOR20066,Pako Forever,5753,05/10/2024, 06:16:05,844
GEOR20066,Pako Forever,5754,05/10/2024, 07:13:52,844
GEOR20066,Pako Forever,5754,05/10/2024, 08:15:44,844
GEOR20066,Pako Forever,5754,05/10/2024, 09:13:38,844
GEOR20066,Pako Forever,5754,05/10/2024, 10:13:44,844
GEOR20066,Pako Forever,5754,05/10/2024, 11:11:26,844
GEOR20066,Pako Forever,5754,05/10/2024, 12:21:13,844
GEOR20066,Pako Forever,5755,05/10/2024, 13:13:42,844
GEOR20066,Pako Forever,5755,05/10/2024, 14:11:21,844
GEOR20066,Pako Forever,5755,05/10/2024, 15:12:14,844
GEOR20066,Pako Forever,5755,05/10/2024, 16:15:25,844
GEOR20066,Pako Forever,5755,05/10/2024, 17:11:14,844
GEOR20066,Pako Forever,5755,05/10/2024, 18:15:57,844
GEOR20066,Pako Forever,5755,05/10/2024, 19:10:33,844
GEOR20066,Pako Forever,5755,05/10/2024, 20:12:36,844
GEOR20066,Pako Forever,5756,05/10/2024, 21:13:32,844
GEOR20066,Pako Forever,5756,05/10/2024, 22:13:26,844
GEOR20066,Pako Forever,5757,05/10/2024, 23:12:12,844
GEOR20066,Pako Forever,5758,05/11/2024, 00:52:20,844
GEOR20066,Pako Forever,5758,05/11/2024, 01:51:51,844
GEOR20066,Pako Forever,5758,05/11/2024, 02:22:25,844
GEOR20066,Pako Forever,5758,05/11/2024, 03:13:49,844
GEOR20066,Pako Forever,5758,05/11/2024, 04:15:23,844
GEOR20066,Pako Forever,5758,05/11/2024, 05:12:14,844
GEOR20066,Pako Forever,5758,05/11/2024, 06:15:19,844
GEOR20066,Pako Forever,5758,05/11/2024, 07:13:00,844
GEOR20066,Pako Forever,5758,05/11/2024, 08:14:59,844
GEOR20066,Pako Forever,5758,05/11/2024, 09:12:42,844
GEOR20066,Pako Forever,5759,05/11/2024, 10:13:24,844
GEOR20066,Pako Forever,5760,05/11/2024, 11:09:45,844
GEOR20066,Pako Forever,5760,05/11/2024, 12:20:38,844
GEOR20066,Pako Forever,5760,05/11/2024, 13:11:53,844
GEOR20066,Pako Forever,5760,05/11/2024, 14:10:37,844
GEOR20066,Pako Forever,5760,05/11/2024, 15:11:42,844
GEOR20066,Pako Forever,5760,05/11/2024, 16:14:15,844
GEOR20066,Pako Forever,5760,05/11/2024, 17:12:15,844
GEOR20066,Pako Forever,5760,05/11/2024, 18:15:12,844
GEOR20066,Pako Forever,5760,05/11/2024, 19:10:09,844
GEOR20066,Pako Forever,5761,05/11/2024, 20:12:45,844
GEOR20066,Pako Forever,5761,05/11/2024, 21:11:41,844
GEOR20066,Pako Forever,5761,05/11/2024, 22:11:08,844
GEOR20066,Pako Forever,5761,05/11/2024, 23:12:17,844
GEOR20066,Pako Forever,5762,05/12/2024, 00:57:33,844
GEOR20066,Pako Forever,5762,05/12/2024, 01:58:47,844
GEOR20066,Pako Forever,5762,05/12/2024, 02:30:00,844
GEOR20066,Pako Forever,5762,05/12/2024, 03:13:20,844
GEOR20066,Pako Forever,5763,05/12/2024, 04:15:17,844
GEOR20066,Pako Forever,5763,05/12/2024, 05:12:58,844
GEOR20066,Pako Forever,5763,05/12/2024, 06:16:04,844
GEOR20066,Pako Forever,5763,05/12/2024, 07:10:38,844
GEOR20066,Pako Forever,5763,05/12/2024, 08:15:23,844
GEOR20066,Pako Forever,5763,05/12/2024, 09:12:12,844
GEOR20066,Pako Forever,5763,05/12/2024, 10:12:03,844
GEOR20066,Pako Forever,5763,05/12/2024, 11:11:06,844
GEOR20066,Pako Forever,5763,05/12/2024, 12:22:05,844
GEOR20066,Pako Forever,5764,05/12/2024, 13:12:11,844
GEOR20066,Pako Forever,5764,05/12/2024, 14:11:04,844
GEOR20066,Pako Forever,5764,05/12/2024, 15:12:12,844
GEOR20066,Pako Forever,5764,05/12/2024, 16:14:17,844
GEOR20066,Pako Forever,5764,05/12/2024, 17:10:23,844
GEOR20066,Pako Forever,5764,05/12/2024, 18:16:24,844
GEOR20066,Pako Forever,5766,05/12/2024, 19:09:53,844
GEOR20066,Pako Forever,5766,05/12/2024, 20:12:12,844
GEOR20066,Pako Forever,5766,05/12/2024, 21:12:02,844
GEOR20066,Pako Forever,5766,05/12/2024, 22:11:10,844
GEOR20066,Pako Forever,5766,05/12/2024, 23:12:36,844
GEOR20066,Pako Forever,5766,05/13/2024, 00:54:45,844
GEOR20066,Pako Forever,5768,05/13/2024, 01:56:57,844
GEOR20066,Pako Forever,5768,05/13/2024, 02:28:44,844
GEOR20066,Pako Forever,5768,05/13/2024, 03:13:40,844
GEOR20066,Pako Forever,5768,05/13/2024, 04:15:52,844
GEOR20066,Pako Forever,5769,05/13/2024, 05:14:32,844
GEOR20066,Pako Forever,5770,05/13/2024, 06:16:55,844
GEOR20066,Pako Forever,5770,05/13/2024, 07:12:50,844
GEOR20066,Pako Forever,5770,05/13/2024, 08:16:54,844
GEOR20066,Pako Forever,5770,05/13/2024, 09:13:32,844
GEOR20066,Pako Forever,5770,05/13/2024, 10:13:25,844
GEOR20066,Pako Forever,5770,05/13/2024, 11:10:44,844
GEOR20066,Pako Forever,5770,05/13/2024, 12:22:27,844
GEOR20066,Pako Forever,5773,05/13/2024, 13:14:50,844
GEOR20066,Pako Forever,5773,05/13/2024, 14:11:56,844
GEOR20066,Pako Forever,5773,05/13/2024, 15:14:11,844
GEOR20066,Pako Forever,5775,05/13/2024, 16:17:09,844
GEOR20066,Pako Forever,5776,05/13/2024, 17:11:28,844
GEOR20066,Pako Forever,5776,05/13/2024, 18:14:29,844
GEOR20066,Pako Forever,5776,05/13/2024, 19:10:01,844
GEOR20066,Pako Forever,5776,05/13/2024, 20:12:44,844
GEOR20066,Pako Forever,5776,05/13/2024, 21:13:34,844
GEOR20066,Pako Forever,5776,05/13/2024, 22:13:01,844
GEOR20066,Pako Forever,5776,05/13/2024, 23:12:53,844
GEOR20066,Pako Forever,5777,05/14/2024, 00:53:56,844
GEOR20066,Pako Forever,5777,05/14/2024, 01:53:41,844
GEOR20066,Pako Forever,5777,05/14/2024, 02:24:47,844
GEOR20066,Pako Forever,5777,05/14/2024, 03:14:42,844
GEOR20066,Pako Forever,5777,05/14/2024, 04:14:16,844
GEOR20066,Pako Forever,5777,05/14/2024, 05:13:19,844
GEOR20066,Pako Forever,5777,05/14/2024, 06:17:58,844
GEOR20066,Pako Forever,5778,05/14/2024, 07:12:47,844
GEOR20066,Pako Forever,5778,05/14/2024, 08:17:22,844
GEOR20066,Pako Forever,5778,05/14/2024, 09:13:45,844
GEOR20066,Pako Forever,5778,05/14/2024, 10:15:04,844
GEOR20066,Pako Forever,5778,05/14/2024, 11:10:37,844
GEOR20066,Pako Forever,5778,05/14/2024, 12:22:52,844
GEOR20066,Pako Forever,5778,05/14/2024, 13:14:12,844
GEOR20066,Pako Forever,5779,05/14/2024, 14:11:52,844
GEOR20066,Pako Forever,5779,05/14/2024, 15:14:28,844
GEOR20066,Pako Forever,5779,05/14/2024, 16:16:38,844
GEOR20066,Pako Forever,5779,05/14/2024, 17:10:57,844
GEOR20066,Pako Forever,5779,05/14/2024, 18:15:49,844
GEOR20066,Pako Forever,5780,05/14/2024, 19:10:04,844
GEOR20066,Pako Forever,5780,05/14/2024, 20:14:32,844
GEOR20066,Pako Forever,5780,05/14/2024, 21:11:50,844
GEOR20066,Pako Forever,5781,05/14/2024, 22:12:32,844
GEOR20066,Pako Forever,5781,05/14/2024, 23:11:52,844
GEOR20066,Pako Forever,5781,05/15/2024, 00:53:37,844
GEOR20066,Pako Forever,5781,05/15/2024, 01:57:53,844
GEOR20066,Pako Forever,5781,05/15/2024, 02:30:31,844
GEOR20066,Pako Forever,5781,05/15/2024, 03:15:37,844
GEOR20066,Pako Forever,5781,05/15/2024, 04:16:06,844
GEOR20066,Pako Forever,5781,05/15/2024, 05:13:25,844
GEOR20066,Pako Forever,5781,05/15/2024, 06:16:43,844
GEOR20066,Pako Forever,5781,05/15/2024, 07:12:36,844
GEOR20066,Pako Forever,5781,05/15/2024, 08:15:48,844
GEOR20066,Pako Forever,5781,05/15/2024, 09:15:28,844
GEOR20066,Pako Forever,5782,05/15/2024, 10:13:45,844
GEOR20066,Pako Forever,5782,05/15/2024, 11:11:03,844
GEOR20066,Pako Forever,5783,05/15/2024, 12:23:32,844
GEOR20066,Pako Forever,5783,05/15/2024, 13:14:43,844
GEOR20066,Pako Forever,5783,05/15/2024, 14:13:29,844
GEOR20066,Pako Forever,5783,05/15/2024, 15:12:24,844
GEOR20066,Pako Forever,5783,05/15/2024, 16:15:27,844
GEOR20066,Pako Forever,5783,05/15/2024, 17:12:49,844
GEOR20066,Pako Forever,5783,05/15/2024, 18:16:11,844
GEOR20066,Pako Forever,5783,05/15/2024, 19:11:07,844
GEOR20066,Pako Forever,5785,05/15/2024, 20:14:28,844
GEOR20066,Pako Forever,5785,05/15/2024, 21:12:34,844
GEOR20066,Pako Forever,5785,05/15/2024, 22:13:25,844
GEOR20066,Pako Forever,5785,05/15/2024, 23:13:16,844
GEOR20066,Pako Forever,5785,05/16/2024, 00:53:49,844
GEOR20066,Pako Forever,5785,05/16/2024, 01:54:45,844
GEOR20066,Pako Forever,5785,05/16/2024, 02:25:49,844
GEOR20066,Pako Forever,5785,05/16/2024, 03:15:35,844
GEOR20066,Pako Forever,5786,05/16/2024, 04:13:15,844
GEOR20066,Pako Forever,5786,05/16/2024, 05:13:19,844
GEOR20066,Pako Forever,5786,05/16/2024, 06:14:24,844
GEOR20066,Pako Forever,5786,05/16/2024, 07:10:32,844
GEOR20066,Pako Forever,5786,05/16/2024, 08:13:19,844
GEOR20066,Pako Forever,5786,05/16/2024, 09:12:59,844
GEOR20066,Pako Forever,5787,05/16/2024, 10:13:09,844
GEOR20066,Pako Forever,5787,05/16/2024, 11:11:12,844
GEOR20066,Pako Forever,5788,05/16/2024, 12:22:41,844
GEOR20066,Pako Forever,5788,05/16/2024, 13:14:35,844
GEOR20066,Pako Forever,5788,05/16/2024, 14:12:59,844
GEOR20066,Pako Forever,5788,05/16/2024, 15:12:56,844
GEOR20066,Pako Forever,5789,05/16/2024, 16:14:44,844
GEOR20066,Pako Forever,5789,05/16/2024, 17:12:44,844
GEOR20066,Pako Forever,5789,05/16/2024, 18:15:28,844
GEOR20066,Pako Forever,5790,05/16/2024, 19:10:02,844
GEOR20066,Pako Forever,5790,05/16/2024, 20:12:44,844
GEOR20066,Pako Forever,5790,05/16/2024, 21:12:52,844
GEOR20066,Pako Forever,5790,05/16/2024, 22:12:44,844
GEOR20066,Pako Forever,5790,05/16/2024, 23:12:29,844
GEOR20066,Pako Forever,5790,05/17/2024, 00:54:05,844
GEOR20066,Pako Forever,5791,05/17/2024, 01:54:27,844
GEOR20066,Pako Forever,5791,05/17/2024, 02:25:19,844
GEOR20066,Pako Forever,5791,05/17/2024, 03:13:52,844
GEOR20066,Pako Forever,5791,05/17/2024, 04:15:08,844
GEOR20066,Pako Forever,5791,05/17/2024, 05:13:56,844
GEOR20066,Pako Forever,5791,05/17/2024, 06:17:10,844
GEOR20066,Pako Forever,5791,05/17/2024, 07:12:13,844
GEOR20066,Pako Forever,5791,05/17/2024, 08:15:43,844
GEOR20066,Pako Forever,5791,05/17/2024, 09:14:49,844
GEOR20066,Pako Forever,5791,05/17/2024, 10:13:19,844
GEOR20066,Pako Forever,5791,05/17/2024, 11:11:45,844
GEOR20066,Pako Forever,5791,05/17/2024, 12:21:24,844
GEOR20066,Pako Forever,5791,05/17/2024, 13:14:05,844
GEOR20066,Pako Forever,5791,05/17/2024, 14:12:52,844
GEOR20066,Pako Forever,5791,05/17/2024, 15:13:15,844
GEOR20066,Pako Forever,5791,05/17/2024, 16:14:37,844
GEOR20066,Pako Forever,5791,05/17/2024, 17:11:45,844
GEOR20066,Pako Forever,5791,05/17/2024, 18:16:34,844
GEOR20066,Pako Forever,5791,05/17/2024, 19:11:03,844
GEOR20066,Pako Forever,5791,05/17/2024, 20:13:54,844
GEOR20066,Pako Forever,5791,05/17/2024, 21:11:37,844
GEOR20066,Pako Forever,5791,05/17/2024, 22:12:18,844
GEOR20066,Pako Forever,5791,05/17/2024, 23:13:56,844
GEOR20066,Pako Forever,5792,05/18/2024, 00:53:08,844
GEOR20066,Pako Forever,5793,05/18/2024, 01:52:56,844
GEOR20066,Pako Forever,5793,05/18/2024, 02:25:47,844
GEOR20066,Pako Forever,5793,05/18/2024, 03:13:50,844
GEOR20066,Pako Forever,5793,05/18/2024, 04:14:43,844
GEOR20066,Pako Forever,5793,05/18/2024, 05:12:44,844
GEOR20066,Pako Forever,5793,05/18/2024, 06:15:36,844
GEOR20066,Pako Forever,5793,05/18/2024, 07:12:26,844
GEOR20066,Pako Forever,5793,05/18/2024, 08:14:14,844
GEOR20066,Pako Forever,5794,05/18/2024, 09:13:22,844
GEOR20066,Pako Forever,5794,05/18/2024, 10:11:59,844
GEOR20066,Pako Forever,5794,05/18/2024, 11:10:21,844
GEOR20066,Pako Forever,5794,05/18/2024, 12:20:49,844
GEOR20066,Pako Forever,5794,05/18/2024, 13:13:20,844
GEOR20066,Pako Forever,5794,05/18/2024, 14:11:28,844
GEOR20066,Pako Forever,5794,05/18/2024, 15:13:36,844
GEOR20066,Pako Forever,5794,05/18/2024, 16:14:23,844
GEOR20066,Pako Forever,5794,05/18/2024, 17:10:07,844
GEOR20066,Pako Forever,5794,05/18/2024, 18:15:37,844
GEOR20066,Pako Forever,5795,05/18/2024, 19:09:41,844
GEOR20066,Pako Forever,5795,05/18/2024, 20:13:12,844
GEOR20066,Pako Forever,5795,05/18/2024, 21:10:49,844
GEOR20066,Pako Forever,5795,05/18/2024, 22:10:56,844
GEOR20066,Pako Forever,5795,05/18/2024, 23:11:52,844
GEOR20066,Pako Forever,5795,05/19/2024, 00:57:31,844
GEOR20066,Pako Forever,5795,05/19/2024, 01:59:31,844
GEOR20066,Pako Forever,5795,05/19/2024, 02:31:43,844
GEOR20066,Pako Forever,5795,05/19/2024, 03:14:58,844
GEOR20066,Pako Forever,5795,05/19/2024, 04:15:12,844
GEOR20066,Pako Forever,5795,05/19/2024, 05:12:33,844
GEOR20066,Pako Forever,5795,05/19/2024, 06:15:36,844
GEOR20066,Pako Forever,5795,05/19/2024, 07:10:51,844
GEOR20066,Pako Forever,5795,05/19/2024, 08:14:35,844
GEOR20066,Pako Forever,5795,05/19/2024, 09:13:13,844
GEOR20066,Pako Forever,5795,05/19/2024, 10:12:02,844
GEOR20066,Pako Forever,5795,05/19/2024, 11:11:02,844
GEOR20066,Pako Forever,5795,05/19/2024, 12:21:47,844
GEOR20066,Pako Forever,5795,05/19/2024, 13:12:01,844
GEOR20066,Pako Forever,5795,05/19/2024, 14:11:36,844
GEOR20066,Pako Forever,5795,05/19/2024, 15:12:00,844
GEOR20066,Pako Forever,5795,05/19/2024, 16:14:47,844
GEOR20066,Pako Forever,5796,05/19/2024, 17:11:30,844
GEOR20066,Pako Forever,5797,05/19/2024, 18:15:19,844
GEOR20066,Pako Forever,5797,05/19/2024, 19:09:41,844
GEOR20066,Pako Forever,5797,05/19/2024, 20:13:34,844
GEOR20066,Pako Forever,5799,05/19/2024, 21:12:23,844
GEOR20066,Pako Forever,5799,05/19/2024, 22:14:10,844
GEOR20066,Pako Forever,5799,05/19/2024, 23:13:49,844
GEOR20066,Pako Forever,5799,05/20/2024, 00:54:16,844
GEOR20066,Pako Forever,5799,05/20/2024, 01:57:14,844
GEOR20066,Pako Forever,5799,05/20/2024, 02:29:39,844
GEOR20066,Pako Forever,5799,05/20/2024, 03:14:31,844
GEOR20066,Pako Forever,5799,05/20/2024, 04:15:46,844
GEOR20066,Pako Forever,5799,05/20/2024, 05:14:20,844
GEOR20066,Pako Forever,5799,05/20/2024, 06:17:30,844
GEOR20066,Pako Forever,5799,05/20/2024, 07:13:38,844
GEOR20066,Pako Forever,5799,05/20/2024, 08:16:32,844
GEOR20066,Pako Forever,5799,05/20/2024, 09:16:05,844
GEOR20066,Pako Forever,5799,05/20/2024, 10:13:40,844
GEOR20066,Pako Forever,5799,05/20/2024, 11:11:43,844
GEOR20066,Pako Forever,5800,05/20/2024, 12:24:41,844
GEOR20066,Pako Forever,5800,05/20/2024, 13:15:39,844
GEOR20066,Pako Forever,5800,05/20/2024, 14:12:38,844
GEOR20066,Pako Forever,5800,05/20/2024, 15:13:50,844
GEOR20066,Pako Forever,5800,05/20/2024, 16:16:01,844
GEOR20066,Pako Forever,5802,05/20/2024, 17:13:50,844
GEOR20066,Pako Forever,5802,05/20/2024, 18:16:02,844
GEOR20066,Pako Forever,5802,05/20/2024, 19:10:15,844
GEOR20066,Pako Forever,5802,05/20/2024, 20:13:03,844
GEOR20066,Pako Forever,5803,05/20/2024, 21:11:39,844
GEOR20066,Pako Forever,5804,05/20/2024, 22:11:50,844
GEOR20066,Pako Forever,5804,05/20/2024, 23:13:10,844
GEOR20066,Pako Forever,5804,05/21/2024, 00:53:54,844
GEOR20066,Pako Forever,5804,05/21/2024, 01:54:45,844
GEOR20066,Pako Forever,5804,05/21/2024, 02:26:35,844
GEOR20066,Pako Forever,5804,05/21/2024, 03:14:16,844
GEOR20066,Pako Forever,5804,05/21/2024, 04:15:00,844
GEOR20066,Pako Forever,5804,05/21/2024, 05:13:30,844
GEOR20066,Pako Forever,5804,05/21/2024, 06:17:39,844
GEOR20066,Pako Forever,5804,05/21/2024, 07:12:14,844
GEOR20066,Pako Forever,5804,05/21/2024, 08:15:51,844
GEOR20066,Pako Forever,5804,05/21/2024, 09:13:59,844
GEOR20066,Pako Forever,5804,05/21/2024, 10:13:19,844
GEOR20066,Pako Forever,5804,05/21/2024, 11:11:45,844
GEOR20066,Pako Forever,5804,05/21/2024, 12:22:11,844
GEOR20066,Pako Forever,5804,05/21/2024, 13:15:05,844
GEOR20066,Pako Forever,5804,05/21/2024, 14:11:50,844
GEOR20066,Pako Forever,5804,05/21/2024, 15:13:09,844
GEOR20066,Pako Forever,5804,05/21/2024, 16:15:05,844
GEOR20066,Pako Forever,5804,05/21/2024, 17:11:40,844
GEOR20066,Pako Forever,5804,05/21/2024, 18:15:55,844
GEOR20066,Pako Forever,5804,05/21/2024, 19:11:26,844
GEOR20066,Pako Forever,5804,05/21/2024, 20:14:26,844
GEOR20066,Pako Forever,5804,05/21/2024, 21:11:59,844
GEOR20066,Pako Forever,5804,05/21/2024, 22:12:00,844
GEOR20066,Pako Forever,5805,05/21/2024, 23:14:08,844
GEOR20066,Pako Forever,5805,05/22/2024, 00:54:10,844
GEOR20066,Pako Forever,5805,05/22/2024, 01:55:41,844
GEOR20066,Pako Forever,5805,05/22/2024, 02:27:02,844
GEOR20066,Pako Forever,5805,05/22/2024, 03:15:17,844
GEOR20066,Pako Forever,5805,05/22/2024, 04:14:58,844
GEOR20066,Pako Forever,5805,05/22/2024, 05:14:09,844
GEOR20066,Pako Forever,5807,05/22/2024, 06:17:11,844
GEOR20066,Pako Forever,5807,05/22/2024, 07:12:32,844
GEOR20066,Pako Forever,5807,05/22/2024, 08:16:44,844
GEOR20066,Pako Forever,5807,05/22/2024, 09:14:56,844
GEOR20066,Pako Forever,5807,05/22/2024, 10:13:49,844
GEOR20066,Pako Forever,5807,05/22/2024, 11:12:09,844
GEOR20066,Pako Forever,5807,05/22/2024, 12:22:59,844
GEOR20066,Pako Forever,5807,05/22/2024, 13:15:02,844
GEOR20066,Pako Forever,5807,05/22/2024, 14:12:05,844
GEOR20066,Pako Forever,5807,05/22/2024, 15:13:35,844
GEOR20066,Pako Forever,5807,05/22/2024, 16:17:07,844
GEOR20066,Pako Forever,5807,05/22/2024, 17:11:18,844
GEOR20066,Pako Forever,5807,05/22/2024, 18:16:21,844
GEOR20066,Pako Forever,5807,05/22/2024, 19:10:27,844
GEOR20066,Pako Forever,5807,05/22/2024, 20:13:30,844
GEOR20066,Pako Forever,5807,05/22/2024, 21:13:48,844
GEOR20066,Pako Forever,5807,05/22/2024, 22:11:49,844
GEOR20066,Pako Forever,5807,05/22/2024, 23:14:22,844
GEOR20066,Pako Forever,5807,05/23/2024, 00:53:56,844
GEOR20066,Pako Forever,5808,05/23/2024, 01:54:50,844
GEOR20066,Pako Forever,5808,05/23/2024, 02:26:38,844
GEOR20066,Pako Forever,5808,05/23/2024, 03:14:02,844
GEOR20066,Pako Forever,5809,05/23/2024, 04:14:49,844
GEOR20066,Pako Forever,5809,05/23/2024, 05:14:47,844
GEOR20066,Pako Forever,5809,05/23/2024, 06:18:07,844
GEOR20066,Pako Forever,5809,05/23/2024, 07:12:06,844
GEOR20066,Pako Forever,5809,05/23/2024, 08:15:55,844
GEOR20066,Pako Forever,5809,05/23/2024, 09:14:46,844
GEOR20066,Pako Forever,5809,05/23/2024, 10:14:55,844
GEOR20066,Pako Forever,5809,05/23/2024, 11:12:43,844
GEOR20066,Pako Forever,5809,05/23/2024, 12:22:14,844
GEOR20066,Pako Forever,5809,05/23/2024, 13:14:23,844
GEOR20066,Pako Forever,5809,05/23/2024, 14:12:36,844
GEOR20066,Pako Forever,5809,05/23/2024, 15:14:02,844
GEOR20066,Pako Forever,5809,05/23/2024, 16:15:59,844
GEOR20066,Pako Forever,5810,05/23/2024, 17:13:10,844
GEOR20066,Pako Forever,5810,05/23/2024, 18:15:59,844
GEOR20066,Pako Forever,5810,05/23/2024, 19:11:30,844
GEOR20066,Pako Forever,5810,05/23/2024, 20:13:54,844
GEOR20066,Pako Forever,5811,05/23/2024, 21:11:56,844
GEOR20066,Pako Forever,5811,05/23/2024, 22:12:19,844
GEOR20066,Pako Forever,5811,05/23/2024, 23:13:24,844
GEOR20066,Pako Forever,5811,05/24/2024, 00:54:10,844
GEOR20066,Pako Forever,5811,05/24/2024, 01:56:14,844
GEOR20066,Pako Forever,5812,05/24/2024, 02:27:12,844
GEOR20066,Pako Forever,5812,05/24/2024, 03:14:08,844
GEOR20066,Pako Forever,5812,05/24/2024, 04:16:00,844
GEOR20066,Pako Forever,5813,05/24/2024, 05:12:49,844
GEOR20066,Pako Forever,5813,05/24/2024, 06:17:24,844
GEOR20066,Pako Forever,5813,05/24/2024, 07:11:44,844
GEOR20066,Pako Forever,5813,05/24/2024, 08:15:53,844
GEOR20066,Pako Forever,5814,05/24/2024, 09:13:49,844
GEOR20066,Pako Forever,5814,05/24/2024, 10:13:30,844
GEOR20066,Pako Forever,5814,05/24/2024, 11:12:54,844
GEOR20066,Pako Forever,5814,05/24/2024, 12:22:10,844
GEOR20066,Pako Forever,5814,05/24/2024, 13:14:26,844
GEOR20066,Pako Forever,5814,05/24/2024, 14:13:02,844
GEOR20066,Pako Forever,5814,05/24/2024, 15:14:07,844
GEOR20066,Pako Forever,5814,05/24/2024, 16:14:46,844
GEOR20066,Pako Forever,5815,05/24/2024, 17:12:10,844
GEOR20066,Pako Forever,5816,05/24/2024, 18:16:21,844
GEOR20066,Pako Forever,5817,05/24/2024, 19:10:51,844
GEOR20066,Pako Forever,5817,05/24/2024, 20:13:29,844
GEOR20066,Pako Forever,5817,05/24/2024, 21:12:10,844
GEOR20066,Pako Forever,5817,05/24/2024, 22:12:34,844
GEOR20066,Pako Forever,5817,05/24/2024, 23:12:11,844
GEOR20066,Pako Forever,5817,05/25/2024, 00:52:59,844
GEOR20066,Pako Forever,5817,05/25/2024, 01:53:47,844
GEOR20066,Pako Forever,5817,05/25/2024, 02:24:56,844
GEOR20066,Pako Forever,5817,05/25/2024, 03:15:03,844
GEOR20066,Pako Forever,5819,05/25/2024, 04:14:21,844
GEOR20066,Pako Forever,5819,05/25/2024, 05:12:07,844
GEOR20066,Pako Forever,5819,05/25/2024, 06:16:57,844
GEOR20066,Pako Forever,5820,05/25/2024, 07:11:21,844
GEOR20066,Pako Forever,5821,05/25/2024, 08:15:53,844
GEOR20066,Pako Forever,5821,05/25/2024, 09:12:36,844
GEOR20066,Pako Forever,5821,05/25/2024, 10:13:25,844
GEOR20066,Pako Forever,5821,05/25/2024, 11:11:48,844
GEOR20066,Pako Forever,5822,05/25/2024, 12:21:34,844
GEOR20066,Pako Forever,5822,05/25/2024, 13:12:21,844
GEOR20066,Pako Forever,5822,05/25/2024, 14:10:47,844
GEOR20066,Pako Forever,5822,05/25/2024, 15:12:47,844
GEOR20066,Pako Forever,5822,05/25/2024, 16:14:28,844
GEOR20066,Pako Forever,5822,05/25/2024, 17:13:27,844
GEOR20066,Pako Forever,5822,05/25/2024, 18:14:59,844
GEOR20066,Pako Forever,5822,05/25/2024, 19:10:50,844
GEOR20066,Pako Forever,5822,05/25/2024, 20:12:31,844
GEOR20066,Pako Forever,5822,05/25/2024, 21:11:02,844
GEOR20066,Pako Forever,5822,05/25/2024, 22:12:08,844
GEOR20066,Pako Forever,5822,05/25/2024, 23:12:18,844
GEOR20066,Pako Forever,5824,05/26/2024, 00:58:36,844
GEOR20066,Pako Forever,5824,05/26/2024, 02:01:08,844
GEOR20066,Pako Forever,5824,05/26/2024, 02:35:33,844
GEOR20066,Pako Forever,5824,05/26/2024, 03:13:21,844
GEOR20066,Pako Forever,5824,05/26/2024, 04:14:21,844
GEOR20066,Pako Forever,5826,05/26/2024, 05:11:55,844
GEOR20066,Pako Forever,5826,05/26/2024, 06:16:28,844
GEOR20066,Pako Forever,5826,05/26/2024, 08:14:16,844
GEOR20066,Pako Forever,5827,05/26/2024, 09:13:08,844
GEOR20066,Pako Forever,5828,05/26/2024, 10:13:16,844
GEOR20066,Pako Forever,5829,05/26/2024, 11:10:54,844
GEOR20066,Pako Forever,5829,05/26/2024, 12:20:48,844
GEOR20066,Pako Forever,5829,05/26/2024, 13:12:19,844
GEOR20066,Pako Forever,5829,05/26/2024, 14:10:48,844
GEOR20066,Pako Forever,5830,05/26/2024, 15:13:46,844
GEOR20066,Pako Forever,5830,05/26/2024, 16:15:06,844
GEOR20066,Pako Forever,5830,05/26/2024, 17:11:26,844
GEOR20066,Pako Forever,5830,05/26/2024, 18:15:27,844
GEOR20066,Pako Forever,5830,05/26/2024, 19:10:36,844
GEOR20066,Pako Forever,5830,05/26/2024, 20:12:32,844
GEOR20066,Pako Forever,5830,05/26/2024, 21:12:12,844
GEOR20066,Pako Forever,5830,05/26/2024, 22:11:40,844
GEOR20066,Pako Forever,5830,05/26/2024, 23:12:16,844
GEOR20066,Pako Forever,5830,05/27/2024, 00:55:20,844
GEOR20066,Pako Forever,5830,05/27/2024, 01:57:18,844
GEOR20066,Pako Forever,5830,05/27/2024, 02:29:02,844
GEOR20066,Pako Forever,5830,05/27/2024, 03:15:13,844
GEOR20066,Pako Forever,5830,05/27/2024, 04:16:29,844
GEOR20066,Pako Forever,5830,05/27/2024, 05:13:04,844
GEOR20066,Pako Forever,5830,05/27/2024, 06:18:29,844
GEOR20066,Pako Forever,5830,05/27/2024, 07:13:31,844
GEOR20066,Pako Forever,5830,05/27/2024, 08:16:52,844
GEOR20066,Pako Forever,5830,05/27/2024, 10:13:46,844
GEOR20066,Pako Forever,5830,05/27/2024, 11:12:16,844
GEOR20066,Pako Forever,5830,05/27/2024, 12:22:56,844
GEOR20066,Pako Forever,5830,05/27/2024, 13:14:44,844
GEOR20066,Pako Forever,5830,05/27/2024, 14:11:51,844
GEOR20066,Pako Forever,5830,05/27/2024, 15:14:37,844
GEOR20066,Pako Forever,5830,05/27/2024, 16:15:09,844
GEOR20066,Pako Forever,5831,05/27/2024, 17:10:59,844
GEOR20066,Pako Forever,5831,05/27/2024, 18:16:16,844
GEOR20066,Pako Forever,5831,05/27/2024, 19:11:15,844
GEOR20066,Pako Forever,5831,05/27/2024, 20:13:01,844
GEOR20066,Pako Forever,5831,05/27/2024, 21:12:54,844
GEOR20066,Pako Forever,5831,05/27/2024, 22:11:49,844
GEOR20066,Pako Forever,5833,05/27/2024, 23:14:07,844
GEOR20066,Pako Forever,5834,05/28/2024, 00:54:39,844
GEOR20066,Pako Forever,5834,05/28/2024, 02:03:18,844
GEOR20066,Pako Forever,5834,05/28/2024, 02:29:30,844
GEOR20066,Pako Forever,5834,05/28/2024, 03:14:07,844
GEOR20066,Pako Forever,5834,05/28/2024, 04:17:31,844
GEOR20066,Pako Forever,5835,05/28/2024, 05:12:18,844
GEOR20066,Pako Forever,5835,05/28/2024, 06:17:14,844
GEOR20066,Pako Forever,5835,05/28/2024, 07:13:33,844
GEOR20066,Pako Forever,5836,05/28/2024, 08:17:14,844
GEOR20066,Pako Forever,5836,05/28/2024, 09:13:25,844
GEOR20066,Pako Forever,5836,05/28/2024, 10:13:41,844
GEOR20066,Pako Forever,5836,05/28/2024, 11:10:51,844
GEOR20066,Pako Forever,5836,05/28/2024, 12:22:35,844
GEOR20066,Pako Forever,5836,05/28/2024, 13:14:52,844
GEOR20066,Pako Forever,5836,05/28/2024, 14:12:44,844
GEOR20066,Pako Forever,5836,05/28/2024, 15:12:49,844
GEOR20066,Pako Forever,5836,05/28/2024, 16:15:15,844
GEOR20066,Pako Forever,5836,05/28/2024, 17:11:57,844
GEOR20066,Pako Forever,5836,05/28/2024, 18:15:53,844
GEOR20066,Pako Forever,5836,05/28/2024, 19:11:00,844
GEOR20066,Pako Forever,5837,05/28/2024, 20:14:27,844
GEOR20066,Pako Forever,5837,05/28/2024, 21:12:44,844
GEOR20066,Pako Forever,5837,05/28/2024, 22:11:58,844
GEOR20066,Pako Forever,5838,05/28/2024, 23:14:08,844
GEOR20066,Pako Forever,5839,05/29/2024, 00:57:56,844
GEOR20066,Pako Forever,5839,05/29/2024, 02:00:14,844
GEOR20066,Pako Forever,5839,05/29/2024, 02:34:37,844
GEOR20066,Pako Forever,5839,05/29/2024, 03:14:23,844
GEOR20066,Pako Forever,5840,05/29/2024, 04:17:02,844
GEOR20066,Pako Forever,5840,05/29/2024, 05:13:31,844
GEOR20066,Pako Forever,5840,05/29/2024, 06:17:09,844
GEOR20066,Pako Forever,5840,05/29/2024, 07:12:29,844
GEOR20066,Pako Forever,5840,05/29/2024, 08:17:22,844
GEOR20066,Pako Forever,5840,05/29/2024, 09:14:58,844
GEOR20066,Pako Forever,5840,05/29/2024, 10:14:56,844
GEOR20066,Pako Forever,5840,05/29/2024, 11:11:44,844
GEOR20066,Pako Forever,5840,05/29/2024, 12:22:46,844
GEOR20066,Pako Forever,5840,05/29/2024, 13:14:40,844
GEOR20066,Pako Forever,5840,05/29/2024, 14:13:02,844
GEOR20066,Pako Forever,5840,05/29/2024, 15:14:28,844
GEOR20066,Pako Forever,5841,05/29/2024, 16:16:34,844
GEOR20066,Pako Forever,5841,05/29/2024, 17:12:45,844
GEOR20066,Pako Forever,5841,05/29/2024, 18:15:59,844
GEOR20066,Pako Forever,5842,05/29/2024, 19:10:59,844
GEOR20066,Pako Forever,5842,05/29/2024, 20:13:51,844
GEOR20066,Pako Forever,5842,05/29/2024, 21:11:41,844
GEOR20066,Pako Forever,5842,05/29/2024, 22:12:26,844
GEOR20066,Pako Forever,5843,05/29/2024, 23:13:05,844
GEOR20066,Pako Forever,5843,05/30/2024, 00:54:53,844
GEOR20066,Pako Forever,5844,05/30/2024, 01:58:05,844
GEOR20066,Pako Forever,5844,05/30/2024, 02:29:59,844
GEOR20066,Pako Forever,5845,05/30/2024, 03:14:10,844
GEOR20066,Pako Forever,5845,05/30/2024, 04:18:17,844
GEOR20066,Pako Forever,5845,05/30/2024, 05:13:04,844
GEOR20066,Pako Forever,5845,05/30/2024, 06:17:11,844
GEOR20066,Pako Forever,5845,05/30/2024, 07:12:56,844
GEOR20066,Pako Forever,5845,05/30/2024, 08:17:05,844
GEOR20066,Pako Forever,5845,05/30/2024, 09:14:28,844
GEOR20066,Pako Forever,5845,05/30/2024, 10:14:04,844
GEOR20066,Pako Forever,5845,05/30/2024, 11:11:02,844
GEOR20066,Pako Forever,5845,05/30/2024, 12:23:04,844
GEOR20066,Pako Forever,5845,05/30/2024, 13:14:26,844
GEOR20066,Pako Forever,5845,05/30/2024, 14:13:18,844
GEOR20066,Pako Forever,5845,05/30/2024, 15:14:09,844
GEOR20066,Pako Forever,5845,05/30/2024, 16:15:33,844
GEOR20066,Pako Forever,5845,05/30/2024, 17:11:37,844
GEOR20066,Pako Forever,5845,05/30/2024, 18:17:43,844
GEOR20066,Pako Forever,5846,05/30/2024, 19:12:17,844
GEOR20066,Pako Forever,5846,05/30/2024, 20:14:43,844
GEOR20066,Pako Forever,5846,05/30/2024, 21:13:25,844
GEOR20066,Pako Forever,5849,05/30/2024, 22:13:04,844
GEOR20066,Pako Forever,5849,05/30/2024, 23:13:18,844
GEOR20066,Pako Forever,5849,05/31/2024, 00:55:33,844
GEOR20066,Pako Forever,5849,05/31/2024, 01:57:39,844
GEOR20066,Pako Forever,5849,05/31/2024, 02:29:53,844
GEOR20066,Pako Forever,5849,05/31/2024, 03:14:14,844
GEOR20066,Pako Forever,5849,05/31/2024, 04:16:41,844
GEOR20066,Pako Forever,5849,05/31/2024, 05:15:07,844
GEOR20066,Pako Forever,5849,05/31/2024, 06:17:22,844
GEOR20066,Pako Forever,5849,05/31/2024, 07:12:07,844
GEOR20066,Pako Forever,5849,05/31/2024, 08:16:30,844
GEOR20066,Pako Forever,5849,05/31/2024, 09:15:28,844
GEOR20066,Pako Forever,5849,05/31/2024, 10:13:58,844
GEOR20066,Pako Forever,5849,05/31/2024, 11:11:37,844
GEOR20066,Pako Forever,5850,05/31/2024, 12:22:32,844
GEOR20066,Pako Forever,5850,05/31/2024, 13:14:14,844
GEOR20066,Pako Forever,5850,05/31/2024, 14:11:52,844
GEOR20066,Pako Forever,5851,05/31/2024, 15:14:57,844
GEOR20066,Pako Forever,5851,05/31/2024, 16:14:49,844
GEOR20066,Pako Forever,5851,05/31/2024, 17:11:59,844
GEOR20066,Pako Forever,5851,05/31/2024, 18:16:14,844
GEOR20066,Pako Forever,5851,05/31/2024, 19:11:27,844
GEOR20066,Pako Forever,5852,05/31/2024, 20:13:13,844
GEOR20066,Pako Forever,5853,05/31/2024, 21:12:40,844
GEOR20066,Pako Forever,5853,05/31/2024, 22:12:04,844
GEOR20066,Pako Forever,5853,05/31/2024, 23:12:26,844
GEOR20066,Pako Forever,5854,06/01/2024, 00:58:10,844
GEOR20066,Pako Forever,5854,06/01/2024, 02:01:37,844
GEOR20066,Pako Forever,5855,06/01/2024, 02:38:20,844
GEOR20066,Pako Forever,5855,06/01/2024, 03:16:01,844
GEOR20066,Pako Forever,5855,06/01/2024, 04:15:05,844
GEOR20066,Pako Forever,5855,06/01/2024, 05:13:35,844
GEOR20066,Pako Forever,5855,06/01/2024, 06:16:40,844
GEOR20066,Pako Forever,5855,06/01/2024, 07:11:31,844
GEOR20066,Pako Forever,5856,06/01/2024, 08:15:22,844
GEOR20066,Pako Forever,5856,06/01/2024, 09:15:21,844
GEOR20066,Pako Forever,5856,06/01/2024, 10:13:19,844
GEOR20066,Pako Forever,5856,06/01/2024, 11:12:26,844
GEOR20066,Pako Forever,5856,06/01/2024, 12:21:37,844
GEOR20066,Pako Forever,5856,06/01/2024, 13:12:29,844
GEOR20066,Pako Forever,5856,06/01/2024, 14:12:11,844
GEOR20066,Pako Forever,5856,06/01/2024, 15:12:01,844
GEOR20066,Pako Forever,5857,06/01/2024, 16:14:14,844
GEOR20066,Pako Forever,5857,06/01/2024, 17:11:43,844
GEOR20066,Pako Forever,5857,06/01/2024, 18:15:46,844
GEOR20066,Pako Forever,5857,06/01/2024, 19:12:00,844
GEOR20066,Pako Forever,5858,06/01/2024, 20:12:25,844
GEOR20066,Pako Forever,5858,06/01/2024, 21:12:36,844
GEOR20066,Pako Forever,5858,06/01/2024, 22:11:26,844
GEOR20066,Pako Forever,5858,06/01/2024, 23:14:09,844
GEOR20066,Pako Forever,5858,06/02/2024, 00:58:32,844
GEOR20066,Pako Forever,5858,06/02/2024, 02:02:23,844
GEOR20066,Pako Forever,5858,06/02/2024, 03:14:25,844
GEOR20066,Pako Forever,5859,06/02/2024, 04:14:32,844
GEOR20066,Pako Forever,5859,06/02/2024, 05:12:23,844
GEOR20066,Pako Forever,5859,06/02/2024, 06:17:49,844
GEOR20066,Pako Forever,5859,06/02/2024, 07:12:38,844
GEOR20066,Pako Forever,5859,06/02/2024, 08:14:46,844
GEOR20066,Pako Forever,5859,06/02/2024, 09:13:41,844
GEOR20066,Pako Forever,5859,06/02/2024, 10:12:42,844
GEOR20066,Pako Forever,5859,06/02/2024, 11:11:08,844
GEOR20066,Pako Forever,5859,06/02/2024, 12:21:14,844
GEOR20066,Pako Forever,5859,06/02/2024, 13:12:39,844
GEOR20066,Pako Forever,5859,06/02/2024, 14:11:15,844
GEOR20066,Pako Forever,5860,06/02/2024, 15:12:13,844
GEOR20066,Pako Forever,5861,06/02/2024, 16:14:45,844
GEOR20066,Pako Forever,5861,06/02/2024, 17:12:27,844
GEOR20066,Pako Forever,5861,06/02/2024, 18:16:47,844
GEOR20066,Pako Forever,5861,06/02/2024, 19:10:09,844
GEOR20066,Pako Forever,5863,06/02/2024, 20:12:28,844
GEOR20066,Pako Forever,5864,06/02/2024, 21:12:42,844
GEOR20066,Pako Forever,5865,06/02/2024, 22:11:43,844
GEOR20066,Pako Forever,5865,06/02/2024, 23:12:49,844
GEOR20066,Pako Forever,5866,06/03/2024, 00:56:22,844
GEOR20066,Pako Forever,5867,06/03/2024, 01:59:14,844
GEOR20066,Pako Forever,5867,06/03/2024, 02:33:16,844
GEOR20066,Pako Forever,5867,06/03/2024, 03:15:22,844
GEOR20066,Pako Forever,5867,06/03/2024, 04:17:25,844
GEOR20066,Pako Forever,5868,06/03/2024, 05:14:34,844
GEOR20066,Pako Forever,5868,06/03/2024, 06:17:48,844
GEOR20066,Pako Forever,5868,06/03/2024, 07:12:40,844
GEOR20066,Pako Forever,5868,06/03/2024, 08:17:31,844
GEOR20066,Pako Forever,5868,06/03/2024, 09:14:21,844
GEOR20066,Pako Forever,5868,06/03/2024, 10:16:42,844
GEOR20066,Pako Forever,5868,06/03/2024, 11:11:38,844
GEOR20066,Pako Forever,5869,06/03/2024, 12:23:52,844
GEOR20066,Pako Forever,5870,06/03/2024, 13:15:30,844
GEOR20066,Pako Forever,5870,06/03/2024, 14:12:38,844
GEOR20066,Pako Forever,5870,06/03/2024, 15:14:10,844
GEOR20066,Pako Forever,5870,06/03/2024, 16:16:41,844
GEOR20066,Pako Forever,5870,06/03/2024, 17:12:30,844
GEOR20066,Pako Forever,5872,06/03/2024, 18:17:18,844
GEOR20066,Pako Forever,5872,06/03/2024, 19:11:48,844
GEOR20066,Pako Forever,5872,06/03/2024, 20:13:14,844
GEOR20066,Pako Forever,5872,06/03/2024, 21:13:19,844
GEOR20066,Pako Forever,5872,06/03/2024, 22:12:39,844
GEOR20066,Pako Forever,5873,06/03/2024, 23:13:57,844
GEOR20066,Pako Forever,5873,06/04/2024, 00:55:40,844
GEOR20066,Pako Forever,5873,06/04/2024, 01:57:58,844
GEOR20066,Pako Forever,5873,06/04/2024, 02:30:43,844
GEOR20066,Pako Forever,5873,06/04/2024, 03:15:18,844
GEOR20066,Pako Forever,5873,06/04/2024, 04:15:00,844
GEOR20066,Pako Forever,5873,06/04/2024, 05:15:29,844
GEOR20066,Pako Forever,5873,06/04/2024, 06:17:43,844
GEOR20066,Pako Forever,5873,06/04/2024, 07:12:52,844
GEOR20066,Pako Forever,5873,06/04/2024, 08:16:20,844
GEOR20066,Pako Forever,5873,06/04/2024, 09:15:11,844
GEOR20066,Pako Forever,5873,06/04/2024, 10:14:11,844
GEOR20066,Pako Forever,5874,06/04/2024, 11:12:18,844
GEOR20066,Pako Forever,5874,06/04/2024, 12:22:51,844
GEOR20066,Pako Forever,5874,06/04/2024, 13:14:58,844
GEOR20066,Pako Forever,5874,06/04/2024, 14:12:37,844
GEOR20066,Pako Forever,5874,06/04/2024, 15:13:56,844
GEOR20066,Pako Forever,5874,06/04/2024, 16:16:29,844
GEOR20066,Pako Forever,5874,06/04/2024, 17:12:07,844
GEOR20066,Pako Forever,5874,06/04/2024, 18:16:50,844
GEOR20066,Pako Forever,5874,06/04/2024, 19:12:04,844
GEOR20066,Pako Forever,5874,06/04/2024, 20:13:43,844
GEOR20066,Pako Forever,5874,06/04/2024, 21:12:23,844
GEOR20066,Pako Forever,5874,06/04/2024, 22:13:21,844
GEOR20066,Pako Forever,5874,06/04/2024, 23:14:00,844
GEOR20066,Pako Forever,5876,06/05/2024, 00:55:06,844
GEOR20066,Pako Forever,5877,06/05/2024, 01:57:57,844
GEOR20066,Pako Forever,5877,06/05/2024, 02:30:39,844
GEOR20066,Pako Forever,5878,06/05/2024, 03:16:20,844
GEOR20066,Pako Forever,5879,06/05/2024, 04:18:14,844
GEOR20066,Pako Forever,5879,06/05/2024, 05:13:18,844
GEOR20066,Pako Forever,5879,06/05/2024, 06:17:53,844
GEOR20066,Pako Forever,5879,06/05/2024, 07:12:23,844
GEOR20066,Pako Forever,5879,06/05/2024, 08:16:05,844
GEOR20066,Pako Forever,5879,06/05/2024, 09:15:43,844
GEOR20066,Pako Forever,5879,06/05/2024, 10:13:31,844
GEOR20066,Pako Forever,5879,06/05/2024, 11:11:02,844
GEOR20066,Pako Forever,5879,06/05/2024, 12:23:32,844
GEOR20066,Pako Forever,5879,06/05/2024, 13:15:24,844
GEOR20066,Pako Forever,5879,06/05/2024, 14:13:25,844
GEOR20066,Pako Forever,5879,06/05/2024, 15:13:34,844
GEOR20066,Pako Forever,5879,06/05/2024, 16:16:14,844
GEOR20066,Pako Forever,5879,06/05/2024, 17:12:05,844
GEOR20066,Pako Forever,5879,06/05/2024, 18:16:29,844
GEOR20066,Pako Forever,5879,06/05/2024, 19:11:03,844
GEOR20066,Pako Forever,5879,06/05/2024, 20:14:05,844
GEOR20066,Pako Forever,5879,06/05/2024, 21:14:06,844
GEOR20066,Pako Forever,5879,06/05/2024, 22:12:28,844
GEOR20066,Pako Forever,5879,06/05/2024, 23:13:43,844
GEOR20066,Pako Forever,5880,06/06/2024, 00:55:17,844
GEOR20066,Pako Forever,5880,06/06/2024, 01:57:28,844
GEOR20066,Pako Forever,5880,06/06/2024, 02:29:47,844
GEOR20066,Pako Forever,5880,06/06/2024, 03:14:54,844
GEOR20066,Pako Forever,5880,06/06/2024, 04:15:10,844
GEOR20066,Pako Forever,5880,06/06/2024, 05:13:53,844
GEOR20066,Pako Forever,5880,06/06/2024, 06:17:47,844
GEOR20066,Pako Forever,5880,06/06/2024, 07:13:42,844
GEOR20066,Pako Forever,5880,06/06/2024, 08:16:30,844
GEOR20066,Pako Forever,5881,06/06/2024, 09:14:56,844
GEOR20066,Pako Forever,5881,06/06/2024, 10:14:08,844
GEOR20066,Pako Forever,5881,06/06/2024, 11:11:39,844
GEOR20066,Pako Forever,5881,06/06/2024, 12:22:59,844
GEOR20066,Pako Forever,5881,06/06/2024, 13:15:21,844
GEOR20066,Pako Forever,5881,06/06/2024, 14:13:16,844
GEOR20066,Pako Forever,5882,06/06/2024, 15:14:43,844
GEOR20066,Pako Forever,5882,06/06/2024, 16:16:10,844
GEOR20066,Pako Forever,5882,06/06/2024, 17:13:08,844
GEOR20066,Pako Forever,5882,06/06/2024, 18:16:22,844
GEOR20066,Pako Forever,5882,06/06/2024, 19:12:45,844
GEOR20066,Pako Forever,5882,06/06/2024, 20:15:08,844
GEOR20066,Pako Forever,5882,06/06/2024, 21:13:46,844
GEOR20066,Pako Forever,5882,06/06/2024, 22:12:14,844
GEOR20066,Pako Forever,5882,06/06/2024, 23:16:35,844
GEOR20066,Pako Forever,5882,06/07/2024, 00:57:18,844
GEOR20066,Pako Forever,5882,06/07/2024, 02:00:00,844
GEOR20066,Pako Forever,5883,06/07/2024, 02:36:10,844
GEOR20066,Pako Forever,5883,06/07/2024, 03:15:11,844
GEOR20066,Pako Forever,5884,06/07/2024, 04:16:27,844
GEOR20066,Pako Forever,5884,06/07/2024, 05:13:59,844
GEOR20066,Pako Forever,5884,06/07/2024, 06:18:23,844
GEOR20066,Pako Forever,5884,06/07/2024, 07:12:19,844
GEOR20066,Pako Forever,5884,06/07/2024, 08:16:27,844
GEOR20066,Pako Forever,5884,06/07/2024, 09:14:08,844
GEOR20066,Pako Forever,5884,06/07/2024, 10:13:55,844
GEOR20066,Pako Forever,5884,06/07/2024, 11:12:24,844
GEOR20066,Pako Forever,5884,06/07/2024, 12:24:26,844
GEOR20066,Pako Forever,5884,06/07/2024, 13:16:06,844
GEOR20066,Pako Forever,5884,06/07/2024, 14:13:23,844
GEOR20066,Pako Forever,5884,06/07/2024, 15:13:44,844
GEOR20066,Pako Forever,5884,06/07/2024, 16:15:19,844
GEOR20066,Pako Forever,5884,06/07/2024, 17:11:59,844
GEOR20066,Pako Forever,5885,06/07/2024, 18:17:30,844
GEOR20066,Pako Forever,5885,06/07/2024, 19:11:27,844
GEOR20066,Pako Forever,5885,06/07/2024, 20:13:18,844
GEOR20066,Pako Forever,5886,06/07/2024, 21:14:14,844
GEOR20066,Pako Forever,5886,06/07/2024, 22:13:00,844
GEOR20066,Pako Forever,5886,06/07/2024, 23:13:56,844
GEOR20066,Pako Forever,5886,06/08/2024, 00:55:39,844
GEOR20066,Pako Forever,5886,06/08/2024, 01:57:23,844
GEOR20066,Pako Forever,5886,06/08/2024, 02:29:34,844
GEOR20066,Pako Forever,5888,06/08/2024, 03:14:09,844
GEOR20066,Pako Forever,5888,06/08/2024, 04:16:09,844
GEOR20066,Pako Forever,5888,06/08/2024, 05:12:41,844
GEOR20066,Pako Forever,5890,06/08/2024, 06:16:20,844
GEOR20066,Pako Forever,5890,06/08/2024, 07:12:31,844
GEOR20066,Pako Forever,5890,06/08/2024, 08:14:40,844
GEOR20066,Pako Forever,5890,06/08/2024, 09:14:28,844
GEOR20066,Pako Forever,5890,06/08/2024, 10:13:20,844
GEOR20066,Pako Forever,5890,06/08/2024, 11:11:26,844
GEOR20066,Pako Forever,5890,06/08/2024, 12:20:51,844
GEOR20066,Pako Forever,5890,06/08/2024, 13:13:10,844
GEOR20066,Pako Forever,5890,06/08/2024, 14:12:07,844
GEOR20066,Pako Forever,5890,06/08/2024, 15:13:10,844
GEOR20066,Pako Forever,5890,06/08/2024, 16:16:22,844
GEOR20066,Pako Forever,5890,06/08/2024, 17:11:31,844
GEOR20066,Pako Forever,5891,06/08/2024, 18:15:35,844
GEOR20066,Pako Forever,5891,06/08/2024, 19:10:51,844
GEOR20066,Pako Forever,5891,06/08/2024, 20:12:36,844
GEOR20066,Pako Forever,5891,06/08/2024, 21:11:41,844
GEOR20066,Pako Forever,5891,06/08/2024, 22:11:44,844
GEOR20066,Pako Forever,5891,06/08/2024, 23:13:07,844
GEOR20066,Pako Forever,5891,06/09/2024, 01:00:22,844
GEOR20066,Pako Forever,5891,06/09/2024, 02:07:12,844
GEOR20066,Pako Forever,5891,06/09/2024, 03:14:35,844
GEOR20066,Pako Forever,5891,06/09/2024, 04:15:32,844
GEOR20066,Pako Forever,5891,06/09/2024, 05:12:33,844
GEOR20066,Pako Forever,5891,06/09/2024, 06:17:08,844
GEOR20066,Pako Forever,5891,06/09/2024, 07:12:48,844
GEOR20066,Pako Forever,5891,06/09/2024, 08:15:13,844
GEOR20066,Pako Forever,5891,06/09/2024, 09:14:12,844
GEOR20066,Pako Forever,5892,06/09/2024, 10:12:36,844
GEOR20066,Pako Forever,5892,06/09/2024, 11:10:43,844
GEOR20066,Pako Forever,5892,06/09/2024, 12:22:06,844
GEOR20066,Pako Forever,5892,06/09/2024, 13:13:23,844
GEOR20066,Pako Forever,5892,06/09/2024, 14:12:04,844
GEOR20066,Pako Forever,5892,06/09/2024, 15:12:31,844
GEOR20066,Pako Forever,5892,06/09/2024, 16:14:31,844
GEOR20066,Pako Forever,5892,06/09/2024, 17:12:42,844
GEOR20066,Pako Forever,5892,06/09/2024, 18:15:29,844
GEOR20066,Pako Forever,5892,06/09/2024, 19:11:21,844
GEOR20066,Pako Forever,5892,06/09/2024, 20:14:18,844
GEOR20066,Pako Forever,5892,06/09/2024, 21:13:06,844
GEOR20066,Pako Forever,5892,06/09/2024, 22:12:33,844
GEOR20066,Pako Forever,5892,06/09/2024, 23:13:03,844
GEOR20066,Pako Forever,5893,06/10/2024, 00:57:31,844
GEOR20066,Pako Forever,5893,06/10/2024, 02:02:09,844
GEOR20066,Pako Forever,5894,06/10/2024, 03:14:57,844
GEOR20066,Pako Forever,5894,06/10/2024, 04:17:53,844
GEOR20066,Pako Forever,5894,06/10/2024, 05:13:20,844
GEOR20066,Pako Forever,5894,06/10/2024, 06:19:10,844
GEOR20066,Pako Forever,5894,06/10/2024, 07:12:54,844
GEOR20066,Pako Forever,5895,06/10/2024, 08:17:23,844
GEOR20066,Pako Forever,5895,06/10/2024, 09:15:32,844
GEOR20066,Pako Forever,5895,06/10/2024, 10:15:04,844
GEOR20066,Pako Forever,5895,06/10/2024, 11:12:02,844
GEOR20066,Pako Forever,5895,06/10/2024, 12:23:53,844
GEOR20066,Pako Forever,5895,06/10/2024, 13:16:24,844
GEOR20066,Pako Forever,5895,06/10/2024, 14:14:23,844
GEOR20066,Pako Forever,5895,06/10/2024, 15:14:38,844
GEOR20066,Pako Forever,5895,06/10/2024, 16:16:42,844
GEOR20066,Pako Forever,5895,06/10/2024, 17:11:29,844
GEOR20066,Pako Forever,5896,06/10/2024, 18:16:55,844
GEOR20066,Pako Forever,5896,06/10/2024, 19:11:26,844
GEOR20066,Pako Forever,5896,06/10/2024, 20:13:40,844
GEOR20066,Pako Forever,5896,06/10/2024, 21:13:28,844
GEOR20066,Pako Forever,5896,06/10/2024, 22:13:51,844
GEOR20066,Pako Forever,5896,06/10/2024, 23:12:56,844
GEOR20066,Pako Forever,5896,06/11/2024, 00:56:30,844
GEOR20066,Pako Forever,5896,06/11/2024, 01:59:54,844
GEOR20066,Pako Forever,5896,06/11/2024, 02:34:39,844
GEOR20066,Pako Forever,5897,06/11/2024, 03:14:30,844
GEOR20066,Pako Forever,5897,06/11/2024, 04:15:41,844
GEOR20066,Pako Forever,5898,06/11/2024, 05:13:59,844
GEOR20066,Pako Forever,5898,06/11/2024, 06:17:29,844
GEOR20066,Pako Forever,5898,06/11/2024, 07:13:17,844
GEOR20066,Pako Forever,5898,06/11/2024, 08:17:09,844
GEOR20066,Pako Forever,5898,06/11/2024, 09:15:21,844
GEOR20066,Pako Forever,5898,06/11/2024, 10:14:41,844
GEOR20066,Pako Forever,5898,06/11/2024, 11:12:26,844
GEOR20066,Pako Forever,5898,06/11/2024, 12:23:59,844
GEOR20066,Pako Forever,5898,06/11/2024, 13:15:57,844
GEOR20066,Pako Forever,5898,06/11/2024, 14:12:50,844
GEOR20066,Pako Forever,5898,06/11/2024, 15:13:24,844
GEOR20066,Pako Forever,5898,06/11/2024, 16:16:38,844
GEOR20066,Pako Forever,5898,06/11/2024, 17:12:58,844
GEOR20066,Pako Forever,5898,06/11/2024, 18:17:41,844
GEOR20066,Pako Forever,5898,06/11/2024, 19:11:13,844
GEOR20066,Pako Forever,5898,06/11/2024, 20:13:36,844
GEOR20066,Pako Forever,5898,06/11/2024, 21:12:17,844
GEOR20066,Pako Forever,5898,06/11/2024, 22:12:20,844
GEOR20066,Pako Forever,5898,06/11/2024, 23:12:54,844
GEOR20066,Pako Forever,5899,06/12/2024, 00:56:39,844
GEOR20066,Pako Forever,5899,06/12/2024, 01:59:33,844
GEOR20066,Pako Forever,5899,06/12/2024, 02:34:54,844
GEOR20066,Pako Forever,5900,06/12/2024, 03:14:35,844
GEOR20066,Pako Forever,5900,06/12/2024, 04:15:48,844
GEOR20066,Pako Forever,5900,06/12/2024, 05:13:13,844
GEOR20066,Pako Forever,5900,06/12/2024, 06:17:42,844
GEOR20066,Pako Forever,5900,06/12/2024, 07:12:44,844
GEOR20066,Pako Forever,5902,06/12/2024, 08:16:32,844
GEOR20066,Pako Forever,5902,06/12/2024, 09:14:07,844
GEOR20066,Pako Forever,5902,06/12/2024, 10:14:13,844
GEOR20066,Pako Forever,5902,06/12/2024, 11:12:08,844
GEOR20066,Pako Forever,5902,06/12/2024, 12:23:32,844
GEOR20066,Pako Forever,5902,06/12/2024, 13:15:27,844
GEOR20066,Pako Forever,5902,06/12/2024, 14:12:15,844
GEOR20066,Pako Forever,5902,06/12/2024, 15:12:05,844
GEOR20066,Pako Forever,5903,06/12/2024, 16:15:46,844
GEOR20066,Pako Forever,5903,06/12/2024, 17:11:43,844
GEOR20066,Pako Forever,5903,06/12/2024, 18:17:20,844
GEOR20066,Pako Forever,5903,06/12/2024, 19:11:43,844
GEOR20066,Pako Forever,5903,06/12/2024, 20:13:34,844
GEOR20066,Pako Forever,5903,06/12/2024, 21:12:33,844
GEOR20066,Pako Forever,5903,06/12/2024, 22:12:51,844
GEOR20066,Pako Forever,5903,06/12/2024, 23:13:09,844
GEOR20066,Pako Forever,5903,06/13/2024, 00:56:00,844
GEOR20066,Pako Forever,5904,06/13/2024, 01:58:52,844
GEOR20066,Pako Forever,5905,06/13/2024, 02:33:01,844
GEOR20066,Pako Forever,5905,06/13/2024, 03:14:23,844
GEOR20066,Pako Forever,5905,06/13/2024, 04:15:55,844
GEOR20066,Pako Forever,5905,06/13/2024, 05:14:19,844
GEOR20066,Pako Forever,5905,06/13/2024, 06:18:04,844
GEOR20066,Pako Forever,5906,06/13/2024, 07:12:32,844
GEOR20066,Pako Forever,5906,06/13/2024, 08:16:23,844
GEOR20066,Pako Forever,5906,06/13/2024, 09:15:03,844
GEOR20066,Pako Forever,5906,06/13/2024, 10:13:41,844
GEOR20066,Pako Forever,5906,06/13/2024, 11:12:20,844
GEOR20066,Pako Forever,5906,06/13/2024, 12:23:33,844
GEOR20066,Pako Forever,5906,06/13/2024, 13:15:21,844
GEOR20066,Pako Forever,5906,06/13/2024, 14:13:21,844
GEOR20066,Pako Forever,5906,06/13/2024, 15:14:09,844
GEOR20066,Pako Forever,5906,06/13/2024, 16:17:15,844
GEOR20066,Pako Forever,5906,06/13/2024, 17:12:43,844
GEOR20066,Pako Forever,5907,06/13/2024, 18:17:39,844
GEOR20066,Pako Forever,5907,06/13/2024, 19:11:18,844
GEOR20066,Pako Forever,5907,06/13/2024, 20:13:30,844
GEOR20066,Pako Forever,5907,06/13/2024, 21:13:47,844
GEOR20066,Pako Forever,5907,06/13/2024, 22:12:52,844
GEOR20066,Pako Forever,5907,06/13/2024, 23:13:46,844
GEOR20066,Pako Forever,5908,06/14/2024, 00:55:54,844
GEOR20066,Pako Forever,5908,06/14/2024, 01:59:19,844
GEOR20066,Pako Forever,5908,06/14/2024, 02:34:19,844
GEOR20066,Pako Forever,5908,06/14/2024, 03:14:20,844
GEOR20066,Pako Forever,5908,06/14/2024, 04:15:46,844
GEOR20066,Pako Forever,5908,06/14/2024, 05:12:53,844
GEOR20066,Pako Forever,5908,06/14/2024, 07:13:17,844
GEOR20066,Pako Forever,5908,06/14/2024, 08:16:07,844
GEOR20066,Pako Forever,5908,06/14/2024, 09:13:55,844
GEOR20066,Pako Forever,5908,06/14/2024, 10:13:42,844
GEOR20066,Pako Forever,5908,06/14/2024, 11:11:37,844
GEOR20066,Pako Forever,5909,06/14/2024, 12:23:11,844
GEOR20066,Pako Forever,5909,06/14/2024, 13:15:40,844
GEOR20066,Pako Forever,5909,06/14/2024, 14:13:41,844
GEOR20066,Pako Forever,5909,06/14/2024, 15:15:10,844
GEOR20066,Pako Forever,5909,06/14/2024, 16:14:59,844
GEOR20066,Pako Forever,5909,06/14/2024, 17:13:05,844
GEOR20066,Pako Forever,5909,06/14/2024, 18:17:46,844
GEOR20066,Pako Forever,5909,06/14/2024, 19:10:56,844
GEOR20066,Pako Forever,5909,06/14/2024, 20:13:45,844
GEOR20066,Pako Forever,5909,06/14/2024, 21:13:29,844
GEOR20066,Pako Forever,5909,06/14/2024, 22:13:12,844
GEOR20066,Pako Forever,5909,06/14/2024, 23:12:54,844
GEOR20066,Pako Forever,5909,06/15/2024, 00:55:53,844
GEOR20066,Pako Forever,5909,06/15/2024, 01:58:18,844
GEOR20066,Pako Forever,5909,06/15/2024, 02:31:01,844
GEOR20066,Pako Forever,5909,06/15/2024, 03:14:14,844
GEOR20066,Pako Forever,5909,06/15/2024, 04:16:25,844
GEOR20066,Pako Forever,5909,06/15/2024, 05:13:19,844
GEOR20066,Pako Forever,5911,06/15/2024, 06:16:24,844
GEOR20066,Pako Forever,5911,06/15/2024, 07:13:27,844
GEOR20066,Pako Forever,5911,06/15/2024, 08:15:28,844
GEOR20066,Pako Forever,5911,06/15/2024, 09:12:52,844
GEOR20066,Pako Forever,5911,06/15/2024, 10:14:26,844
GEOR20066,Pako Forever,5911,06/15/2024, 11:11:29,844
GEOR20066,Pako Forever,5911,06/15/2024, 12:22:26,844
GEOR20066,Pako Forever,5911,06/15/2024, 13:13:21,844
GEOR20066,Pako Forever,5911,06/15/2024, 14:12:13,844
GEOR20066,Pako Forever,5911,06/15/2024, 15:13:15,844
GEOR20066,Pako Forever,5911,06/15/2024, 16:15:59,844
GEOR20066,Pako Forever,5911,06/15/2024, 17:12:02,844
GEOR20066,Pako Forever,5911,06/15/2024, 18:16:45,844
GEOR20066,Pako Forever,5911,06/15/2024, 19:11:04,844
GEOR20066,Pako Forever,5911,06/15/2024, 20:13:56,844
GEOR20066,Pako Forever,5911,06/15/2024, 21:11:23,844
GEOR20066,Pako Forever,5911,06/15/2024, 22:12:42,844
GEOR20066,Pako Forever,5911,06/15/2024, 23:13:31,844
GEOR20066,Pako Forever,5911,06/16/2024, 01:00:37,844
GEOR20066,Pako Forever,5911,06/16/2024, 02:07:26,844
GEOR20066,Pako Forever,5911,06/16/2024, 03:14:25,844
GEOR20066,Pako Forever,5911,06/16/2024, 04:15:03,844
GEOR20066,Pako Forever,5911,06/16/2024, 05:13:23,844
GEOR20066,Pako Forever,5911,06/16/2024, 06:17:25,844
GEOR20066,Pako Forever,5911,06/16/2024, 07:13:23,844
GEOR20066,Pako Forever,5911,06/16/2024, 08:14:51,844
GEOR20066,Pako Forever,5911,06/16/2024, 09:14:35,844
GEOR20066,Pako Forever,5911,06/16/2024, 10:13:44,844
GEOR20066,Pako Forever,5911,06/16/2024, 11:11:20,844
GEOR20066,Pako Forever,5911,06/16/2024, 12:21:52,844
GEOR20066,Pako Forever,5911,06/16/2024, 13:13:31,844
GEOR20066,Pako Forever,5912,06/16/2024, 14:11:25,844
GEOR20066,Pako Forever,5912,06/16/2024, 15:13:57,844
GEOR20066,Pako Forever,5912,06/16/2024, 16:14:42,844
GEOR20066,Pako Forever,5912,06/16/2024, 17:11:13,844
GEOR20066,Pako Forever,5912,06/16/2024, 18:16:59,844
GEOR20066,Pako Forever,5912,06/16/2024, 19:12:13,844
GEOR20066,Pako Forever,5912,06/16/2024, 20:12:42,844
GEOR20066,Pako Forever,5912,06/16/2024, 21:13:54,844
GEOR20066,Pako Forever,5912,06/16/2024, 22:13:44,844
GEOR20066,Pako Forever,5914,06/16/2024, 23:14:48,844
GEOR20066,Pako Forever,5914,06/17/2024, 00:58:13,844
GEOR20066,Pako Forever,5914,06/17/2024, 02:03:25,844
GEOR20066,Pako Forever,5914,06/17/2024, 03:15:57,844
GEOR20066,Pako Forever,5914,06/17/2024, 04:16:58,844
GEOR20066,Pako Forever,5914,06/17/2024, 05:16:35,844
GEOR20066,Pako Forever,5914,06/17/2024, 06:18:58,844
GEOR20066,Pako Forever,5914,06/17/2024, 07:12:54,844
GEOR20066,Pako Forever,5914,06/17/2024, 08:17:23,844
GEOR20066,Pako Forever,5914,06/17/2024, 09:14:41,844
GEOR20066,Pako Forever,5914,06/17/2024, 10:15:17,844
GEOR20066,Pako Forever,5914,06/17/2024, 11:11:34,844
GEOR20066,Pako Forever,5914,06/17/2024, 12:23:44,844
GEOR20066,Pako Forever,5914,06/17/2024, 13:16:09,844
GEOR20066,Pako Forever,5914,06/17/2024, 14:13:15,844
GEOR20066,Pako Forever,5914,06/17/2024, 15:14:50,844
GEOR20066,Pako Forever,5914,06/17/2024, 16:16:31,844
GEOR20066,Pako Forever,5916,06/17/2024, 17:12:35,844
GEOR20066,Pako Forever,5916,06/17/2024, 18:16:59,844
GEOR20066,Pako Forever,5916,06/17/2024, 19:10:37,844
GEOR20066,Pako Forever,5917,06/17/2024, 20:11:34,844
GEOR20066,Pako Forever,5918,06/17/2024, 21:12:59,844
GEOR20066,Pako Forever,5918,06/17/2024, 22:12:16,844
GEOR20066,Pako Forever,5918,06/17/2024, 23:13:50,844
GEOR20066,Pako Forever,5918,06/18/2024, 00:56:37,844
GEOR20066,Pako Forever,5918,06/18/2024, 02:00:04,844
GEOR20066,Pako Forever,5918,06/18/2024, 02:35:08,844
GEOR20066,Pako Forever,5918,06/18/2024, 03:15:17,844
GEOR20066,Pako Forever,5918,06/18/2024, 04:15:40,844
GEOR20066,Pako Forever,5918,06/18/2024, 05:13:47,844
GEOR20066,Pako Forever,5918,06/18/2024, 06:18:17,844
GEOR20066,Pako Forever,5918,06/18/2024, 07:13:13,844
GEOR20066,Pako Forever,5918,06/18/2024, 08:17:30,844
GEOR20066,Pako Forever,5918,06/18/2024, 09:14:16,844
GEOR20066,Pako Forever,5918,06/18/2024, 10:14:06,844
GEOR20066,Pako Forever,5918,06/18/2024, 11:11:58,844
GEOR20066,Pako Forever,5918,06/18/2024, 12:23:28,844
GEOR20066,Pako Forever,5918,06/18/2024, 13:15:51,844
GEOR20066,Pako Forever,5918,06/18/2024, 14:12:25,844
GEOR20066,Pako Forever,5918,06/18/2024, 15:13:46,844
GEOR20066,Pako Forever,5918,06/18/2024, 16:16:28,844
GEOR20066,Pako Forever,5918,06/18/2024, 17:13:04,844
GEOR20066,Pako Forever,5920,06/18/2024, 18:17:31,844
GEOR20066,Pako Forever,5920,06/18/2024, 19:10:54,844
GEOR20066,Pako Forever,5920,06/18/2024, 20:14:15,844
GEOR20066,Pako Forever,5920,06/18/2024, 21:12:13,844
GEOR20066,Pako Forever,5921,06/18/2024, 22:12:07,844
GEOR20066,Pako Forever,5923,06/18/2024, 23:14:05,844
GEOR20066,Pako Forever,5923,06/19/2024, 00:56:45,844
GEOR20066,Pako Forever,5923,06/19/2024, 02:00:33,844
GEOR20066,Pako Forever,5923,06/19/2024, 02:36:30,844
GEOR20066,Pako Forever,5923,06/19/2024, 03:14:45,844
GEOR20066,Pako Forever,5923,06/19/2024, 04:16:08,844
GEOR20066,Pako Forever,5923,06/19/2024, 05:13:53,844
GEOR20066,Pako Forever,5924,06/19/2024, 06:17:59,844
GEOR20066,Pako Forever,5924,06/19/2024, 07:12:31,844
GEOR20066,Pako Forever,5924,06/19/2024, 08:16:38,844
GEOR20066,Pako Forever,5924,06/19/2024, 09:17:15,844
GEOR20066,Pako Forever,5924,06/19/2024, 10:14:21,844
GEOR20066,Pako Forever,5924,06/19/2024, 11:12:19,844
GEOR20066,Pako Forever,5926,06/19/2024, 12:23:50,844
GEOR20066,Pako Forever,5926,06/19/2024, 13:15:52,844
GEOR20066,Pako Forever,5926,06/19/2024, 14:12:21,844
GEOR20066,Pako Forever,5926,06/19/2024, 15:14:46,844
GEOR20066,Pako Forever,5926,06/19/2024, 16:16:10,844
GEOR20066,Pako Forever,5927,06/19/2024, 17:13:34,844
GEOR20066,Pako Forever,5927,06/19/2024, 18:16:22,844
GEOR20066,Pako Forever,5927,06/19/2024, 19:11:33,844
GEOR20066,Pako Forever,5927,06/19/2024, 20:13:22,844
GEOR20066,Pako Forever,5927,06/19/2024, 21:13:45,844
GEOR20066,Pako Forever,5927,06/19/2024, 22:13:01,844
GEOR20066,Pako Forever,5927,06/19/2024, 23:13:40,844
GEOR20066,Pako Forever,5927,06/20/2024, 00:54:59,844
GEOR20066,Pako Forever,5927,06/20/2024, 01:57:43,844
GEOR20066,Pako Forever,5927,06/20/2024, 02:30:08,844
GEOR20066,Pako Forever,5927,06/20/2024, 03:14:36,844
GEOR20066,Pako Forever,5927,06/20/2024, 04:14:54,844
GEOR20066,Pako Forever,5928,06/20/2024, 05:13:06,844
GEOR20066,Pako Forever,5928,06/20/2024, 06:18:00,844
GEOR20066,Pako Forever,5928,06/20/2024, 07:12:46,844
GEOR20066,Pako Forever,5929,06/20/2024, 08:17:26,844
GEOR20066,Pako Forever,5929,06/20/2024, 09:14:51,844
GEOR20066,Pako Forever,5929,06/20/2024, 10:14:11,844
GEOR20066,Pako Forever,5929,06/20/2024, 11:10:56,844
GEOR20066,Pako Forever,5929,06/20/2024, 12:23:16,844
GEOR20066,Pako Forever,5929,06/20/2024, 13:15:00,844
GEOR20066,Pako Forever,5929,06/20/2024, 14:12:03,844
GEOR20066,Pako Forever,5929,06/20/2024, 15:14:48,844
GEOR20066,Pako Forever,5929,06/20/2024, 16:16:45,844
GEOR20066,Pako Forever,5929,06/20/2024, 17:11:35,844
GEOR20066,Pako Forever,5929,06/20/2024, 18:18:01,844
GEOR20066,Pako Forever,5929,06/20/2024, 19:11:24,844
GEOR20066,Pako Forever,5929,06/20/2024, 20:13:42,844
GEOR20066,Pako Forever,5930,06/20/2024, 21:13:34,844
GEOR20066,Pako Forever,5930,06/20/2024, 23:15:01,844
GEOR20066,Pako Forever,5930,06/21/2024, 00:55:44,844
GEOR20066,Pako Forever,5930,06/21/2024, 01:58:02,844
GEOR20066,Pako Forever,5930,06/21/2024, 02:31:29,844
GEOR20066,Pako Forever,5930,06/21/2024, 03:15:24,844
GEOR20066,Pako Forever,5930,06/21/2024, 04:16:02,844
GEOR20066,Pako Forever,5930,06/21/2024, 05:13:53,844
GEOR20066,Pako Forever,5930,06/21/2024, 06:18:27,844
GEOR20066,Pako Forever,5930,06/21/2024, 07:13:23,844
GEOR20066,Pako Forever,5930,06/21/2024, 08:16:45,844
GEOR20066,Pako Forever,5930,06/21/2024, 09:13:59,844
GEOR20066,Pako Forever,5930,06/21/2024, 10:14:02,844
GEOR20066,Pako Forever,5930,06/21/2024, 11:11:43,844
GEOR20066,Pako Forever,5931,06/21/2024, 12:22:53,844
GEOR20066,Pako Forever,5931,06/21/2024, 13:15:24,844
GEOR20066,Pako Forever,5932,06/21/2024, 14:12:14,844
GEOR20066,Pako Forever,5932,06/21/2024, 15:18:13,844
GEOR20066,Pako Forever,5932,06/21/2024, 16:15:06,844
GEOR20066,Pako Forever,5933,06/21/2024, 17:13:54,844
GEOR20066,Pako Forever,5933,06/21/2024, 18:17:30,844
GEOR20066,Pako Forever,5934,06/21/2024, 19:10:45,844
GEOR20066,Pako Forever,5934,06/21/2024, 20:14:46,844
GEOR20066,Pako Forever,5934,06/21/2024, 21:14:04,844
GEOR20066,Pako Forever,5936,06/21/2024, 22:12:42,844
GEOR20066,Pako Forever,5936,06/21/2024, 23:12:31,844
GEOR20066,Pako Forever,5936,06/22/2024, 00:55:12,844
GEOR20066,Pako Forever,5936,06/22/2024, 01:56:44,844
GEOR20066,Pako Forever,5936,06/22/2024, 02:28:04,844
GEOR20066,Pako Forever,5936,06/22/2024, 03:15:02,844
GEOR20066,Pako Forever,5936,06/22/2024, 04:14:50,844
GEOR20066,Pako Forever,5936,06/22/2024, 05:14:14,844
GEOR20066,Pako Forever,5936,06/22/2024, 06:17:56,844
GEOR20066,Pako Forever,5936,06/22/2024, 07:13:40,844
GEOR20066,Pako Forever,5936,06/22/2024, 08:15:45,844
GEOR20066,Pako Forever,5936,06/22/2024, 09:13:55,844
GEOR20066,Pako Forever,5937,06/22/2024, 10:14:06,844
GEOR20066,Pako Forever,5939,06/22/2024, 11:10:22,844
GEOR20066,Pako Forever,5939,06/22/2024, 12:21:37,844
GEOR20066,Pako Forever,5940,06/22/2024, 13:15:50,844
GEOR20066,Pako Forever,5940,06/22/2024, 14:12:57,844
GEOR20066,Pako Forever,5940,06/22/2024, 15:13:03,844
GEOR20066,Pako Forever,5940,06/22/2024, 16:15:28,844
GEOR20066,Pako Forever,5940,06/22/2024, 17:10:51,844
GEOR20066,Pako Forever,5941,06/22/2024, 18:15:47,844
GEOR20066,Pako Forever,5942,06/22/2024, 19:13:00,844
GEOR20066,Pako Forever,5942,06/22/2024, 20:12:17,844
GEOR20066,Pako Forever,5942,06/22/2024, 21:12:37,844
GEOR20066,Pako Forever,5942,06/22/2024, 22:12:37,844
GEOR20066,Pako Forever,5943,06/22/2024, 23:12:03,844
GEOR20066,Pako Forever,5943,06/23/2024, 00:59:50,844
GEOR20066,Pako Forever,5943,06/23/2024, 02:05:27,844
GEOR20066,Pako Forever,5943,06/23/2024, 03:14:24,844
GEOR20066,Pako Forever,5943,06/23/2024, 04:15:07,844
GEOR20066,Pako Forever,5944,06/23/2024, 05:12:59,844
GEOR20066,Pako Forever,5944,06/23/2024, 06:17:34,844
GEOR20066,Pako Forever,5944,06/23/2024, 07:13:14,844
GEOR20066,Pako Forever,5944,06/23/2024, 08:14:55,844
GEOR20066,Pako Forever,5944,06/23/2024, 09:14:28,844
GEOR20066,Pako Forever,5944,06/23/2024, 10:13:30,844
GEOR20066,Pako Forever,5944,06/23/2024, 11:10:01,844
GEOR20066,Pako Forever,5944,06/23/2024, 12:22:09,844
GEOR20066,Pako Forever,5944,06/23/2024, 13:12:55,844
GEOR20066,Pako Forever,5947,06/23/2024, 14:11:43,844
GEOR20066,Pako Forever,5947,06/23/2024, 15:12:02,844
GEOR20066,Pako Forever,5947,06/23/2024, 16:14:38,844
GEOR20066,Pako Forever,5947,06/23/2024, 17:11:39,844
GEOR20066,Pako Forever,5948,06/23/2024, 18:16:01,844
GEOR20066,Pako Forever,5948,06/23/2024, 19:11:57,844
GEOR20066,Pako Forever,5948,06/23/2024, 20:13:42,844
GEOR20066,Pako Forever,5948,06/23/2024, 21:11:44,844
GEOR20066,Pako Forever,5948,06/23/2024, 22:11:43,844
GEOR20066,Pako Forever,5948,06/23/2024, 23:13:01,844
GEOR20066,Pako Forever,5949,06/24/2024, 00:57:34,844
GEOR20066,Pako Forever,5949,06/24/2024, 02:01:51,844
GEOR20066,Pako Forever,5949,06/24/2024, 03:15:07,844
GEOR20066,Pako Forever,5949,06/24/2024, 04:15:47,844
GEOR20066,Pako Forever,5949,06/24/2024, 05:13:08,844
GEOR20066,Pako Forever,5949,06/24/2024, 06:18:09,844
GEOR20066,Pako Forever,5949,06/24/2024, 07:14:36,844
GEOR20066,Pako Forever,5949,06/24/2024, 08:17:10,844
GEOR20066,Pako Forever,5949,06/24/2024, 09:15:56,844
GEOR20066,Pako Forever,5949,06/24/2024, 10:14:56,844
GEOR20066,Pako Forever,5949,06/24/2024, 11:13:23,844
GEOR20066,Pako Forever,5949,06/24/2024, 12:24:09,844
GEOR20066,Pako Forever,5949,06/24/2024, 13:14:43,844
GEOR20066,Pako Forever,5950,06/24/2024, 14:12:57,844
GEOR20066,Pako Forever,5950,06/24/2024, 15:14:20,844
GEOR20066,Pako Forever,5950,06/24/2024, 16:15:51,844
GEOR20066,Pako Forever,5950,06/24/2024, 17:12:09,844
GEOR20066,Pako Forever,5950,06/24/2024, 18:17:05,844
GEOR20066,Pako Forever,5950,06/24/2024, 19:11:44,844
GEOR20066,Pako Forever,5950,06/24/2024, 20:13:40,844
GEOR20066,Pako Forever,5952,06/24/2024, 21:13:04,844
GEOR20066,Pako Forever,5952,06/24/2024, 22:13:58,844
GEOR20066,Pako Forever,5952,06/24/2024, 23:15:02,844
GEOR20066,Pako Forever,5954,06/25/2024, 00:56:11,844
GEOR20066,Pako Forever,5954,06/25/2024, 01:59:56,844
GEOR20066,Pako Forever,5954,06/25/2024, 02:35:01,844
GEOR20066,Pako Forever,5955,06/25/2024, 03:14:33,844
GEOR20066,Pako Forever,5955,06/25/2024, 04:15:15,844
GEOR20066,Pako Forever,5955,06/25/2024, 05:13:44,844
GEOR20066,Pako Forever,5955,06/25/2024, 06:18:10,844
GEOR20066,Pako Forever,5955,06/25/2024, 07:13:03,844
GEOR20066,Pako Forever,5955,06/25/2024, 08:17:43,844
GEOR20066,Pako Forever,5957,06/25/2024, 09:14:02,844
GEOR20066,Pako Forever,5957,06/25/2024, 10:14:10,844
GEOR20066,Pako Forever,5957,06/25/2024, 11:12:01,844
GEOR20066,Pako Forever,5957,06/25/2024, 12:23:32,844
GEOR20066,Pako Forever,5958,06/25/2024, 13:15:36,844
GEOR20066,Pako Forever,5958,06/25/2024, 14:13:51,844
GEOR20066,Pako Forever,5958,06/25/2024, 15:13:45,844
GEOR20066,Pako Forever,5958,06/25/2024, 16:16:35,844
GEOR20066,Pako Forever,5958,06/25/2024, 17:13:07,844
GEOR20066,Pako Forever,5958,06/25/2024, 18:17:52,844
GEOR20066,Pako Forever,5959,06/25/2024, 19:11:41,844
GEOR20066,Pako Forever,5959,06/25/2024, 20:13:21,844
GEOR20066,Pako Forever,5959,06/25/2024, 21:12:48,844
GEOR20066,Pako Forever,5959,06/25/2024, 22:12:15,844
GEOR20066,Pako Forever,5959,06/25/2024, 23:12:52,844
GEOR20066,Pako Forever,5959,06/26/2024, 00:56:23,844
GEOR20066,Pako Forever,5959,06/26/2024, 01:59:31,844
GEOR20066,Pako Forever,5959,06/26/2024, 02:33:26,844
GEOR20066,Pako Forever,5960,06/26/2024, 03:15:09,844
GEOR20066,Pako Forever,5960,06/26/2024, 04:16:55,844
GEOR20066,Pako Forever,5962,06/26/2024, 05:12:54,844
GEOR20066,Pako Forever,5962,06/26/2024, 06:19:05,844
GEOR20066,Pako Forever,5962,06/26/2024, 07:12:39,844
GEOR20066,Pako Forever,5964,06/26/2024, 08:17:12,844
GEOR20066,Pako Forever,5964,06/26/2024, 09:15:44,844
GEOR20066,Pako Forever,5964,06/26/2024, 10:13:38,844
GEOR20066,Pako Forever,5964,06/26/2024, 11:11:53,844
GEOR20066,Pako Forever,5964,06/26/2024, 12:24:55,844
GEOR20066,Pako Forever,5964,06/26/2024, 13:15:37,844
GEOR20066,Pako Forever,5964,06/26/2024, 14:12:20,844
GEOR20066,Pako Forever,5965,06/26/2024, 15:14:28,844
GEOR20066,Pako Forever,5965,06/26/2024, 16:16:47,844
GEOR20066,Pako Forever,5965,06/26/2024, 17:11:53,844
GEOR20066,Pako Forever,5965,06/26/2024, 18:16:52,844
GEOR20066,Pako Forever,5965,06/26/2024, 19:10:30,844
GEOR20066,Pako Forever,5965,06/26/2024, 20:15:34,844
GEOR20066,Pako Forever,5965,06/26/2024, 21:13:15,844
GEOR20066,Pako Forever,5965,06/26/2024, 22:12:23,844
GEOR20066,Pako Forever,5965,06/26/2024, 23:12:53,844
GEOR20066,Pako Forever,5965,06/27/2024, 00:56:31,844
GEOR20066,Pako Forever,5965,06/27/2024, 01:59:32,844
GEOR20066,Pako Forever,5965,06/27/2024, 02:33:56,844
GEOR20066,Pako Forever,5966,06/27/2024, 03:15:04,844
GEOR20066,Pako Forever,5966,06/27/2024, 04:17:43,844
GEOR20066,Pako Forever,5966,06/27/2024, 05:13:54,844
GEOR20066,Pako Forever,5966,06/27/2024, 06:18:35,844
GEOR20066,Pako Forever,5966,06/27/2024, 07:12:33,844
GEOR20066,Pako Forever,5967,06/27/2024, 08:16:53,844
GEOR20066,Pako Forever,5967,06/27/2024, 09:14:08,844
GEOR20066,Pako Forever,5967,06/27/2024, 10:14:56,844
GEOR20066,Pako Forever,5967,06/27/2024, 11:11:24,844
GEOR20066,Pako Forever,5967,06/27/2024, 12:24:05,844
GEOR20066,Pako Forever,5967,06/27/2024, 13:15:54,844
GEOR20066,Pako Forever,5967,06/27/2024, 14:12:47,844
GEOR20066,Pako Forever,5967,06/27/2024, 15:14:16,844
GEOR20066,Pako Forever,5967,06/27/2024, 16:16:05,844
GEOR20066,Pako Forever,5967,06/27/2024, 17:14:21,844
GEOR20066,Pako Forever,5967,06/27/2024, 18:15:47,844
GEOR20066,Pako Forever,5967,06/27/2024, 19:12:05,844
GEOR20066,Pako Forever,5967,06/27/2024, 20:13:26,844
GEOR20066,Pako Forever,5967,06/27/2024, 21:12:14,844
GEOR20066,Pako Forever,5968,06/27/2024, 22:12:24,844
GEOR20066,Pako Forever,5968,06/27/2024, 23:14:34,844
GEOR20066,Pako Forever,5968,06/28/2024, 00:56:32,844
GEOR20066,Pako Forever,5968,06/28/2024, 02:00:11,844
GEOR20066,Pako Forever,5969,06/28/2024, 02:36:44,844
GEOR20066,Pako Forever,5971,06/28/2024, 03:15:36,844
GEOR20066,Pako Forever,5971,06/28/2024, 04:15:25,844
GEOR20066,Pako Forever,5971,06/28/2024, 05:12:56,844
GEOR20066,Pako Forever,5971,06/28/2024, 06:18:10,844
GEOR20066,Pako Forever,5971,06/28/2024, 07:13:41,844
GEOR20066,Pako Forever,5971,06/28/2024, 08:16:33,844
GEOR20066,Pako Forever,5971,06/28/2024, 09:14:11,844
GEOR20066,Pako Forever,5972,06/28/2024, 10:14:21,844
GEOR20066,Pako Forever,5972,06/28/2024, 11:11:59,844
GEOR20066,Pako Forever,5972,06/28/2024, 12:23:41,844
GEOR20066,Pako Forever,5972,06/28/2024, 13:14:23,844
GEOR20066,Pako Forever,5972,06/28/2024, 14:12:53,844
GEOR20066,Pako Forever,5972,06/28/2024, 15:13:51,844
GEOR20066,Pako Forever,5972,06/28/2024, 16:15:24,844
GEOR20066,Pako Forever,5973,06/28/2024, 17:12:52,844
GEOR20066,Pako Forever,5973,06/28/2024, 18:16:47,844
GEOR20066,Pako Forever,5973,06/28/2024, 19:10:39,844
GEOR20066,Pako Forever,5973,06/28/2024, 20:13:32,844
GEOR20066,Pako Forever,5973,06/28/2024, 21:14:05,844
GEOR20066,Pako Forever,5974,06/28/2024, 22:12:12,844
GEOR20066,Pako Forever,5975,06/28/2024, 23:13:41,844
GEOR20066,Pako Forever,5975,06/29/2024, 00:55:51,844
GEOR20066,Pako Forever,5975,06/29/2024, 01:58:20,844
GEOR20066,Pako Forever,5975,06/29/2024, 02:31:05,844
GEOR20066,Pako Forever,5977,06/29/2024, 03:15:27,844
GEOR20066,Pako Forever,5978,06/29/2024, 04:16:35,844
GEOR20066,Pako Forever,5978,06/29/2024, 05:14:23,844
GEOR20066,Pako Forever,5978,06/29/2024, 06:16:46,844
GEOR20066,Pako Forever,5978,06/29/2024, 07:13:08,844
GEOR20066,Pako Forever,5979,06/29/2024, 08:16:07,844
GEOR20066,Pako Forever,5979,06/29/2024, 09:14:50,844
GEOR20066,Pako Forever,5979,06/29/2024, 10:12:54,844
GEOR20066,Pako Forever,5979,06/29/2024, 11:12:01,844
GEOR20066,Pako Forever,5979,06/29/2024, 12:22:44,844
GEOR20066,Pako Forever,5979,06/29/2024, 13:13:48,844
GEOR20066,Pako Forever,5979,06/29/2024, 14:12:51,844
GEOR20066,Pako Forever,5980,06/29/2024, 15:12:35,844
GEOR20066,Pako Forever,5980,06/29/2024, 16:15:36,844
GEOR20066,Pako Forever,5980,06/29/2024, 17:11:26,844
GEOR20066,Pako Forever,5981,06/29/2024, 18:16:29,844
GEOR20066,Pako Forever,5981,06/29/2024, 19:10:08,844
GEOR20066,Pako Forever,5981,06/29/2024, 20:12:33,844
GEOR20066,Pako Forever,5981,06/29/2024, 21:12:26,844
GEOR20066,Pako Forever,5981,06/29/2024, 22:13:38,844
GEOR20066,Pako Forever,5981,06/29/2024, 23:13:18,844
GEOR20066,Pako Forever,5981,06/30/2024, 01:01:06,844
GEOR20066,Pako Forever,5981,06/30/2024, 02:09:35,844
GEOR20066,Pako Forever,5981,06/30/2024, 03:15:04,844
GEOR20066,Pako Forever,5981,06/30/2024, 04:14:55,844
GEOR20066,Pako Forever,5981,06/30/2024, 05:12:33,844
GEOR20066,Pako Forever,5982,06/30/2024, 06:16:52,844
GEOR20066,Pako Forever,5982,06/30/2024, 07:12:31,844
GEOR20066,Pako Forever,5983,06/30/2024, 08:15:23,844
GEOR20066,Pako Forever,5983,06/30/2024, 09:16:27,844
GEOR20066,Pako Forever,5983,06/30/2024, 10:12:47,844
GEOR20066,Pako Forever,5983,06/30/2024, 11:10:26,844
GEOR20066,Pako Forever,5983,06/30/2024, 12:22:23,844
GEOR20066,Pako Forever,5983,06/30/2024, 13:13:30,844
GEOR20066,Pako Forever,5984,06/30/2024, 14:12:00,844
GEOR20066,Pako Forever,5984,06/30/2024, 15:13:51,844
GEOR20066,Pako Forever,5984,06/30/2024, 16:15:41,844
GEOR20066,Pako Forever,5984,06/30/2024, 17:11:38,844
GEOR20066,Pako Forever,5984,06/30/2024, 18:17:13,844
GEOR20066,Pako Forever,5985,06/30/2024, 19:10:13,844
GEOR20066,Pako Forever,5985,06/30/2024, 20:13:12,844
GEOR20066,Pako Forever,5985,06/30/2024, 21:13:10,844
GEOR20066,Pako Forever,5985,06/30/2024, 22:12:24,844
GEOR20066,Pako Forever,5985,06/30/2024, 23:13:59,844
GEOR20066,Pako Forever,5985,07/01/2024, 01:02:54,844
GEOR20066,Pako Forever,5985,07/01/2024, 02:36:45,844
GEOR20066,Pako Forever,5986,07/01/2024, 03:15:30,844
GEOR20066,Pako Forever,5986,07/01/2024, 04:15:45,844
GEOR20066,Pako Forever,5986,07/01/2024, 05:13:37,844
GEOR20066,Pako Forever,5986,07/01/2024, 06:19:28,844
GEOR20066,Pako Forever,5986,07/01/2024, 07:14:01,844
GEOR20066,Pako Forever,5986,07/01/2024, 08:17:33,844
GEOR20066,Pako Forever,5986,07/01/2024, 09:18:02,844
GEOR20066,Pako Forever,5986,07/01/2024, 10:16:17,844
GEOR20066,Pako Forever,5986,07/01/2024, 11:11:40,844
GEOR20066,Pako Forever,5986,07/01/2024, 12:25:09,844
GEOR20066,Pako Forever,5986,07/01/2024, 13:17:30,844
GEOR20066,Pako Forever,5986,07/01/2024, 14:12:49,844
GEOR20066,Pako Forever,5986,07/01/2024, 15:14:20,844
GEOR20066,Pako Forever,5986,07/01/2024, 16:16:04,844
GEOR20066,Pako Forever,5986,07/01/2024, 17:12:53,844
GEOR20066,Pako Forever,5986,07/01/2024, 18:17:15,844
GEOR20066,Pako Forever,5986,07/01/2024, 19:12:07,844
GEOR20066,Pako Forever,5986,07/01/2024, 20:14:01,844
GEOR20066,Pako Forever,5986,07/01/2024, 21:12:55,844
GEOR20066,Pako Forever,5986,07/01/2024, 22:13:44,844
GEOR20066,Pako Forever,5987,07/01/2024, 23:13:24,844
GEOR20066,Pako Forever,5987,07/02/2024, 00:57:02,844
GEOR20066,Pako Forever,5987,07/02/2024, 02:01:17,844
GEOR20066,Pako Forever,5987,07/02/2024, 02:37:22,844
GEOR20066,Pako Forever,5987,07/02/2024, 03:14:41,844
GEOR20066,Pako Forever,5987,07/02/2024, 04:16:46,844
GEOR20066,Pako Forever,5987,07/02/2024, 05:14:12,844
GEOR20066,Pako Forever,5987,07/02/2024, 06:19:29,844
GEOR20066,Pako Forever,5987,07/02/2024, 07:13:49,844
GEOR20066,Pako Forever,5988,07/02/2024, 08:16:47,844
GEOR20066,Pako Forever,5988,07/02/2024, 09:14:03,844
GEOR20066,Pako Forever,5988,07/02/2024, 10:14:14,844
GEOR20066,Pako Forever,5988,07/02/2024, 11:11:53,844
GEOR20066,Pako Forever,5988,07/02/2024, 12:22:41,844
GEOR20066,Pako Forever,5988,07/02/2024, 13:15:20,844
GEOR20066,Pako Forever,5989,07/02/2024, 14:12:45,844
GEOR20066,Pako Forever,5989,07/02/2024, 15:13:58,844
GEOR20066,Pako Forever,5989,07/02/2024, 16:17:42,844
GEOR20066,Pako Forever,5989,07/02/2024, 17:12:59,844
GEOR20066,Pako Forever,5989,07/02/2024, 18:17:07,844
GEOR20066,Pako Forever,5989,07/02/2024, 19:12:08,844
GEOR20066,Pako Forever,5989,07/02/2024, 20:15:29,844
GEOR20066,Pako Forever,5990,07/02/2024, 21:12:56,844
GEOR20066,Pako Forever,5991,07/02/2024, 22:13:18,844
GEOR20066,Pako Forever,5991,07/02/2024, 23:12:48,844
GEOR20066,Pako Forever,5991,07/03/2024, 00:56:45,844
GEOR20066,Pako Forever,5992,07/03/2024, 01:59:47,844
GEOR20066,Pako Forever,5992,07/03/2024, 02:34:11,844
GEOR20066,Pako Forever,5992,07/03/2024, 03:14:32,844
GEOR20066,Pako Forever,5992,07/03/2024, 04:15:36,844
GEOR20066,Pako Forever,5992,07/03/2024, 05:14:17,844
GEOR20066,Pako Forever,5993,07/03/2024, 06:19:29,844
GEOR20066,Pako Forever,5993,07/03/2024, 07:12:59,844
GEOR20066,Pako Forever,5993,07/03/2024, 08:17:06,844
GEOR20066,Pako Forever,5993,07/03/2024, 09:14:46,844
GEOR20066,Pako Forever,5993,07/03/2024, 10:14:48,844
GEOR20066,Pako Forever,5993,07/03/2024, 11:11:53,844
GEOR20066,Pako Forever,5993,07/03/2024, 12:24:07,844
GEOR20066,Pako Forever,5993,07/03/2024, 13:15:47,844
GEOR20066,Pako Forever,5993,07/03/2024, 14:14:21,844
GEOR20066,Pako Forever,5993,07/03/2024, 15:14:02,844
GEOR20066,Pako Forever,5993,07/03/2024, 16:16:38,844
GEOR20066,Pako Forever,5994,07/03/2024, 17:12:05,844
GEOR20066,Pako Forever,5994,07/03/2024, 18:17:03,844
GEOR20066,Pako Forever,5994,07/03/2024, 19:11:01,844
GEOR20066,Pako Forever,5994,07/03/2024, 20:13:50,844
GEOR20066,Pako Forever,5994,07/03/2024, 21:13:40,844
GEOR20066,Pako Forever,5994,07/03/2024, 22:13:06,844
GEOR20066,Pako Forever,5994,07/03/2024, 23:14:50,844
GEOR20066,Pako Forever,5994,07/04/2024, 00:56:50,844
GEOR20066,Pako Forever,5994,07/04/2024, 02:00:46,844
GEOR20066,Pako Forever,5994,07/04/2024, 02:37:14,844
GEOR20066,Pako Forever,5994,07/04/2024, 03:16:11,844
GEOR20066,Pako Forever,5995,07/04/2024, 04:15:28,844
GEOR20066,Pako Forever,5995,07/04/2024, 05:14:27,844
GEOR20066,Pako Forever,5995,07/04/2024, 06:18:34,844
GEOR20066,Pako Forever,5995,07/04/2024, 07:13:54,844
GEOR20066,Pako Forever,5995,07/04/2024, 08:16:52,844
GEOR20066,Pako Forever,5995,07/04/2024, 09:14:57,844
GEOR20066,Pako Forever,5995,07/04/2024, 10:13:50,844
GEOR20066,Pako Forever,5995,07/04/2024, 11:14:29,844
GEOR20066,Pako Forever,5995,07/04/2024, 12:23:58,844
GEOR20066,Pako Forever,5995,07/04/2024, 13:15:46,844
GEOR20066,Pako Forever,5995,07/04/2024, 14:12:32,844
GEOR20066,Pako Forever,5995,07/04/2024, 15:13:38,844
GEOR20066,Pako Forever,5996,07/04/2024, 16:15:30,844
GEOR20066,Pako Forever,5996,07/04/2024, 17:12:46,844
GEOR20066,Pako Forever,5996,07/04/2024, 18:17:02,844
GEOR20066,Pako Forever,5996,07/04/2024, 19:11:06,844
GEOR20066,Pako Forever,5997,07/04/2024, 20:13:26,844
GEOR20066,Pako Forever,5997,07/04/2024, 21:12:36,844
GEOR20066,Pako Forever,5997,07/04/2024, 22:13:13,844
GEOR20066,Pako Forever,5998,07/04/2024, 23:13:59,844
GEOR20066,Pako Forever,5998,07/05/2024, 00:56:26,844
GEOR20066,Pako Forever,5998,07/05/2024, 01:59:54,844
GEOR20066,Pako Forever,5998,07/05/2024, 02:34:35,844
GEOR20066,Pako Forever,5999,07/05/2024, 03:14:56,844
GEOR20066,Pako Forever,5999,07/05/2024, 04:17:37,844
GEOR20066,Pako Forever,5999,07/05/2024, 05:13:10,844
GEOR20066,Pako Forever,6000,07/05/2024, 06:19:19,844
GEOR20066,Pako Forever,6000,07/05/2024, 07:12:36,844
GEOR20066,Pako Forever,6000,07/05/2024, 08:16:33,844
GEOR20066,Pako Forever,6000,07/05/2024, 09:15:23,844
GEOR20066,Pako Forever,6000,07/05/2024, 10:14:46,844
GEOR20066,Pako Forever,6000,07/05/2024, 11:11:35,844
GEOR20066,Pako Forever,6000,07/05/2024, 12:22:58,844
GEOR20066,Pako Forever,6000,07/05/2024, 13:14:52,844
GEOR20066,Pako Forever,6000,07/05/2024, 14:13:14,844
GEOR20066,Pako Forever,6000,07/05/2024, 15:14:08,844
GEOR20066,Pako Forever,6000,07/05/2024, 16:16:05,844
GEOR20066,Pako Forever,6000,07/05/2024, 17:12:47,844
GEOR20066,Pako Forever,6000,07/05/2024, 18:17:00,844
GEOR20066,Pako Forever,6000,07/05/2024, 19:10:30,844
GEOR20066,Pako Forever,6000,07/05/2024, 20:14:59,844
GEOR20066,Pako Forever,6000,07/05/2024, 21:13:03,844
GEOR20066,Pako Forever,6000,07/05/2024, 22:14:11,844
GEOR20066,Pako Forever,6000,07/05/2024, 23:13:49,844
GEOR20066,Pako Forever,6000,07/06/2024, 00:55:20,844
GEOR20066,Pako Forever,6001,07/06/2024, 01:57:46,844
GEOR20066,Pako Forever,6002,07/06/2024, 02:29:07,844
GEOR20066,Pako Forever,6002,07/06/2024, 03:16:25,844
GEOR20066,Pako Forever,6002,07/06/2024, 04:15:51,844
GEOR20066,Pako Forever,6002,07/06/2024, 05:13:08,844
GEOR20066,Pako Forever,6002,07/06/2024, 06:16:32,844
GEOR20066,Pako Forever,6002,07/06/2024, 07:11:31,844
GEOR20066,Pako Forever,6002,07/06/2024, 08:16:54,844
GEOR20066,Pako Forever,6002,07/06/2024, 09:14:07,844
GEOR20066,Pako Forever,6002,07/06/2024, 10:13:03,844
GEOR20066,Pako Forever,6002,07/06/2024, 11:11:37,844
GEOR20066,Pako Forever,6002,07/06/2024, 12:21:50,844
GEOR20066,Pako Forever,6002,07/06/2024, 13:13:18,844
GEOR20066,Pako Forever,6002,07/06/2024, 14:11:00,844
GEOR20066,Pako Forever,6002,07/06/2024, 15:13:22,844
GEOR20066,Pako Forever,6002,07/06/2024, 16:14:15,844
GEOR20066,Pako Forever,6002,07/06/2024, 17:11:09,844
GEOR20066,Pako Forever,6002,07/06/2024, 18:15:56,844
GEOR20066,Pako Forever,6002,07/06/2024, 19:10:44,844
GEOR20066,Pako Forever,6002,07/06/2024, 20:13:39,844
GEOR20066,Pako Forever,6003,07/06/2024, 21:13:31,844
GEOR20066,Pako Forever,6003,07/06/2024, 22:12:48,844
GEOR20066,Pako Forever,6004,07/06/2024, 23:12:30,844
GEOR20066,Pako Forever,6005,07/07/2024, 01:01:40,844
GEOR20066,Pako Forever,6005,07/07/2024, 02:14:29,844
GEOR20066,Pako Forever,6005,07/07/2024, 03:15:19,844
GEOR20066,Pako Forever,6005,07/07/2024, 04:15:12,844
GEOR20066,Pako Forever,6005,07/07/2024, 05:14:59,844
GEOR20066,Pako Forever,6005,07/07/2024, 06:17:44,844
GEOR20066,Pako Forever,6005,07/07/2024, 07:12:39,844
GEOR20066,Pako Forever,6005,07/07/2024, 08:15:42,844
GEOR20066,Pako Forever,6005,07/07/2024, 09:14:43,844
GEOR20066,Pako Forever,6005,07/07/2024, 10:12:49,844
GEOR20066,Pako Forever,6005,07/07/2024, 11:11:49,844
GEOR20066,Pako Forever,6005,07/07/2024, 12:21:54,844
GEOR20066,Pako Forever,6005,07/07/2024, 13:13:38,844
GEOR20066,Pako Forever,6005,07/07/2024, 14:11:14,844
GEOR20066,Pako Forever,6005,07/07/2024, 15:13:04,844
GEOR20066,Pako Forever,6005,07/07/2024, 16:14:42,844
GEOR20066,Pako Forever,6005,07/07/2024, 17:11:54,844
GEOR20066,Pako Forever,6006,07/07/2024, 18:16:08,844
GEOR20066,Pako Forever,6006,07/07/2024, 19:11:05,844
GEOR20066,Pako Forever,6006,07/07/2024, 20:12:54,844
GEOR20066,Pako Forever,6006,07/07/2024, 21:13:43,844
GEOR20066,Pako Forever,6006,07/07/2024, 22:12:57,844
GEOR20066,Pako Forever,6006,07/07/2024, 23:13:50,844
GEOR20066,Pako Forever,6006,07/08/2024, 00:58:38,844
GEOR20066,Pako Forever,6006,07/08/2024, 02:04:20,844
GEOR20066,Pako Forever,6006,07/08/2024, 03:16:04,844
GEOR20066,Pako Forever,6006,07/08/2024, 04:17:03,844
GEOR20066,Pako Forever,6006,07/08/2024, 05:15:17,844
GEOR20066,Pako Forever,6006,07/08/2024, 06:19:07,844
GEOR20066,Pako Forever,6006,07/08/2024, 07:14:06,844
GEOR20066,Pako Forever,6006,07/08/2024, 08:17:28,844
GEOR20066,Pako Forever,6006,07/08/2024, 09:15:18,844
GEOR20066,Pako Forever,6006,07/08/2024, 10:14:44,844
GEOR20066,Pako Forever,6006,07/08/2024, 11:12:34,844
GEOR20066,Pako Forever,6006,07/08/2024, 12:24:50,844
GEOR20066,Pako Forever,6006,07/08/2024, 13:17:04,844
GEOR20066,Pako Forever,6006,07/08/2024, 14:13:20,844
GEOR20066,Pako Forever,6006,07/08/2024, 15:14:10,844
GEOR20066,Pako Forever,6006,07/08/2024, 16:16:44,844
GEOR20066,Pako Forever,6007,07/08/2024, 17:12:13,844
GEOR20066,Pako Forever,6007,07/08/2024, 18:17:25,844
GEOR20066,Pako Forever,6007,07/08/2024, 19:10:32,844
GEOR20066,Pako Forever,6009,07/08/2024, 20:15:43,844
GEOR20066,Pako Forever,6009,07/08/2024, 21:13:52,844
GEOR20066,Pako Forever,6009,07/08/2024, 22:13:24,844
GEOR20066,Pako Forever,6009,07/08/2024, 23:13:12,844
GEOR20066,Pako Forever,6009,07/09/2024, 00:57:49,844
GEOR20066,Pako Forever,6009,07/09/2024, 02:03:08,844
GEOR20066,Pako Forever,6009,07/09/2024, 03:15:30,844
GEOR20066,Pako Forever,6009,07/09/2024, 04:15:43,844
GEOR20066,Pako Forever,6009,07/09/2024, 05:13:41,844
GEOR20066,Pako Forever,6009,07/09/2024, 06:18:24,844
GEOR20066,Pako Forever,6009,07/09/2024, 07:13:04,844
GEOR20066,Pako Forever,6009,07/09/2024, 08:15:26,844
GEOR20066,Pako Forever,6009,07/09/2024, 09:13:57,844
GEOR20066,Pako Forever,6010,07/09/2024, 10:14:19,844
GEOR20066,Pako Forever,6011,07/09/2024, 11:12:15,844
GEOR20066,Pako Forever,6011,07/09/2024, 12:25:11,844
GEOR20066,Pako Forever,6011,07/09/2024, 13:16:35,844
GEOR20066,Pako Forever,6011,07/09/2024, 14:12:23,844
GEOR20066,Pako Forever,6011,07/09/2024, 15:13:34,844
GEOR20066,Pako Forever,6011,07/09/2024, 16:16:43,844
GEOR20066,Pako Forever,6011,07/09/2024, 17:13:25,844
GEOR20066,Pako Forever,6011,07/09/2024, 18:17:27,844
GEOR20066,Pako Forever,6011,07/09/2024, 19:10:37,844
GEOR20066,Pako Forever,6011,07/09/2024, 20:14:21,844
GEOR20066,Pako Forever,6011,07/09/2024, 21:14:35,844
GEOR20066,Pako Forever,6011,07/09/2024, 22:13:58,844
GEOR20066,Pako Forever,6011,07/09/2024, 23:15:41,844
GEOR20066,Pako Forever,6012,07/10/2024, 00:58:21,844
GEOR20066,Pako Forever,6012,07/10/2024, 02:03:02,844
GEOR20066,Pako Forever,6012,07/10/2024, 03:15:40,844
GEOR20066,Pako Forever,6012,07/10/2024, 04:17:25,844
GEOR20066,Pako Forever,6012,07/10/2024, 05:13:58,844
GEOR20066,Pako Forever,6012,07/10/2024, 06:18:28,844
GEOR20066,Pako Forever,6012,07/10/2024, 07:14:16,844
GEOR20066,Pako Forever,6012,07/10/2024, 08:18:13,844
GEOR20066,Pako Forever,6012,07/10/2024, 09:13:54,844
GEOR20066,Pako Forever,6012,07/10/2024, 10:15:08,844
GEOR20066,Pako Forever,6012,07/10/2024, 11:12:14,844
GEOR20066,Pako Forever,6012,07/10/2024, 12:24:44,844
GEOR20066,Pako Forever,6012,07/10/2024, 13:16:43,844
GEOR20066,Pako Forever,6012,07/10/2024, 14:12:54,844
GEOR20066,Pako Forever,6013,07/10/2024, 15:15:07,844
GEOR20066,Pako Forever,6013,07/10/2024, 16:16:11,844
GEOR20066,Pako Forever,6014,07/10/2024, 17:11:45,844
GEOR20066,Pako Forever,6015,07/10/2024, 18:19:02,844
GEOR20066,Pako Forever,6015,07/10/2024, 19:12:25,844
GEOR20066,Pako Forever,6015,07/10/2024, 20:14:10,844
GEOR20066,Pako Forever,6015,07/10/2024, 21:12:37,844
GEOR20066,Pako Forever,6015,07/10/2024, 22:12:35,844
GEOR20066,Pako Forever,6015,07/10/2024, 23:13:12,844
GEOR20066,Pako Forever,6015,07/11/2024, 00:58:02,844
GEOR20066,Pako Forever,6015,07/11/2024, 02:04:16,844
GEOR20066,Pako Forever,6016,07/11/2024, 03:16:53,844
GEOR20066,Pako Forever,6016,07/11/2024, 04:16:59,844
GEOR20066,Pako Forever,6016,07/11/2024, 05:13:31,844
GEOR20066,Pako Forever,6016,07/11/2024, 06:18:17,844
GEOR20066,Pako Forever,6016,07/11/2024, 07:14:29,844
GEOR20066,Pako Forever,6016,07/11/2024, 08:16:33,844
GEOR20066,Pako Forever,6016,07/11/2024, 09:14:42,844
GEOR20066,Pako Forever,6017,07/11/2024, 10:13:53,844
GEOR20066,Pako Forever,6019,07/11/2024, 11:12:22,844
GEOR20066,Pako Forever,6019,07/11/2024, 12:24:11,844
GEOR20066,Pako Forever,6019,07/11/2024, 13:17:07,844
GEOR20066,Pako Forever,6019,07/11/2024, 14:12:20,844
GEOR20066,Pako Forever,6019,07/11/2024, 15:13:50,844
GEOR20066,Pako Forever,6019,07/11/2024, 16:15:58,844
GEOR20066,Pako Forever,6019,07/11/2024, 17:12:14,844
GEOR20066,Pako Forever,6019,07/11/2024, 18:17:23,844
GEOR20066,Pako Forever,6019,07/11/2024, 19:11:38,844
GEOR20066,Pako Forever,6019,07/11/2024, 20:13:55,844
GEOR20066,Pako Forever,6019,07/11/2024, 21:14:56,844
GEOR20066,Pako Forever,6019,07/11/2024, 22:12:56,844
GEOR20066,Pako Forever,6019,07/11/2024, 23:14:58,844
GEOR20066,Pako Forever,6019,07/12/2024, 00:57:06,844
GEOR20066,Pako Forever,6019,07/12/2024, 02:01:01,844
GEOR20066,Pako Forever,6019,07/12/2024, 02:37:46,844
GEOR20066,Pako Forever,6019,07/12/2024, 03:15:32,844
GEOR20066,Pako Forever,6019,07/12/2024, 04:15:34,844
GEOR20066,Pako Forever,6019,07/12/2024, 05:13:00,844
GEOR20066,Pako Forever,6019,07/12/2024, 06:18:14,844
GEOR20066,Pako Forever,6019,07/12/2024, 07:13:43,844
GEOR20066,Pako Forever,6019,07/12/2024, 08:17:25,844
GEOR20066,Pako Forever,6019,07/12/2024, 09:14:57,844
GEOR20066,Pako Forever,6019,07/12/2024, 10:14:08,844
GEOR20066,Pako Forever,6019,07/12/2024, 11:12:01,844
GEOR20066,Pako Forever,6019,07/12/2024, 12:24:45,844
GEOR20066,Pako Forever,6019,07/12/2024, 13:16:20,844
GEOR20066,Pako Forever,6019,07/12/2024, 14:12:26,844
GEOR20066,Pako Forever,6019,07/12/2024, 15:13:32,844
GEOR20066,Pako Forever,6019,07/12/2024, 16:16:23,844
GEOR20066,Pako Forever,6019,07/12/2024, 17:13:30,844
GEOR20066,Pako Forever,6019,07/12/2024, 18:18:19,844
GEOR20066,Pako Forever,6019,07/12/2024, 19:10:12,844
GEOR20066,Pako Forever,6019,07/12/2024, 20:14:15,844
GEOR20066,Pako Forever,6019,07/12/2024, 21:13:34,844
GEOR20066,Pako Forever,6019,07/12/2024, 22:12:01,844
GEOR20066,Pako Forever,6020,07/12/2024, 23:12:33,844
GEOR20066,Pako Forever,6020,07/13/2024, 00:58:04,844
GEOR20066,Pako Forever,6020,07/13/2024, 02:01:51,844
GEOR20066,Pako Forever,6020,07/13/2024, 03:14:25,844
GEOR20066,Pako Forever,6020,07/13/2024, 04:15:31,844
GEOR20066,Pako Forever,6020,07/13/2024, 05:13:12,844
GEOR20066,Pako Forever,6020,07/13/2024, 06:17:50,844
GEOR20066,Pako Forever,6021,07/13/2024, 07:12:44,844
GEOR20066,Pako Forever,6021,07/13/2024, 08:15:12,844
GEOR20066,Pako Forever,6021,07/13/2024, 09:13:03,844
GEOR20066,Pako Forever,6021,07/13/2024, 10:13:10,844
GEOR20066,Pako Forever,6021,07/13/2024, 11:11:57,844
GEOR20066,Pako Forever,6021,07/13/2024, 12:21:49,844
GEOR20066,Pako Forever,6021,07/13/2024, 13:14:04,844
GEOR20066,Pako Forever,6021,07/13/2024, 14:11:00,844
GEOR20066,Pako Forever,6021,07/13/2024, 15:13:05,844
GEOR20066,Pako Forever,6022,07/13/2024, 16:14:24,844
GEOR20066,Pako Forever,6022,07/13/2024, 17:11:18,844
GEOR20066,Pako Forever,6022,07/13/2024, 18:15:41,844
GEOR20066,Pako Forever,6022,07/13/2024, 19:11:03,844
GEOR20066,Pako Forever,6022,07/13/2024, 20:13:33,844
GEOR20066,Pako Forever,6023,07/13/2024, 21:12:47,844
GEOR20066,Pako Forever,6023,07/13/2024, 22:11:41,844
GEOR20066,Pako Forever,6023,07/13/2024, 23:12:29,844
GEOR20066,Pako Forever,6023,07/14/2024, 01:02:21,844
GEOR20066,Pako Forever,6023,07/14/2024, 02:38:20,844
GEOR20066,Pako Forever,6023,07/14/2024, 03:16:09,844
GEOR20066,Pako Forever,6023,07/14/2024, 04:17:15,844
GEOR20066,Pako Forever,6023,07/14/2024, 05:14:46,844
GEOR20066,Pako Forever,6023,07/14/2024, 06:19:17,844
GEOR20066,Pako Forever,6023,07/14/2024, 07:14:19,844
GEOR20066,Pako Forever,6023,07/14/2024, 08:18:19,844
GEOR20066,Pako Forever,6023,07/14/2024, 09:15:06,844
GEOR20066,Pako Forever,6023,07/14/2024, 10:15:10,844
GEOR20066,Pako Forever,6023,07/14/2024, 11:12:11,844
GEOR20066,Pako Forever,6024,07/14/2024, 12:19:31,844
GEOR20066,Pako Forever,6024,07/14/2024, 13:20:53,844
GEOR20066,Pako Forever,6024,07/14/2024, 14:15:42,844
GEOR20066,Pako Forever,6024,07/14/2024, 15:19:47,844
GEOR20066,Pako Forever,6024,07/14/2024, 16:22:38,844
GEOR20066,Pako Forever,6024,07/14/2024, 17:15:06,844
GEOR20066,Pako Forever,6024,07/14/2024, 18:24:46,844
GEOR20066,Pako Forever,6024,07/14/2024, 19:12:03,844
GEOR20066,Pako Forever,6024,07/14/2024, 20:13:42,844
GEOR20066,Pako Forever,6024,07/14/2024, 21:11:57,844
GEOR20066,Pako Forever,6024,07/14/2024, 22:13:18,844
GEOR20066,Pako Forever,6025,07/14/2024, 23:13:05,844
GEOR20066,Pako Forever,6025,07/15/2024, 00:59:33,844
GEOR20066,Pako Forever,6025,07/15/2024, 02:09:35,844
GEOR20066,Pako Forever,6025,07/15/2024, 03:17:16,844
GEOR20066,Pako Forever,6025,07/15/2024, 04:18:06,844
GEOR20066,Pako Forever,6025,07/15/2024, 05:13:38,844
GEOR20066,Pako Forever,6025,07/15/2024, 06:20:10,844
GEOR20066,Pako Forever,6025,07/15/2024, 07:13:10,844
GEOR20066,Pako Forever,6025,07/15/2024, 08:17:13,844
GEOR20066,Pako Forever,6025,07/15/2024, 09:15:01,844
GEOR20066,Pako Forever,6026,07/15/2024, 10:14:46,844
GEOR20066,Pako Forever,6026,07/15/2024, 11:11:32,844
GEOR20066,Pako Forever,6026,07/15/2024, 12:25:20,844
GEOR20066,Pako Forever,6026,07/15/2024, 13:17:24,844
GEOR20066,Pako Forever,6026,07/15/2024, 14:11:37,844
GEOR20066,Pako Forever,6026,07/15/2024, 15:15:50,844
GEOR20066,Pako Forever,6026,07/15/2024, 16:16:07,844
GEOR20066,Pako Forever,6027,07/15/2024, 17:12:21,844
GEOR20066,Pako Forever,6028,07/15/2024, 18:17:38,844
GEOR20066,Pako Forever,6028,07/15/2024, 19:11:35,844
GEOR20066,Pako Forever,6028,07/15/2024, 20:13:56,844
GEOR20066,Pako Forever,6029,07/15/2024, 21:13:27,844
GEOR20066,Pako Forever,6029,07/15/2024, 22:13:15,844
GEOR20066,Pako Forever,6029,07/15/2024, 23:14:16,844
GEOR20066,Pako Forever,6029,07/16/2024, 00:58:43,844
GEOR20066,Pako Forever,6029,07/16/2024, 02:05:30,844
GEOR20066,Pako Forever,6029,07/16/2024, 03:17:55,844
GEOR20066,Pako Forever,6029,07/16/2024, 04:16:09,844
GEOR20066,Pako Forever,6030,07/16/2024, 05:13:10,844
GEOR20066,Pako Forever,6030,07/16/2024, 06:18:54,844
GEOR20066,Pako Forever,6030,07/16/2024, 07:13:46,844
GEOR20066,Pako Forever,6031,07/16/2024, 08:17:51,844
GEOR20066,Pako Forever,6031,07/16/2024, 09:14:59,844
GEOR20066,Pako Forever,6031,07/16/2024, 10:12:47,844
GEOR20066,Pako Forever,6031,07/16/2024, 11:12:20,844
GEOR20066,Pako Forever,6031,07/16/2024, 12:26:01,844
GEOR20066,Pako Forever,6031,07/16/2024, 13:12:17,844
GEOR20066,Pako Forever,6031,07/16/2024, 14:14:04,844
GEOR20066,Pako Forever,6031,07/16/2024, 15:12:17,844
GEOR20066,Pako Forever,6032,07/16/2024, 16:15:08,844
GEOR20066,Pako Forever,6034,07/16/2024, 17:12:21,844
GEOR20066,Pako Forever,6035,07/16/2024, 18:17:17,844
GEOR20066,Pako Forever,6035,07/16/2024, 19:12:15,844
GEOR20066,Pako Forever,6035,07/16/2024, 20:13:39,844
GEOR20066,Pako Forever,6035,07/16/2024, 21:13:39,844
GEOR20066,Pako Forever,6035,07/16/2024, 22:13:17,844
GEOR20066,Pako Forever,6035,07/16/2024, 23:14:26,844
GEOR20066,Pako Forever,6036,07/17/2024, 00:58:16,844
GEOR20066,Pako Forever,6036,07/17/2024, 02:04:17,844
GEOR20066,Pako Forever,6036,07/17/2024, 03:15:50,844
GEOR20066,Pako Forever,6036,07/17/2024, 04:15:36,844
GEOR20066,Pako Forever,6036,07/17/2024, 05:13:32,844
GEOR20066,Pako Forever,6036,07/17/2024, 06:18:32,844
GEOR20066,Pako Forever,6036,07/17/2024, 07:13:53,844
GEOR20066,Pako Forever,6036,07/17/2024, 08:17:23,844
GEOR20066,Pako Forever,6036,07/17/2024, 09:16:14,844
GEOR20066,Pako Forever,6037,07/17/2024, 10:14:38,844
GEOR20066,Pako Forever,6037,07/17/2024, 11:12:07,844
GEOR20066,Pako Forever,6037,07/17/2024, 12:24:33,844
GEOR20066,Pako Forever,6037,07/17/2024, 13:16:07,844
GEOR20066,Pako Forever,6038,07/17/2024, 14:12:54,844
GEOR20066,Pako Forever,6038,07/17/2024, 15:16:01,844
GEOR20066,Pako Forever,6038,07/17/2024, 16:16:19,844
GEOR20066,Pako Forever,6038,07/17/2024, 17:11:47,844
GEOR20066,Pako Forever,6039,07/17/2024, 18:17:26,844
GEOR20066,Pako Forever,6039,07/17/2024, 19:10:10,844
GEOR20066,Pako Forever,6039,07/17/2024, 20:14:11,844
GEOR20066,Pako Forever,6040,07/17/2024, 21:12:47,844
GEOR20066,Pako Forever,6040,07/17/2024, 22:13:23,844
GEOR20066,Pako Forever,6040,07/17/2024, 23:14:38,844
GEOR20066,Pako Forever,6041,07/18/2024, 00:57:14,844
GEOR20066,Pako Forever,6041,07/18/2024, 02:02:08,844
GEOR20066,Pako Forever,6041,07/18/2024, 03:16:42,844
GEOR20066,Pako Forever,6041,07/18/2024, 04:16:44,844
GEOR20066,Pako Forever,6041,07/18/2024, 05:13:59,844
GEOR20066,Pako Forever,6041,07/18/2024, 06:18:53,844
GEOR20066,Pako Forever,6041,07/18/2024, 07:12:54,844
GEOR20066,Pako Forever,6041,07/18/2024, 08:16:59,844
GEOR20066,Pako Forever,6042,07/18/2024, 09:14:01,844
GEOR20066,Pako Forever,6042,07/18/2024, 10:14:20,844
GEOR20066,Pako Forever,6042,07/18/2024, 11:12:08,844
GEOR20066,Pako Forever,6042,07/18/2024, 12:25:23,844
GEOR20066,Pako Forever,6042,07/18/2024, 13:17:29,844
GEOR20066,Pako Forever,6042,07/18/2024, 14:13:10,844
GEOR20066,Pako Forever,6042,07/18/2024, 15:14:38,844
GEOR20066,Pako Forever,6043,07/18/2024, 16:15:49,844
GEOR20066,Pako Forever,6043,07/18/2024, 17:13:06,844
GEOR20066,Pako Forever,6043,07/18/2024, 18:18:23,844
GEOR20066,Pako Forever,6044,07/18/2024, 19:11:42,844
GEOR20066,Pako Forever,6045,07/18/2024, 20:13:49,844
GEOR20066,Pako Forever,6046,07/18/2024, 21:12:45,844
GEOR20066,Pako Forever,6046,07/18/2024, 22:12:26,844
GEOR20066,Pako Forever,6046,07/19/2024, 01:35:25,844
GEOR20066,Pako Forever,6046,07/19/2024, 02:02:52,844
GEOR20066,Pako Forever,6046,07/19/2024, 03:15:36,844
GEOR20066,Pako Forever,6046,07/19/2024, 04:17:41,844
GEOR20066,Pako Forever,6047,07/19/2024, 05:14:32,844
GEOR20066,Pako Forever,6047,07/19/2024, 06:18:33,844
GEOR20066,Pako Forever,6047,07/19/2024, 07:14:04,844
GEOR20066,Pako Forever,6047,07/19/2024, 08:16:37,844
GEOR20066,Pako Forever,6047,07/19/2024, 09:14:14,844
GEOR20066,Pako Forever,6047,07/19/2024, 10:13:54,844
GEOR20066,Pako Forever,6047,07/19/2024, 11:12:12,844
GEOR20066,Pako Forever,6047,07/19/2024, 12:23:32,844
GEOR20066,Pako Forever,6047,07/19/2024, 13:15:58,844
GEOR20066,Pako Forever,6047,07/19/2024, 14:14:12,844
GEOR20066,Pako Forever,6047,07/19/2024, 15:14:41,844
GEOR20066,Pako Forever,6047,07/19/2024, 16:15:46,844
GEOR20066,Pako Forever,6047,07/19/2024, 17:13:21,844
GEOR20066,Pako Forever,6047,07/19/2024, 18:17:34,844
GEOR20066,Pako Forever,6047,07/19/2024, 19:12:13,844
GEOR20066,Pako Forever,6047,07/19/2024, 20:15:29,844
GEOR20066,Pako Forever,6047,07/19/2024, 21:12:25,844
GEOR20066,Pako Forever,6047,07/19/2024, 22:14:10,844
GEOR20066,Pako Forever,6047,07/19/2024, 23:13:49,844
GEOR20066,Pako Forever,6047,07/20/2024, 00:56:56,844
GEOR20066,Pako Forever,6047,07/20/2024, 01:59:30,844
GEOR20066,Pako Forever,6047,07/20/2024, 02:33:38,844
GEOR20066,Pako Forever,6047,07/20/2024, 03:15:07,844
GEOR20066,Pako Forever,6047,07/20/2024, 04:17:39,844
GEOR20066,Pako Forever,6047,07/20/2024, 05:13:37,844
GEOR20066,Pako Forever,6047,07/20/2024, 06:19:04,844
GEOR20066,Pako Forever,6048,07/20/2024, 07:12:48,844
GEOR20066,Pako Forever,6048,07/20/2024, 08:15:22,844
GEOR20066,Pako Forever,6048,07/20/2024, 09:13:47,844
GEOR20066,Pako Forever,6048,07/20/2024, 10:13:36,844
GEOR20066,Pako Forever,6048,07/20/2024, 11:11:21,844
GEOR20066,Pako Forever,6048,07/20/2024, 12:22:18,844
GEOR20066,Pako Forever,6048,07/20/2024, 13:13:43,844
GEOR20066,Pako Forever,6050,07/20/2024, 14:11:47,844
GEOR20066,Pako Forever,6050,07/20/2024, 15:12:27,844
GEOR20066,Pako Forever,6050,07/20/2024, 16:15:25,844
GEOR20066,Pako Forever,6051,07/20/2024, 17:11:45,844
GEOR20066,Pako Forever,6051,07/20/2024, 18:16:39,844
GEOR20066,Pako Forever,6051,07/20/2024, 19:10:34,844
GEOR20066,Pako Forever,6051,07/20/2024, 20:13:14,844
GEOR20066,Pako Forever,6051,07/20/2024, 21:12:18,844
GEOR20066,Pako Forever,6051,07/20/2024, 22:13:07,844
GEOR20066,Pako Forever,6051,07/20/2024, 23:13:10,844
GEOR20066,Pako Forever,6051,07/21/2024, 01:02:27,844
GEOR20066,Pako Forever,6051,07/21/2024, 02:33:42,844
GEOR20066,Pako Forever,6051,07/21/2024, 03:15:33,844
GEOR20066,Pako Forever,6052,07/21/2024, 04:15:21,844
GEOR20066,Pako Forever,6052,07/21/2024, 05:14:33,844
GEOR20066,Pako Forever,6052,07/21/2024, 06:16:44,844
GEOR20066,Pako Forever,6052,07/21/2024, 07:11:35,844
GEOR20066,Pako Forever,6052,07/21/2024, 08:15:29,844
GEOR20066,Pako Forever,6052,07/21/2024, 09:13:04,844
GEOR20066,Pako Forever,6052,07/21/2024, 10:13:54,844
GEOR20066,Pako Forever,6052,07/21/2024, 11:11:12,844
GEOR20066,Pako Forever,6052,07/21/2024, 12:23:01,844
GEOR20066,Pako Forever,6052,07/21/2024, 13:13:46,844
GEOR20066,Pako Forever,6052,07/21/2024, 14:11:53,844
GEOR20066,Pako Forever,6052,07/21/2024, 15:14:18,844
GEOR20066,Pako Forever,6052,07/21/2024, 16:16:55,844
GEOR20066,Pako Forever,6052,07/21/2024, 17:10:57,844
GEOR20066,Pako Forever,6052,07/21/2024, 18:15:45,844
GEOR20066,Pako Forever,6052,07/21/2024, 19:10:20,844
GEOR20066,Pako Forever,6052,07/21/2024, 20:15:36,844
GEOR20066,Pako Forever,6052,07/21/2024, 21:11:54,844
GEOR20066,Pako Forever,6052,07/21/2024, 22:12:30,844
GEOR20066,Pako Forever,6053,07/21/2024, 23:13:42,844
GEOR20066,Pako Forever,6053,07/22/2024, 01:00:10,844
GEOR20066,Pako Forever,6053,07/22/2024, 02:09:02,844
GEOR20066,Pako Forever,6053,07/22/2024, 03:16:13,844
GEOR20066,Pako Forever,6053,07/22/2024, 04:16:24,844
GEOR20066,Pako Forever,6053,07/22/2024, 05:14:36,844
GEOR20066,Pako Forever,6053,07/22/2024, 06:18:51,844
GEOR20066,Pako Forever,6053,07/22/2024, 07:13:45,844
GEOR20066,Pako Forever,6053,07/22/2024, 08:18:00,844
GEOR20066,Pako Forever,6053,07/22/2024, 09:17:27,844
GEOR20066,Pako Forever,6053,07/22/2024, 10:14:23,844
GEOR20066,Pako Forever,6053,07/22/2024, 11:11:49,844
GEOR20066,Pako Forever,6053,07/22/2024, 12:25:28,844
GEOR20066,Pako Forever,6053,07/22/2024, 13:17:36,844
GEOR20066,Pako Forever,6053,07/22/2024, 14:13:40,844
GEOR20066,Pako Forever,6053,07/22/2024, 15:15:14,844
GEOR20066,Pako Forever,6053,07/22/2024, 16:16:37,844
GEOR20066,Pako Forever,6054,07/22/2024, 17:12:22,844
GEOR20066,Pako Forever,6054,07/22/2024, 18:17:29,844
GEOR20066,Pako Forever,6054,07/22/2024, 19:12:11,844
GEOR20066,Pako Forever,6054,07/22/2024, 20:14:14,844
GEOR20066,Pako Forever,6054,07/22/2024, 21:13:06,844
GEOR20066,Pako Forever,6054,07/22/2024, 22:13:12,844
GEOR20066,Pako Forever,6054,07/22/2024, 23:13:41,844
GEOR20066,Pako Forever,6054,07/23/2024, 00:58:25,844
GEOR20066,Pako Forever,6054,07/23/2024, 02:04:18,844
GEOR20066,Pako Forever,6054,07/23/2024, 03:15:57,844
GEOR20066,Pako Forever,6054,07/23/2024, 04:15:58,844
GEOR20066,Pako Forever,6054,07/23/2024, 05:13:20,844
GEOR20066,Pako Forever,6054,07/23/2024, 06:18:37,844
GEOR20066,Pako Forever,6054,07/23/2024, 07:12:40,844
GEOR20066,Pako Forever,6054,07/23/2024, 08:18:36,844
GEOR20066,Pako Forever,6054,07/23/2024, 09:14:37,844
GEOR20066,Pako Forever,6054,07/23/2024, 10:14:23,844
GEOR20066,Pako Forever,6054,07/23/2024, 11:12:59,844
GEOR20066,Pako Forever,6054,07/23/2024, 12:24:38,844
GEOR20066,Pako Forever,6054,07/23/2024, 13:16:57,844
GEOR20066,Pako Forever,6054,07/23/2024, 14:13:08,844
GEOR20066,Pako Forever,6054,07/23/2024, 15:14:59,844
GEOR20066,Pako Forever,6054,07/23/2024, 16:18:38,844
GEOR20066,Pako Forever,6054,07/23/2024, 17:12:40,844
GEOR20066,Pako Forever,6054,07/23/2024, 18:17:46,844
GEOR20066,Pako Forever,6054,07/23/2024, 19:10:42,844
GEOR20066,Pako Forever,6054,07/23/2024, 20:14:04,844
GEOR20066,Pako Forever,6054,07/23/2024, 21:15:26,844
GEOR20066,Pako Forever,6054,07/23/2024, 22:13:41,844
GEOR20066,Pako Forever,6054,07/23/2024, 23:15:23,844
GEOR20066,Pako Forever,6054,07/24/2024, 00:58:58,844
GEOR20066,Pako Forever,6054,07/24/2024, 02:04:43,844
GEOR20066,Pako Forever,6054,07/24/2024, 03:15:16,844
GEOR20066,Pako Forever,6054,07/24/2024, 04:15:29,844
GEOR20066,Pako Forever,6054,07/24/2024, 05:13:47,844
GEOR20066,Pako Forever,6054,07/24/2024, 06:18:44,844
GEOR20066,Pako Forever,6054,07/24/2024, 07:13:04,844
GEOR20066,Pako Forever,6054,07/24/2024, 08:16:49,844
GEOR20066,Pako Forever,6054,07/24/2024, 09:14:15,844
GEOR20066,Pako Forever,6054,07/24/2024, 10:15:57,844
GEOR20066,Pako Forever,6055,07/24/2024, 11:11:24,844
GEOR20066,Pako Forever,6055,07/24/2024, 12:23:47,844
GEOR20066,Pako Forever,6055,07/24/2024, 13:17:38,844
GEOR20066,Pako Forever,6055,07/24/2024, 14:13:40,844
GEOR20066,Pako Forever,6055,07/24/2024, 15:14:52,844
GEOR20066,Pako Forever,6055,07/24/2024, 16:16:29,844
GEOR20066,Pako Forever,6055,07/24/2024, 17:12:06,844
GEOR20066,Pako Forever,6055,07/24/2024, 18:17:11,844
GEOR20066,Pako Forever,6055,07/24/2024, 19:11:34,844
GEOR20066,Pako Forever,6055,07/24/2024, 20:13:59,844
GEOR20066,Pako Forever,6055,07/24/2024, 21:13:35,844
GEOR20066,Pako Forever,6055,07/24/2024, 22:13:12,844
GEOR20066,Pako Forever,6055,07/24/2024, 23:14:11,844
GEOR20066,Pako Forever,6055,07/25/2024, 00:58:45,844
GEOR20066,Pako Forever,6055,07/25/2024, 02:04:20,844
GEOR20066,Pako Forever,6055,07/25/2024, 03:14:54,844
GEOR20066,Pako Forever,6055,07/25/2024, 04:16:53,844
GEOR20066,Pako Forever,6055,07/25/2024, 05:13:57,844
GEOR20066,Pako Forever,6055,07/25/2024, 06:18:52,844
GEOR20066,Pako Forever,6055,07/25/2024, 07:14:05,844
GEOR20066,Pako Forever,6055,07/25/2024, 08:17:43,844
GEOR20066,Pako Forever,6055,07/25/2024, 09:15:12,844
GEOR20066,Pako Forever,6055,07/25/2024, 10:14:42,844
GEOR20066,Pako Forever,6055,07/25/2024, 11:11:46,844
GEOR20066,Pako Forever,6055,07/25/2024, 12:24:35,844
GEOR20066,Pako Forever,6055,07/25/2024, 13:16:47,844
GEOR20066,Pako Forever,6055,07/25/2024, 14:12:59,844
GEOR20066,Pako Forever,6055,07/25/2024, 15:14:05,844
GEOR20066,Pako Forever,6055,07/25/2024, 16:17:09,844
GEOR20066,Pako Forever,6055,07/25/2024, 17:12:24,844
GEOR20066,Pako Forever,6055,07/25/2024, 18:17:17,844
GEOR20066,Pako Forever,6055,07/25/2024, 19:12:02,844
GEOR20066,Pako Forever,6055,07/25/2024, 20:14:29,844
GEOR20066,Pako Forever,6055,07/25/2024, 21:13:42,844
GEOR20066,Pako Forever,6055,07/25/2024, 22:13:32,844
GEOR20066,Pako Forever,6055,07/25/2024, 23:14:41,844
GEOR20066,Pako Forever,6055,07/26/2024, 00:57:43,844
GEOR20066,Pako Forever,6055,07/26/2024, 02:02:56,844
GEOR20066,Pako Forever,6055,07/26/2024, 03:15:43,844
GEOR20066,Pako Forever,6055,07/26/2024, 04:16:56,844
GEOR20066,Pako Forever,6055,07/26/2024, 05:14:15,844
GEOR20066,Pako Forever,6055,07/26/2024, 06:19:01,844
GEOR20066,Pako Forever,6055,07/26/2024, 07:13:15,844
GEOR20066,Pako Forever,6055,07/26/2024, 08:16:23,844
GEOR20066,Pako Forever,6055,07/26/2024, 09:14:10,844
GEOR20066,Pako Forever,6055,07/26/2024, 10:14:42,844
GEOR20066,Pako Forever,6055,07/26/2024, 11:13:14,844
GEOR20066,Pako Forever,6055,07/26/2024, 12:23:39,844
GEOR20066,Pako Forever,6055,07/26/2024, 13:16:24,844
GEOR20066,Pako Forever,6056,07/26/2024, 14:11:50,844
GEOR20066,Pako Forever,6056,07/26/2024, 15:14:38,844
GEOR20066,Pako Forever,6056,07/26/2024, 16:16:41,844
GEOR20066,Pako Forever,6056,07/26/2024, 17:12:59,844
GEOR20066,Pako Forever,6056,07/26/2024, 18:17:53,844
GEOR20066,Pako Forever,6056,07/26/2024, 19:13:07,844
GEOR20066,Pako Forever,6056,07/26/2024, 20:16:04,844
GEOR20066,Pako Forever,6056,07/26/2024, 21:12:38,844
GEOR20066,Pako Forever,6056,07/26/2024, 22:13:48,844
GEOR20066,Pako Forever,6056,07/26/2024, 23:13:09,844
GEOR20066,Pako Forever,6056,07/27/2024, 00:57:32,844
GEOR20066,Pako Forever,6056,07/27/2024, 02:01:15,844
GEOR20066,Pako Forever,6056,07/27/2024, 02:36:45,844
GEOR20066,Pako Forever,6056,07/27/2024, 03:15:58,844
GEOR20066,Pako Forever,6056,07/27/2024, 04:15:09,844
GEOR20066,Pako Forever,6056,07/27/2024, 05:13:12,844
GEOR20066,Pako Forever,6056,07/27/2024, 06:16:59,844
GEOR20066,Pako Forever,6056,07/27/2024, 07:13:23,844
GEOR20066,Pako Forever,6056,07/27/2024, 08:15:13,844
GEOR20066,Pako Forever,6056,07/27/2024, 09:13:04,844
GEOR20066,Pako Forever,6056,07/27/2024, 10:13:51,844
GEOR20066,Pako Forever,6056,07/27/2024, 11:12:19,844
GEOR20066,Pako Forever,6056,07/27/2024, 12:24:24,844
GEOR20066,Pako Forever,6056,07/27/2024, 13:14:33,844
GEOR20066,Pako Forever,6056,07/27/2024, 14:12:37,844
GEOR20066,Pako Forever,6056,07/27/2024, 15:13:09,844
GEOR20066,Pako Forever,6057,07/27/2024, 16:15:51,844
GEOR20066,Pako Forever,6057,07/27/2024, 17:12:11,844
GEOR20066,Pako Forever,6057,07/27/2024, 18:17:27,844
GEOR20066,Pako Forever,6057,07/27/2024, 19:11:00,844
GEOR20066,Pako Forever,6057,07/27/2024, 20:13:23,844
GEOR20066,Pako Forever,6057,07/27/2024, 21:11:43,844
GEOR20066,Pako Forever,6057,07/27/2024, 22:12:11,844
GEOR20066,Pako Forever,6057,07/27/2024, 23:14:23,844
GEOR20066,Pako Forever,6057,07/28/2024, 01:02:42,844
GEOR20066,Pako Forever,6057,07/28/2024, 02:35:04,844
GEOR20066,Pako Forever,6057,07/28/2024, 03:14:41,844
GEOR20066,Pako Forever,6057,07/28/2024, 04:15:17,844
GEOR20066,Pako Forever,6057,07/28/2024, 05:14:35,844
GEOR20066,Pako Forever,6057,07/28/2024, 06:17:12,844
GEOR20066,Pako Forever,6057,07/28/2024, 07:12:25,844
GEOR20066,Pako Forever,6057,07/28/2024, 08:15:31,844
GEOR20066,Pako Forever,6058,07/28/2024, 09:14:44,844
GEOR20066,Pako Forever,6058,07/28/2024, 10:12:59,844
GEOR20066,Pako Forever,6058,07/28/2024, 11:10:30,844
GEOR20066,Pako Forever,6058,07/28/2024, 12:22:08,844
GEOR20066,Pako Forever,6058,07/28/2024, 13:14:04,844
GEOR20066,Pako Forever,6058,07/28/2024, 14:11:42,844
GEOR20066,Pako Forever,6058,07/28/2024, 15:12:27,844
GEOR20066,Pako Forever,6058,07/28/2024, 16:16:37,844
GEOR20066,Pako Forever,6058,07/28/2024, 17:11:39,844
GEOR20066,Pako Forever,6059,07/28/2024, 18:17:17,844
GEOR20066,Pako Forever,6059,07/28/2024, 19:10:15,844
GEOR20066,Pako Forever,6059,07/28/2024, 20:14:11,844
GEOR20066,Pako Forever,6059,07/28/2024, 21:14:03,844
GEOR20066,Pako Forever,6059,07/28/2024, 22:12:50,844
GEOR20066,Pako Forever,6059,07/28/2024, 23:13:32,844
GEOR20066,Pako Forever,6059,07/29/2024, 01:00:09,844
GEOR20066,Pako Forever,6059,07/29/2024, 02:08:34,844
GEOR20066,Pako Forever,6059,07/29/2024, 03:15:08,844
GEOR20066,Pako Forever,6059,07/29/2024, 04:16:04,844
GEOR20066,Pako Forever,6059,07/29/2024, 05:15:00,844
GEOR20066,Pako Forever,6059,07/29/2024, 06:19:23,844
GEOR20066,Pako Forever,6059,07/29/2024, 07:13:58,844
GEOR20066,Pako Forever,6059,07/29/2024, 08:17:29,844
GEOR20066,Pako Forever,6059,07/29/2024, 09:15:41,844
GEOR20066,Pako Forever,6059,07/29/2024, 10:15:41,844
GEOR20066,Pako Forever,6059,07/29/2024, 11:11:24,844
GEOR20066,Pako Forever,6059,07/29/2024, 12:24:54,844
GEOR20066,Pako Forever,6060,07/29/2024, 13:18:10,844
GEOR20066,Pako Forever,6060,07/29/2024, 14:13:17,844
GEOR20066,Pako Forever,6060,07/29/2024, 15:14:43,844
GEOR20066,Pako Forever,6060,07/29/2024, 16:17:24,844
GEOR20066,Pako Forever,6060,07/29/2024, 17:12:36,844
GEOR20066,Pako Forever,6060,07/29/2024, 18:17:44,844
GEOR20066,Pako Forever,6060,07/29/2024, 19:11:17,844
GEOR20066,Pako Forever,6060,07/29/2024, 20:14:26,844
GEOR20066,Pako Forever,6060,07/29/2024, 21:14:08,844
GEOR20066,Pako Forever,6060,07/29/2024, 22:15:00,844
GEOR20066,Pako Forever,6060,07/29/2024, 23:13:34,844
GEOR20066,Pako Forever,6060,07/30/2024, 00:58:29,844
GEOR20066,Pako Forever,6060,07/30/2024, 02:04:21,844
GEOR20066,Pako Forever,6060,07/30/2024, 03:17:24,844
GEOR20066,Pako Forever,6060,07/30/2024, 04:15:57,844
GEOR20066,Pako Forever,6060,07/30/2024, 05:14:33,844
GEOR20066,Pako Forever,6060,07/30/2024, 06:18:42,844
GEOR20066,Pako Forever,6060,07/30/2024, 07:12:48,844
GEOR20066,Pako Forever,6060,07/30/2024, 08:17:32,844
GEOR20066,Pako Forever,6060,07/30/2024, 09:14:11,844
GEOR20066,Pako Forever,6060,07/30/2024, 10:15:13,844
GEOR20066,Pako Forever,6060,07/30/2024, 11:12:39,844
GEOR20066,Pako Forever,6060,07/30/2024, 12:24:48,844
GEOR20066,Pako Forever,6060,07/30/2024, 13:16:36,844
GEOR20066,Pako Forever,6060,07/30/2024, 14:12:50,844
GEOR20066,Pako Forever,6060,07/30/2024, 15:14:31,844
GEOR20066,Pako Forever,6060,07/30/2024, 16:17:26,844
GEOR20066,Pako Forever,6060,07/30/2024, 17:12:12,844
GEOR20066,Pako Forever,6060,07/30/2024, 18:17:19,844
GEOR20066,Pako Forever,6060,07/30/2024, 19:11:38,844
GEOR20066,Pako Forever,6060,07/30/2024, 20:13:28,844
GEOR20066,Pako Forever,6060,07/30/2024, 21:13:49,844
GEOR20066,Pako Forever,6060,07/30/2024, 22:11:53,844
GEOR20066,Pako Forever,6060,07/30/2024, 23:12:22,844
GEOR20066,Pako Forever,6060,07/31/2024, 00:48:43,844
GEOR20066,Pako Forever,6060,07/31/2024, 01:40:23,844
GEOR20066,Pako Forever,6060,07/31/2024, 02:13:57,844
GEOR20066,Pako Forever,6060,07/31/2024, 03:15:11,844
GEOR20066,Pako Forever,6060,07/31/2024, 04:13:35,844
GEOR20066,Pako Forever,6060,07/31/2024, 05:12:13,844
GEOR20066,Pako Forever,6060,07/31/2024, 06:16:09,844
GEOR20066,Pako Forever,6060,07/31/2024, 07:11:43,844
GEOR20066,Pako Forever,6060,07/31/2024, 08:16:20,844
GEOR20066,Pako Forever,6060,07/31/2024, 09:15:51,844
GEOR20066,Pako Forever,6060,07/31/2024, 10:11:36,844
GEOR20066,Pako Forever,6060,07/31/2024, 11:11:27,844
GEOR20066,Pako Forever,6060,07/31/2024, 12:25:09,844
GEOR20066,Pako Forever,6061,07/31/2024, 13:16:48,844
GEOR20066,Pako Forever,6061,07/31/2024, 14:12:57,844
GEOR20066,Pako Forever,6061,07/31/2024, 15:13:53,844
GEOR20066,Pako Forever,6061,07/31/2024, 16:16:11,844
GEOR20066,Pako Forever,6061,07/31/2024, 17:14:39,844
GEOR20066,Pako Forever,6061,07/31/2024, 18:17:55,844
GEOR20066,Pako Forever,6061,07/31/2024, 19:11:52,844
GEOR20066,Pako Forever,6061,07/31/2024, 20:14:07,844
GEOR20066,Pako Forever,6061,07/31/2024, 21:14:11,844
GEOR20066,Pako Forever,6061,07/31/2024, 22:13:03,844
GEOR20066,Pako Forever,6061,07/31/2024, 23:13:16,844
GEOR20066,Pako Forever,6061,08/01/2024, 01:03:30,844
GEOR20066,Pako Forever,6061,08/01/2024, 02:37:49,844
GEOR20066,Pako Forever,6061,08/01/2024, 03:15:28,844
GEOR20066,Pako Forever,6061,08/01/2024, 04:16:24,844
GEOR20066,Pako Forever,6061,08/01/2024, 05:13:41,844
GEOR20066,Pako Forever,6061,08/01/2024, 06:19:02,844
GEOR20066,Pako Forever,6061,08/01/2024, 07:13:01,844
GEOR20066,Pako Forever,6061,08/01/2024, 08:17:27,844
GEOR20066,Pako Forever,6061,08/01/2024, 09:13:33,844
GEOR20066,Pako Forever,6061,08/01/2024, 10:15:07,844
GEOR20066,Pako Forever,6061,08/01/2024, 11:13:35,844
GEOR20066,Pako Forever,6061,08/01/2024, 12:24:52,844
GEOR20066,Pako Forever,6061,08/01/2024, 13:17:12,844
GEOR20066,Pako Forever,6061,08/01/2024, 14:17:38,844
GEOR20066,Pako Forever,6061,08/01/2024, 15:14:05,844
GEOR20066,Pako Forever,6061,08/01/2024, 16:17:00,844
GEOR20066,Pako Forever,6061,08/01/2024, 17:13:46,844
GEOR20066,Pako Forever,6061,08/01/2024, 18:17:34,844
GEOR20066,Pako Forever,6061,08/01/2024, 19:10:58,844
GEOR20066,Pako Forever,6061,08/01/2024, 20:15:07,844
GEOR20066,Pako Forever,6061,08/01/2024, 21:15:08,844
GEOR20066,Pako Forever,6061,08/01/2024, 22:12:48,844
GEOR20066,Pako Forever,6061,08/01/2024, 23:13:41,844
GEOR20066,Pako Forever,6061,08/02/2024, 00:58:19,844
GEOR20066,Pako Forever,6061,08/02/2024, 02:04:27,844
GEOR20066,Pako Forever,6061,08/02/2024, 03:16:27,844
GEOR20066,Pako Forever,6061,08/02/2024, 04:17:34,844
GEOR20066,Pako Forever,6061,08/02/2024, 05:14:01,844
GEOR20066,Pako Forever,6061,08/02/2024, 06:20:49,844
GEOR20066,Pako Forever,6061,08/02/2024, 07:13:39,844
GEOR20066,Pako Forever,6061,08/02/2024, 08:16:44,844
GEOR20066,Pako Forever,6061,08/02/2024, 09:14:52,844
GEOR20066,Pako Forever,6061,08/02/2024, 10:14:43,844
GEOR20066,Pako Forever,6061,08/02/2024, 11:11:57,844
GEOR20066,Pako Forever,6061,08/02/2024, 12:23:56,844
GEOR20066,Pako Forever,6061,08/02/2024, 13:16:20,844
GEOR20066,Pako Forever,6061,08/02/2024, 14:12:50,844
GEOR20066,Pako Forever,6061,08/02/2024, 15:14:07,844
GEOR20066,Pako Forever,6061,08/02/2024, 16:16:07,844
GEOR20066,Pako Forever,6061,08/02/2024, 17:13:23,844
GEOR20066,Pako Forever,6061,08/02/2024, 18:18:10,844
GEOR20066,Pako Forever,6061,08/02/2024, 19:11:26,844
GEOR20066,Pako Forever,6061,08/02/2024, 20:14:42,844
GEOR20066,Pako Forever,6061,08/02/2024, 21:13:38,844
GEOR20066,Pako Forever,6061,08/02/2024, 22:13:39,844
GEOR20066,Pako Forever,6061,08/02/2024, 23:13:07,844
GEOR20066,Pako Forever,6061,08/03/2024, 00:57:39,844
GEOR20066,Pako Forever,6061,08/03/2024, 02:02:14,844
GEOR20066,Pako Forever,6061,08/03/2024, 03:14:26,844
GEOR20066,Pako Forever,6061,08/03/2024, 04:15:51,844
GEOR20066,Pako Forever,6061,08/03/2024, 05:12:36,844
GEOR20066,Pako Forever,6061,08/03/2024, 06:18:32,844
GEOR20066,Pako Forever,6061,08/03/2024, 07:11:52,844
GEOR20066,Pako Forever,6061,08/03/2024, 08:16:34,844
GEOR20066,Pako Forever,6061,08/03/2024, 09:13:56,844
GEOR20066,Pako Forever,6061,08/03/2024, 10:13:07,844
GEOR20066,Pako Forever,6061,08/03/2024, 11:12:03,844
GEOR20066,Pako Forever,6061,08/03/2024, 12:22:01,844
GEOR20066,Pako Forever,6061,08/03/2024, 13:14:07,844
GEOR20066,Pako Forever,6061,08/03/2024, 14:13:47,844
GEOR20066,Pako Forever,6061,08/03/2024, 15:13:22,844
GEOR20066,Pako Forever,6061,08/03/2024, 16:16:16,844
GEOR20066,Pako Forever,6062,08/03/2024, 17:12:04,844
GEOR20066,Pako Forever,6062,08/03/2024, 18:17:39,844
GEOR20066,Pako Forever,6062,08/03/2024, 19:10:26,844
GEOR20066,Pako Forever,6063,08/03/2024, 20:13:12,844
GEOR20066,Pako Forever,6063,08/03/2024, 21:12:59,844
GEOR20066,Pako Forever,6063,08/03/2024, 22:11:49,844
GEOR20066,Pako Forever,6063,08/03/2024, 23:13:58,844
GEOR20066,Pako Forever,6063,08/04/2024, 01:02:56,844
GEOR20066,Pako Forever,6063,08/04/2024, 02:35:40,844
GEOR20066,Pako Forever,6063,08/04/2024, 03:14:53,844
GEOR20066,Pako Forever,6063,08/04/2024, 04:16:43,844
GEOR20066,Pako Forever,6063,08/04/2024, 05:12:36,844
GEOR20066,Pako Forever,6063,08/04/2024, 06:17:52,844
GEOR20066,Pako Forever,6063,08/04/2024, 07:12:53,844
GEOR20066,Pako Forever,6063,08/04/2024, 08:15:19,844
GEOR20066,Pako Forever,6063,08/04/2024, 09:13:23,844
GEOR20066,Pako Forever,6063,08/04/2024, 10:13:28,844
GEOR20066,Pako Forever,6063,08/04/2024, 11:12:16,844
GEOR20066,Pako Forever,6063,08/04/2024, 12:22:28,844
GEOR20066,Pako Forever,6063,08/04/2024, 13:14:49,844
GEOR20066,Pako Forever,6063,08/04/2024, 14:12:58,844
GEOR20066,Pako Forever,6063,08/04/2024, 15:13:50,844
GEOR20066,Pako Forever,6063,08/04/2024, 16:14:35,844
GEOR20066,Pako Forever,6063,08/04/2024, 17:11:25,844
GEOR20066,Pako Forever,6063,08/04/2024, 18:16:34,844
GEOR20066,Pako Forever,6063,08/04/2024, 19:11:24,844
GEOR20066,Pako Forever,6063,08/04/2024, 20:14:14,844
GEOR20066,Pako Forever,6063,08/04/2024, 21:13:09,844
GEOR20066,Pako Forever,6063,08/04/2024, 22:13:42,844
GEOR20066,Pako Forever,6063,08/04/2024, 23:15:00,844
GEOR20066,Pako Forever,6063,08/05/2024, 01:00:26,844
GEOR20066,Pako Forever,6063,08/05/2024, 02:08:28,844
GEOR20066,Pako Forever,6063,08/05/2024, 03:15:02,844
GEOR20066,Pako Forever,6063,08/05/2024, 04:16:27,844
GEOR20066,Pako Forever,6063,08/05/2024, 05:15:10,844
GEOR20066,Pako Forever,6063,08/05/2024, 06:19:27,844
GEOR20066,Pako Forever,6063,08/05/2024, 07:14:02,844
GEOR20066,Pako Forever,6063,08/05/2024, 08:18:07,844
GEOR20066,Pako Forever,6063,08/05/2024, 09:14:08,844
GEOR20066,Pako Forever,6063,08/05/2024, 10:14:39,844
GEOR20066,Pako Forever,6063,08/05/2024, 11:12:32,844
GEOR20066,Pako Forever,6063,08/05/2024, 12:25:40,844
GEOR20066,Pako Forever,6063,08/05/2024, 13:17:35,844
GEOR20066,Pako Forever,6063,08/05/2024, 14:12:45,844
GEOR20066,Pako Forever,6063,08/05/2024, 15:14:11,844
GEOR20066,Pako Forever,6063,08/05/2024, 16:16:17,844
GEOR20066,Pako Forever,6063,08/05/2024, 17:13:38,844
GEOR20066,Pako Forever,6063,08/05/2024, 18:18:23,844
GEOR20066,Pako Forever,6063,08/05/2024, 19:13:43,844
GEOR20066,Pako Forever,6063,08/05/2024, 20:14:11,844
GEOR20066,Pako Forever,6063,08/05/2024, 21:15:23,844
GEOR20066,Pako Forever,6063,08/05/2024, 22:12:53,844
GEOR20066,Pako Forever,6063,08/05/2024, 23:15:02,844
GEOR20066,Pako Forever,6063,08/06/2024, 00:58:38,844
GEOR20066,Pako Forever,6063,08/06/2024, 02:05:06,844
GEOR20066,Pako Forever,6063,08/06/2024, 03:15:22,844
GEOR20066,Pako Forever,6063,08/06/2024, 04:16:56,844
GEOR20066,Pako Forever,6063,08/06/2024, 05:13:50,844
GEOR20066,Pako Forever,6063,08/06/2024, 06:20:01,844
GEOR20066,Pako Forever,6063,08/06/2024, 07:14:04,844
GEOR20066,Pako Forever,6063,08/06/2024, 08:16:45,844
GEOR20066,Pako Forever,6063,08/06/2024, 09:14:25,844
GEOR20066,Pako Forever,6063,08/06/2024, 10:15:10,844
GEOR20066,Pako Forever,6063,08/06/2024, 11:12:17,844
GEOR20066,Pako Forever,6063,08/06/2024, 12:25:08,844
GEOR20066,Pako Forever,6063,08/06/2024, 13:17:40,844
GEOR20066,Pako Forever,6063,08/06/2024, 14:13:25,844
GEOR20066,Pako Forever,6063,08/06/2024, 15:15:13,844
GEOR20066,Pako Forever,6063,08/06/2024, 16:16:34,844
GEOR20066,Pako Forever,6063,08/06/2024, 17:13:49,844
GEOR20066,Pako Forever,6063,08/06/2024, 18:18:55,844
GEOR20066,Pako Forever,6063,08/06/2024, 19:11:29,844
GEOR20066,Pako Forever,6063,08/06/2024, 20:12:19,844
GEOR20066,Pako Forever,6063,08/06/2024, 21:12:46,844
GEOR20066,Pako Forever,6063,08/06/2024, 22:13:25,844
GEOR20066,Pako Forever,6063,08/06/2024, 23:14:12,844
GEOR20066,Pako Forever,6063,08/07/2024, 00:59:24,844
GEOR20066,Pako Forever,6063,08/07/2024, 02:07:51,844
GEOR20066,Pako Forever,6063,08/07/2024, 03:15:34,844
GEOR20066,Pako Forever,6063,08/07/2024, 04:17:26,844
GEOR20066,Pako Forever,6063,08/07/2024, 05:13:33,844
GEOR20066,Pako Forever,6063,08/07/2024, 06:18:47,844
GEOR20066,Pako Forever,6063,08/07/2024, 07:12:48,844
GEOR20066,Pako Forever,6063,08/07/2024, 08:18:08,844
GEOR20066,Pako Forever,6064,08/07/2024, 09:15:22,844
GEOR20066,Pako Forever,6064,08/07/2024, 10:14:23,844
GEOR20066,Pako Forever,6064,08/07/2024, 11:11:52,844
GEOR20066,Pako Forever,6064,08/07/2024, 12:25:40,844
GEOR20066,Pako Forever,6064,08/07/2024, 13:18:37,844
GEOR20066,Pako Forever,6064,08/07/2024, 14:12:45,844
GEOR20066,Pako Forever,6064,08/07/2024, 15:14:00,844
GEOR20066,Pako Forever,6064,08/07/2024, 16:16:33,844
GEOR20066,Pako Forever,6064,08/07/2024, 17:14:22,844
GEOR20066,Pako Forever,6064,08/07/2024, 18:18:02,844
GEOR20066,Pako Forever,6064,08/07/2024, 19:11:54,844
GEOR20066,Pako Forever,6064,08/07/2024, 20:14:45,844
GEOR20066,Pako Forever,6064,08/07/2024, 21:14:51,844
GEOR20066,Pako Forever,6064,08/07/2024, 22:13:07,844
GEOR20066,Pako Forever,6064,08/07/2024, 23:13:16,844
GEOR20066,Pako Forever,6064,08/08/2024, 00:59:36,844
GEOR20066,Pako Forever,6064,08/08/2024, 02:06:32,844
GEOR20066,Pako Forever,6064,08/08/2024, 03:15:12,844
GEOR20066,Pako Forever,6064,08/08/2024, 04:18:13,844
GEOR20066,Pako Forever,6064,08/08/2024, 05:14:02,844
GEOR20066,Pako Forever,6064,08/08/2024, 06:19:41,844
GEOR20066,Pako Forever,6065,08/08/2024, 07:13:27,844
GEOR20066,Pako Forever,6065,08/08/2024, 08:17:36,844
GEOR20066,Pako Forever,6065,08/08/2024, 09:14:36,844
GEOR20066,Pako Forever,6065,08/08/2024, 10:14:18,844
GEOR20066,Pako Forever,6065,08/08/2024, 11:12:50,844
GEOR20066,Pako Forever,6065,08/08/2024, 12:24:49,844
GEOR20066,Pako Forever,6065,08/08/2024, 13:17:44,844
GEOR20066,Pako Forever,6065,08/08/2024, 14:12:56,844
GEOR20066,Pako Forever,6065,08/08/2024, 15:14:42,844
GEOR20066,Pako Forever,6065,08/08/2024, 16:16:26,844
GEOR20066,Pako Forever,6066,08/08/2024, 17:14:20,844
GEOR20066,Pako Forever,6066,08/08/2024, 18:19:02,844
GEOR20066,Pako Forever,6066,08/08/2024, 19:11:12,844
GEOR20066,Pako Forever,6067,08/08/2024, 20:15:21,844
GEOR20066,Pako Forever,6067,08/08/2024, 21:13:11,844
GEOR20066,Pako Forever,6067,08/08/2024, 22:13:20,844
GEOR20066,Pako Forever,6067,08/08/2024, 23:14:05,844
GEOR20066,Pako Forever,6067,08/09/2024, 00:59:56,844
GEOR20066,Pako Forever,6067,08/09/2024, 02:08:17,844
GEOR20066,Pako Forever,6068,08/09/2024, 03:15:22,844
GEOR20066,Pako Forever,6068,08/09/2024, 04:16:19,844
GEOR20066,Pako Forever,6068,08/09/2024, 05:14:02,844
GEOR20066,Pako Forever,6068,08/09/2024, 06:19:24,844
GEOR20066,Pako Forever,6068,08/09/2024, 07:13:05,844
GEOR20066,Pako Forever,6068,08/09/2024, 08:17:37,844
GEOR20066,Pako Forever,6068,08/09/2024, 09:15:42,844
GEOR20066,Pako Forever,6068,08/09/2024, 10:14:36,844
GEOR20066,Pako Forever,6068,08/09/2024, 11:12:25,844
GEOR20066,Pako Forever,6068,08/09/2024, 12:24:46,844
GEOR20066,Pako Forever,6068,08/09/2024, 13:17:31,844
GEOR20066,Pako Forever,6068,08/09/2024, 14:13:40,844
GEOR20066,Pako Forever,6068,08/09/2024, 15:15:14,844
GEOR20066,Pako Forever,6069,08/09/2024, 16:16:32,844
GEOR20066,Pako Forever,6069,08/09/2024, 17:13:18,844
GEOR20066,Pako Forever,6069,08/09/2024, 18:17:58,844
GEOR20066,Pako Forever,6069,08/09/2024, 19:12:13,844
GEOR20066,Pako Forever,6069,08/09/2024, 20:14:59,844
GEOR20066,Pako Forever,6069,08/09/2024, 21:12:47,844
GEOR20066,Pako Forever,6069,08/09/2024, 22:14:31,844
GEOR20066,Pako Forever,6069,08/09/2024, 23:13:17,844
GEOR20066,Pako Forever,6070,08/10/2024, 00:59:20,844
GEOR20066,Pako Forever,6070,08/10/2024, 02:06:28,844
GEOR20066,Pako Forever,6070,08/10/2024, 03:17:08,844
GEOR20066,Pako Forever,6070,08/10/2024, 04:17:44,844
GEOR20066,Pako Forever,6070,08/10/2024, 05:13:05,844
GEOR20066,Pako Forever,6070,08/10/2024, 06:17:26,844
GEOR20066,Pako Forever,6070,08/10/2024, 07:12:12,844
GEOR20066,Pako Forever,6070,08/10/2024, 08:16:28,844
GEOR20066,Pako Forever,6070,08/10/2024, 09:14:00,844
GEOR20066,Pako Forever,6070,08/10/2024, 10:14:58,844
GEOR20066,Pako Forever,6070,08/10/2024, 11:11:18,844
GEOR20066,Pako Forever,6070,08/10/2024, 12:23:19,844
GEOR20066,Pako Forever,6070,08/10/2024, 13:14:43,844
GEOR20066,Pako Forever,6070,08/10/2024, 14:12:23,844
GEOR20066,Pako Forever,6070,08/10/2024, 15:13:27,844
GEOR20066,Pako Forever,6070,08/10/2024, 16:16:22,844
GEOR20066,Pako Forever,6070,08/10/2024, 17:11:05,844
GEOR20066,Pako Forever,6070,08/10/2024, 18:16:35,844
GEOR20066,Pako Forever,6070,08/10/2024, 19:11:14,844
GEOR20066,Pako Forever,6070,08/10/2024, 20:13:46,844
GEOR20066,Pako Forever,6071,08/10/2024, 21:13:36,844
GEOR20066,Pako Forever,6071,08/10/2024, 22:12:59,844
GEOR20066,Pako Forever,6071,08/10/2024, 23:13:24,844
GEOR20066,Pako Forever,6071,08/11/2024, 01:03:52,844
GEOR20066,Pako Forever,6071,08/11/2024, 02:37:44,844
GEOR20066,Pako Forever,6071,08/11/2024, 03:14:51,844
GEOR20066,Pako Forever,6071,08/11/2024, 04:16:26,844
GEOR20066,Pako Forever,6071,08/11/2024, 05:12:53,844
GEOR20066,Pako Forever,6071,08/11/2024, 06:19:01,844
GEOR20066,Pako Forever,6071,08/11/2024, 07:11:52,844
GEOR20066,Pako Forever,6071,08/11/2024, 08:15:53,844
GEOR20066,Pako Forever,6071,08/11/2024, 09:13:55,844
GEOR20066,Pako Forever,6071,08/11/2024, 10:13:40,844
GEOR20066,Pako Forever,6071,08/11/2024, 11:11:29,844
GEOR20066,Pako Forever,6071,08/11/2024, 12:22:50,844
GEOR20066,Pako Forever,6071,08/11/2024, 13:14:51,844
GEOR20066,Pako Forever,6071,08/11/2024, 14:13:18,844
GEOR20066,Pako Forever,6071,08/11/2024, 15:14:13,844
GEOR20066,Pako Forever,6071,08/11/2024, 16:15:10,844
GEOR20066,Pako Forever,6071,08/11/2024, 17:12:06,844
GEOR20066,Pako Forever,6071,08/11/2024, 18:18:34,844
GEOR20066,Pako Forever,6071,08/11/2024, 19:11:42,844
GEOR20066,Pako Forever,6071,08/11/2024, 20:14:09,844
GEOR20066,Pako Forever,6071,08/11/2024, 21:14:38,844
GEOR20066,Pako Forever,6071,08/11/2024, 22:13:52,844
GEOR20066,Pako Forever,6071,08/11/2024, 23:13:17,844
GEOR20066,Pako Forever,6071,08/12/2024, 01:01:03,844
GEOR20066,Pako Forever,6071,08/12/2024, 02:11:33,844
GEOR20066,Pako Forever,6071,08/12/2024, 03:15:45,844
GEOR20066,Pako Forever,6071,08/12/2024, 04:16:43,844
GEOR20066,Pako Forever,6072,08/12/2024, 05:14:27,844
GEOR20066,Pako Forever,6072,08/12/2024, 06:19:19,844
GEOR20066,Pako Forever,6072,08/12/2024, 07:13:27,844
GEOR20066,Pako Forever,6072,08/12/2024, 08:18:54,844
GEOR20066,Pako Forever,6072,08/12/2024, 09:15:16,844
GEOR20066,Pako Forever,6072,08/12/2024, 10:14:47,844
GEOR20066,Pako Forever,6072,08/12/2024, 11:12:22,844
GEOR20066,Pako Forever,6072,08/12/2024, 12:27:15,844
GEOR20066,Pako Forever,6072,08/12/2024, 13:19:33,844
GEOR20066,Pako Forever,6072,08/12/2024, 14:15:50,844
GEOR20066,Pako Forever,6072,08/12/2024, 15:16:16,844
GEOR20066,Pako Forever,6072,08/12/2024, 16:16:43,844
GEOR20066,Pako Forever,6072,08/12/2024, 17:12:27,844
GEOR20066,Pako Forever,6072,08/12/2024, 18:18:53,844
GEOR20066,Pako Forever,6072,08/12/2024, 19:12:14,844
GEOR20066,Pako Forever,6072,08/12/2024, 20:14:36,844
GEOR20066,Pako Forever,6072,08/12/2024, 21:13:41,844
GEOR20066,Pako Forever,6072,08/12/2024, 22:14:09,844
GEOR20066,Pako Forever,6072,08/12/2024, 23:14:34,844
GEOR20066,Pako Forever,6072,08/13/2024, 01:00:39,844
GEOR20066,Pako Forever,6072,08/13/2024, 02:09:47,844
GEOR20066,Pako Forever,6072,08/13/2024, 03:15:36,844
GEOR20066,Pako Forever,6072,08/13/2024, 04:16:11,844
GEOR20066,Pako Forever,6072,08/13/2024, 05:14:15,844
GEOR20066,Pako Forever,6072,08/13/2024, 06:19:29,844
GEOR20066,Pako Forever,6072,08/13/2024, 07:13:45,844
GEOR20066,Pako Forever,6072,08/13/2024, 08:17:17,844
GEOR20066,Pako Forever,6072,08/13/2024, 09:15:45,844
GEOR20066,Pako Forever,6072,08/13/2024, 10:15:33,844
GEOR20066,Pako Forever,6073,08/13/2024, 11:11:33,844
GEOR20066,Pako Forever,6073,08/13/2024, 12:26:05,844
GEOR20066,Pako Forever,6073,08/13/2024, 13:18:06,844
GEOR20066,Pako Forever,6073,08/13/2024, 14:12:53,844
GEOR20066,Pako Forever,6073,08/13/2024, 15:14:29,844
GEOR20066,Pako Forever,6073,08/13/2024, 16:16:29,844
GEOR20066,Pako Forever,6073,08/13/2024, 17:13:05,844
GEOR20066,Pako Forever,6073,08/13/2024, 18:18:13,844
GEOR20066,Pako Forever,6073,08/13/2024, 19:12:14,844
GEOR20066,Pako Forever,6073,08/13/2024, 20:14:21,844
GEOR20066,Pako Forever,6073,08/13/2024, 21:13:16,844
GEOR20066,Pako Forever,6073,08/13/2024, 22:12:42,844
GEOR20066,Pako Forever,6073,08/13/2024, 23:13:26,844
GEOR20066,Pako Forever,6073,08/14/2024, 00:59:42,844
GEOR20066,Pako Forever,6073,08/14/2024, 02:07:31,844
GEOR20066,Pako Forever,6073,08/14/2024, 03:16:27,844
GEOR20066,Pako Forever,6073,08/14/2024, 04:16:22,844
GEOR20066,Pako Forever,6073,08/14/2024, 05:13:56,844
GEOR20066,Pako Forever,6073,08/14/2024, 06:18:44,844
GEOR20066,Pako Forever,6075,08/14/2024, 07:13:08,844
GEOR20066,Pako Forever,6075,08/14/2024, 08:18:12,844
GEOR20066,Pako Forever,6075,08/14/2024, 09:14:58,844
GEOR20066,Pako Forever,6075,08/14/2024, 10:15:00,844
GEOR20066,Pako Forever,6075,08/14/2024, 11:12:56,844
GEOR20066,Pako Forever,6075,08/14/2024, 12:25:23,844
GEOR20066,Pako Forever,6075,08/14/2024, 13:18:05,844
GEOR20066,Pako Forever,6075,08/14/2024, 14:13:29,844
GEOR20066,Pako Forever,6075,08/14/2024, 15:14:04,844
GEOR20066,Pako Forever,6075,08/14/2024, 16:19:08,844
GEOR20066,Pako Forever,6075,08/14/2024, 17:12:22,844
GEOR20066,Pako Forever,6075,08/14/2024, 18:17:35,844
GEOR20066,Pako Forever,6075,08/14/2024, 19:13:06,844
GEOR20066,Pako Forever,6075,08/14/2024, 20:14:23,844
GEOR20066,Pako Forever,6075,08/14/2024, 21:13:16,844
GEOR20066,Pako Forever,6075,08/14/2024, 22:14:01,844
GEOR20066,Pako Forever,6075,08/15/2024, 02:21:28,844
GEOR20066,Pako Forever,6075,08/15/2024, 03:15:10,844
GEOR20066,Pako Forever,6075,08/15/2024, 04:15:53,844
GEOR20066,Pako Forever,6075,08/15/2024, 05:14:22,844
GEOR20066,Pako Forever,6075,08/15/2024, 06:19:06,844
GEOR20066,Pako Forever,6075,08/15/2024, 07:13:16,844
GEOR20066,Pako Forever,6075,08/15/2024, 08:17:38,844
GEOR20066,Pako Forever,6075,08/15/2024, 09:14:44,844
GEOR20066,Pako Forever,6075,08/15/2024, 10:16:05,844
GEOR20066,Pako Forever,6075,08/15/2024, 11:11:47,844
GEOR20066,Pako Forever,6075,08/15/2024, 12:25:26,844
GEOR20066,Pako Forever,6075,08/15/2024, 13:17:00,844
GEOR20066,Pako Forever,6075,08/15/2024, 14:12:48,844
GEOR20066,Pako Forever,6075,08/15/2024, 15:14:16,844
GEOR20066,Pako Forever,6075,08/15/2024, 16:17:05,844
GEOR20066,Pako Forever,6075,08/15/2024, 17:11:55,844
GEOR20066,Pako Forever,6075,08/15/2024, 18:18:52,844
GEOR20066,Pako Forever,6075,08/15/2024, 19:11:14,844
GEOR20066,Pako Forever,6075,08/15/2024, 20:14:27,844
GEOR20066,Pako Forever,6075,08/15/2024, 21:14:21,844
GEOR20066,Pako Forever,6075,08/15/2024, 22:13:59,844
GEOR20066,Pako Forever,6075,08/15/2024, 23:12:30,844
GEOR20066,Pako Forever,6075,08/16/2024, 00:59:09,844
GEOR20066,Pako Forever,6075,08/16/2024, 02:06:04,844
GEOR20066,Pako Forever,6075,08/16/2024, 03:17:29,844
GEOR20066,Pako Forever,6075,08/16/2024, 04:15:58,844
GEOR20066,Pako Forever,6075,08/16/2024, 05:13:50,844
GEOR20066,Pako Forever,6075,08/16/2024, 06:18:35,844
GEOR20066,Pako Forever,6075,08/16/2024, 07:14:04,844
GEOR20066,Pako Forever,6075,08/16/2024, 08:18:12,844
GEOR20066,Pako Forever,6075,08/16/2024, 09:16:08,844
GEOR20066,Pako Forever,6075,08/16/2024, 10:14:34,844
GEOR20066,Pako Forever,6075,08/16/2024, 11:12:42,844
GEOR20066,Pako Forever,6075,08/16/2024, 12:25:14,844
GEOR20066,Pako Forever,6075,08/16/2024, 13:16:59,844
GEOR20066,Pako Forever,6075,08/16/2024, 14:12:35,844
GEOR20066,Pako Forever,6075,08/16/2024, 15:13:41,844
GEOR20066,Pako Forever,6075,08/16/2024, 16:18:23,844
GEOR20066,Pako Forever,6075,08/16/2024, 17:12:41,844
GEOR20066,Pako Forever,6075,08/16/2024, 18:17:51,844
GEOR20066,Pako Forever,6076,08/16/2024, 19:12:40,844
GEOR20066,Pako Forever,6076,08/16/2024, 20:15:08,844
GEOR20066,Pako Forever,6076,08/16/2024, 21:13:32,844
GEOR20066,Pako Forever,6076,08/16/2024, 22:13:21,844
GEOR20066,Pako Forever,6076,08/16/2024, 23:14:24,844
GEOR20066,Pako Forever,6076,08/17/2024, 00:57:26,844
GEOR20066,Pako Forever,6076,08/17/2024, 02:02:09,844
GEOR20066,Pako Forever,6076,08/17/2024, 03:14:28,844
GEOR20066,Pako Forever,6076,08/17/2024, 04:17:47,844
GEOR20066,Pako Forever,6076,08/17/2024, 05:14:28,844
GEOR20066,Pako Forever,6076,08/17/2024, 06:17:41,844
GEOR20066,Pako Forever,6076,08/17/2024, 07:11:44,844
GEOR20066,Pako Forever,6076,08/17/2024, 08:16:04,844
GEOR20066,Pako Forever,6076,08/17/2024, 09:12:53,844
GEOR20066,Pako Forever,6076,08/17/2024, 10:14:07,844
GEOR20066,Pako Forever,6076,08/17/2024, 11:11:42,844
GEOR20066,Pako Forever,6076,08/17/2024, 12:22:18,844
GEOR20066,Pako Forever,6076,08/17/2024, 13:13:58,844
GEOR20066,Pako Forever,6076,08/17/2024, 14:13:25,844
GEOR20066,Pako Forever,6076,08/17/2024, 15:12:39,844
GEOR20066,Pako Forever,6076,08/17/2024, 16:17:50,844
GEOR20066,Pako Forever,6076,08/17/2024, 17:11:17,844
GEOR20066,Pako Forever,6076,08/17/2024, 18:16:58,844
GEOR20066,Pako Forever,6076,08/17/2024, 19:11:36,844
GEOR20066,Pako Forever,6076,08/17/2024, 20:14:09,844
GEOR20066,Pako Forever,6076,08/17/2024, 21:11:34,844
GEOR20066,Pako Forever,6076,08/17/2024, 22:12:22,844
GEOR20066,Pako Forever,6076,08/17/2024, 23:12:24,844
GEOR20066,Pako Forever,6076,08/18/2024, 01:02:49,844
GEOR20066,Pako Forever,6076,08/18/2024, 02:35:21,844
GEOR20066,Pako Forever,6076,08/18/2024, 03:14:53,844
GEOR20066,Pako Forever,6076,08/18/2024, 04:17:29,844
GEOR20066,Pako Forever,6076,08/18/2024, 05:13:52,844
GEOR20066,Pako Forever,6076,08/18/2024, 06:18:11,844
GEOR20066,Pako Forever,6076,08/18/2024, 07:11:38,844
GEOR20066,Pako Forever,6076,08/18/2024, 08:15:48,844
GEOR20066,Pako Forever,6076,08/18/2024, 09:15:38,844
GEOR20066,Pako Forever,6077,08/18/2024, 10:13:46,844
GEOR20066,Pako Forever,6077,08/18/2024, 11:10:49,844
GEOR20066,Pako Forever,6077,08/18/2024, 12:24:56,844
GEOR20066,Pako Forever,6077,08/18/2024, 13:15:06,844
GEOR20066,Pako Forever,6077,08/18/2024, 14:13:05,844
GEOR20066,Pako Forever,6077,08/18/2024, 15:12:55,844
GEOR20066,Pako Forever,6078,08/18/2024, 16:15:13,844
GEOR20066,Pako Forever,6078,08/18/2024, 17:11:17,844
GEOR20066,Pako Forever,6078,08/18/2024, 18:16:18,844
GEOR20066,Pako Forever,6078,08/18/2024, 19:10:47,844
GEOR20066,Pako Forever,6078,08/18/2024, 20:13:36,844
GEOR20066,Pako Forever,6078,08/18/2024, 21:12:14,844
GEOR20066,Pako Forever,6078,08/18/2024, 22:13:34,844
GEOR20066,Pako Forever,6078,08/18/2024, 23:14:37,844
GEOR20066,Pako Forever,6078,08/19/2024, 01:00:15,844
GEOR20066,Pako Forever,6078,08/19/2024, 02:09:37,844
GEOR20066,Pako Forever,6078,08/19/2024, 03:15:11,844
GEOR20066,Pako Forever,6078,08/19/2024, 04:16:03,844
GEOR20066,Pako Forever,6078,08/19/2024, 05:13:49,844
GEOR20066,Pako Forever,6078,08/19/2024, 06:19:28,844
GEOR20066,Pako Forever,6078,08/19/2024, 07:14:38,844
GEOR20066,Pako Forever,6078,08/19/2024, 08:18:06,844
GEOR20066,Pako Forever,6078,08/19/2024, 09:15:05,844
GEOR20066,Pako Forever,6078,08/19/2024, 10:16:24,844
GEOR20066,Pako Forever,6078,08/19/2024, 11:11:45,844
GEOR20066,Pako Forever,6078,08/19/2024, 12:25:44,844
GEOR20066,Pako Forever,6078,08/19/2024, 13:18:05,844
GEOR20066,Pako Forever,6079,08/19/2024, 14:15:00,844
GEOR20066,Pako Forever,6079,08/19/2024, 15:14:42,844
GEOR20066,Pako Forever,6079,08/19/2024, 16:16:42,844
GEOR20066,Pako Forever,6079,08/19/2024, 17:13:59,844
GEOR20066,Pako Forever,6079,08/19/2024, 18:17:42,844
GEOR20066,Pako Forever,6079,08/19/2024, 19:12:42,844
GEOR20066,Pako Forever,6079,08/19/2024, 20:14:31,844
GEOR20066,Pako Forever,6079,08/19/2024, 21:13:11,844
GEOR20066,Pako Forever,6079,08/19/2024, 22:14:28,844
GEOR20066,Pako Forever,6079,08/19/2024, 23:14:45,844
GEOR20066,Pako Forever,6079,08/20/2024, 00:59:06,844
GEOR20066,Pako Forever,6079,08/20/2024, 02:06:10,844
GEOR20066,Pako Forever,6079,08/20/2024, 03:16:29,844
GEOR20066,Pako Forever,6079,08/20/2024, 04:18:34,844
GEOR20066,Pako Forever,6079,08/20/2024, 05:13:11,844
GEOR20066,Pako Forever,6079,08/20/2024, 06:19:20,844
GEOR20066,Pako Forever,6079,08/20/2024, 07:14:08,844
GEOR20066,Pako Forever,6079,08/20/2024, 08:18:25,844
GEOR20066,Pako Forever,6079,08/20/2024, 09:15:42,844
GEOR20066,Pako Forever,6079,08/20/2024, 10:15:12,844
GEOR20066,Pako Forever,6079,08/20/2024, 11:13:37,844
GEOR20066,Pako Forever,6079,08/20/2024, 12:26:02,844
GEOR20066,Pako Forever,6079,08/20/2024, 13:18:01,844
GEOR20066,Pako Forever,6079,08/20/2024, 14:13:29,844
GEOR20066,Pako Forever,6079,08/20/2024, 15:14:28,844
GEOR20066,Pako Forever,6079,08/20/2024, 16:15:57,844
GEOR20066,Pako Forever,6079,08/20/2024, 17:13:25,844
GEOR20066,Pako Forever,6079,08/20/2024, 18:17:59,844
GEOR20066,Pako Forever,6079,08/20/2024, 19:11:22,844
GEOR20066,Pako Forever,6079,08/20/2024, 20:16:39,844
GEOR20066,Pako Forever,6079,08/20/2024, 21:14:55,844
GEOR20066,Pako Forever,6079,08/20/2024, 22:12:32,844
GEOR20066,Pako Forever,6079,08/20/2024, 23:14:51,844
GEOR20066,Pako Forever,6079,08/21/2024, 00:59:13,844
GEOR20066,Pako Forever,6079,08/21/2024, 02:06:15,844
GEOR20066,Pako Forever,6079,08/21/2024, 03:15:35,844
GEOR20066,Pako Forever,6079,08/21/2024, 04:17:26,844
GEOR20066,Pako Forever,6079,08/21/2024, 05:13:41,844
GEOR20066,Pako Forever,6079,08/21/2024, 06:18:44,844
GEOR20066,Pako Forever,6079,08/21/2024, 07:13:06,844
GEOR20066,Pako Forever,6079,08/21/2024, 08:17:40,844
GEOR20066,Pako Forever,6079,08/21/2024, 09:15:13,844
GEOR20066,Pako Forever,6079,08/21/2024, 10:14:36,844
GEOR20066,Pako Forever,6079,08/21/2024, 11:11:33,844
GEOR20066,Pako Forever,6079,08/21/2024, 12:24:26,844
GEOR20066,Pako Forever,6079,08/21/2024, 13:18:12,844
GEOR20066,Pako Forever,6079,08/21/2024, 14:14:41,844
GEOR20066,Pako Forever,6079,08/21/2024, 15:14:04,844
GEOR20066,Pako Forever,6079,08/21/2024, 16:17:52,844
GEOR20066,Pako Forever,6079,08/21/2024, 17:12:52,844
GEOR20066,Pako Forever,6079,08/21/2024, 18:18:11,844
GEOR20066,Pako Forever,6079,08/21/2024, 19:12:51,844
GEOR20066,Pako Forever,6079,08/21/2024, 20:14:33,844
GEOR20066,Pako Forever,6079,08/21/2024, 21:13:25,844
GEOR20066,Pako Forever,6079,08/21/2024, 22:12:50,844
GEOR20066,Pako Forever,6079,08/21/2024, 23:13:33,844
GEOR20066,Pako Forever,6080,08/22/2024, 01:00:29,844
GEOR20066,Pako Forever,6080,08/22/2024, 02:09:26,844
GEOR20066,Pako Forever,6080,08/22/2024, 03:15:57,844
GEOR20066,Pako Forever,6080,08/22/2024, 04:16:12,844
GEOR20066,Pako Forever,6080,08/22/2024, 05:13:51,844
GEOR20066,Pako Forever,6080,08/22/2024, 06:18:58,844
GEOR20066,Pako Forever,6080,08/22/2024, 07:14:09,844
GEOR20066,Pako Forever,6080,08/22/2024, 08:17:19,844
GEOR20066,Pako Forever,6080,08/22/2024, 09:14:33,844
GEOR20066,Pako Forever,6080,08/22/2024, 10:15:11,844
GEOR20066,Pako Forever,6080,08/22/2024, 11:12:31,844
GEOR20066,Pako Forever,6080,08/22/2024, 12:25:05,844
GEOR20066,Pako Forever,6080,08/22/2024, 13:18:08,844
GEOR20066,Pako Forever,6080,08/22/2024, 14:13:13,844
GEOR20066,Pako Forever,6080,08/22/2024, 15:16:36,844
GEOR20066,Pako Forever,6080,08/22/2024, 16:16:53,844
GEOR20066,Pako Forever,6080,08/22/2024, 17:13:21,844
GEOR20066,Pako Forever,6080,08/22/2024, 18:18:04,844
GEOR20066,Pako Forever,6080,08/22/2024, 19:12:09,844
GEOR20066,Pako Forever,6080,08/22/2024, 20:15:03,844
GEOR20066,Pako Forever,6080,08/22/2024, 21:14:50,844
GEOR20066,Pako Forever,6080,08/22/2024, 22:13:53,844
GEOR20066,Pako Forever,6080,08/22/2024, 23:13:25,844
GEOR20066,Pako Forever,6080,08/23/2024, 00:59:22,844
GEOR20066,Pako Forever,6080,08/23/2024, 02:07:13,844
GEOR20066,Pako Forever,6080,08/23/2024, 03:15:14,844
GEOR20066,Pako Forever,6080,08/23/2024, 04:16:54,844
GEOR20066,Pako Forever,6080,08/23/2024, 05:13:56,844
GEOR20066,Pako Forever,6080,08/23/2024, 06:18:37,844
GEOR20066,Pako Forever,6080,08/23/2024, 07:13:52,844
GEOR20066,Pako Forever,6080,08/23/2024, 08:17:55,844
GEOR20066,Pako Forever,6080,08/23/2024, 09:14:26,844
GEOR20066,Pako Forever,6080,08/23/2024, 10:14:30,844
GEOR20066,Pako Forever,6080,08/23/2024, 11:11:31,844
GEOR20066,Pako Forever,6080,08/23/2024, 12:25:17,844
GEOR20066,Pako Forever,6080,08/23/2024, 13:17:37,844
GEOR20066,Pako Forever,6080,08/23/2024, 14:14:07,844
GEOR20066,Pako Forever,6081,08/23/2024, 15:16:03,844
GEOR20066,Pako Forever,6081,08/23/2024, 16:17:27,844
GEOR20066,Pako Forever,6081,08/23/2024, 17:12:16,844
GEOR20066,Pako Forever,6081,08/23/2024, 18:17:44,844
GEOR20066,Pako Forever,6081,08/23/2024, 19:11:36,844
GEOR20066,Pako Forever,6082,08/23/2024, 20:15:10,844
GEOR20066,Pako Forever,6082,08/23/2024, 21:12:53,844
GEOR20066,Pako Forever,6082,08/23/2024, 22:13:24,844
GEOR20066,Pako Forever,6082,08/23/2024, 23:13:13,844
GEOR20066,Pako Forever,6082,08/24/2024, 00:58:17,844
GEOR20066,Pako Forever,6082,08/24/2024, 02:05:59,844
GEOR20066,Pako Forever,6082,08/24/2024, 03:14:59,844
GEOR20066,Pako Forever,6082,08/24/2024, 04:16:08,844
GEOR20066,Pako Forever,6082,08/24/2024, 05:12:53,844
GEOR20066,Pako Forever,6082,08/24/2024, 06:17:49,844
GEOR20066,Pako Forever,6082,08/24/2024, 07:11:52,844
GEOR20066,Pako Forever,6082,08/24/2024, 08:15:49,844
GEOR20066,Pako Forever,6082,08/24/2024, 09:12:52,844
GEOR20066,Pako Forever,6082,08/24/2024, 10:13:39,844
GEOR20066,Pako Forever,6082,08/24/2024, 11:11:10,844
GEOR20066,Pako Forever,6082,08/24/2024, 12:22:42,844
GEOR20066,Pako Forever,6082,08/24/2024, 13:15:20,844
GEOR20066,Pako Forever,6082,08/24/2024, 14:13:06,844
GEOR20066,Pako Forever,6082,08/24/2024, 15:14:00,844
GEOR20066,Pako Forever,6082,08/24/2024, 16:15:04,844
GEOR20066,Pako Forever,6082,08/24/2024, 17:13:27,844
GEOR20066,Pako Forever,6082,08/24/2024, 18:16:22,844
GEOR20066,Pako Forever,6082,08/24/2024, 19:10:14,844
GEOR20066,Pako Forever,6082,08/24/2024, 20:14:36,844
GEOR20066,Pako Forever,6082,08/24/2024, 21:12:20,844
GEOR20066,Pako Forever,6082,08/24/2024, 22:12:23,844
GEOR20066,Pako Forever,6082,08/24/2024, 23:13:32,844
GEOR20066,Pako Forever,6082,08/25/2024, 01:04:34,844
GEOR20066,Pako Forever,6082,08/25/2024, 02:38:23,844
GEOR20066,Pako Forever,6082,08/25/2024, 03:14:26,844
GEOR20066,Pako Forever,6082,08/25/2024, 04:16:11,844
GEOR20066,Pako Forever,6082,08/25/2024, 05:14:53,844
GEOR20066,Pako Forever,6082,08/25/2024, 06:18:03,844
GEOR20066,Pako Forever,6082,08/25/2024, 07:13:15,844
GEOR20066,Pako Forever,6082,08/25/2024, 08:16:24,844
GEOR20066,Pako Forever,6082,08/25/2024, 09:13:00,844
GEOR20066,Pako Forever,6082,08/25/2024, 10:14:09,844
GEOR20066,Pako Forever,6082,08/25/2024, 11:13:09,844
GEOR20066,Pako Forever,6082,08/25/2024, 12:23:37,844
GEOR20066,Pako Forever,6083,08/25/2024, 13:14:55,844
GEOR20066,Pako Forever,6083,08/25/2024, 14:11:49,844
GEOR20066,Pako Forever,6083,08/25/2024, 15:13:16,844
GEOR20066,Pako Forever,6083,08/25/2024, 16:15:36,844
GEOR20066,Pako Forever,6083,08/25/2024, 17:14:01,844
GEOR20066,Pako Forever,6083,08/25/2024, 18:16:15,844
GEOR20066,Pako Forever,6083,08/25/2024, 19:11:57,844
GEOR20066,Pako Forever,6083,08/25/2024, 20:15:06,844
GEOR20066,Pako Forever,6083,08/25/2024, 21:12:17,844
GEOR20066,Pako Forever,6083,08/25/2024, 22:12:49,844
GEOR20066,Pako Forever,6083,08/25/2024, 23:13:45,844
GEOR20066,Pako Forever,6083,08/26/2024, 01:00:20,844
GEOR20066,Pako Forever,6083,08/26/2024, 02:09:33,844
GEOR20066,Pako Forever,6083,08/26/2024, 03:17:08,844
GEOR20066,Pako Forever,6083,08/26/2024, 04:17:15,844
GEOR20066,Pako Forever,6083,08/26/2024, 05:14:05,844
GEOR20066,Pako Forever,6083,08/26/2024, 06:19:36,844
GEOR20066,Pako Forever,6083,08/26/2024, 07:13:42,844
GEOR20066,Pako Forever,6083,08/26/2024, 08:18:49,844
GEOR20066,Pako Forever,6083,08/26/2024, 09:14:49,844
GEOR20066,Pako Forever,6083,08/26/2024, 10:15:41,844
GEOR20066,Pako Forever,6083,08/26/2024, 11:12:34,844
GEOR20066,Pako Forever,6083,08/26/2024, 12:25:37,844
GEOR20066,Pako Forever,6083,08/26/2024, 13:20:42,844
GEOR20066,Pako Forever,6083,08/26/2024, 14:13:55,844
GEOR20066,Pako Forever,6083,08/26/2024, 15:14:14,844
GEOR20066,Pako Forever,6083,08/26/2024, 16:18:19,844
GEOR20066,Pako Forever,6083,08/26/2024, 17:12:43,844
GEOR20066,Pako Forever,6083,08/26/2024, 18:18:06,844
GEOR20066,Pako Forever,6083,08/26/2024, 19:12:25,844
GEOR20066,Pako Forever,6083,08/26/2024, 20:15:41,844
GEOR20066,Pako Forever,6083,08/26/2024, 21:12:57,844
GEOR20066,Pako Forever,6083,08/26/2024, 22:14:05,844
GEOR20066,Pako Forever,6083,08/26/2024, 23:14:24,844
GEOR20066,Pako Forever,6083,08/27/2024, 01:00:58,844
GEOR20066,Pako Forever,6083,08/27/2024, 02:10:18,844
GEOR20066,Pako Forever,6083,08/27/2024, 03:15:14,844
GEOR20066,Pako Forever,6086,08/27/2024, 04:19:16,844
GEOR20066,Pako Forever,6086,08/27/2024, 05:13:53,844
GEOR20066,Pako Forever,6086,08/27/2024, 06:19:43,844
GEOR20066,Pako Forever,6086,08/27/2024, 07:13:55,844
GEOR20066,Pako Forever,6086,08/27/2024, 08:18:30,844
GEOR20066,Pako Forever,6086,08/27/2024, 09:15:12,844
GEOR20066,Pako Forever,6086,08/27/2024, 10:14:35,844
GEOR20066,Pako Forever,6086,08/27/2024, 11:13:02,844
GEOR20066,Pako Forever,6086,08/27/2024, 12:25:24,844
GEOR20066,Pako Forever,6086,08/27/2024, 13:18:50,844
GEOR20066,Pako Forever,6086,08/27/2024, 14:13:19,844
GEOR20066,Pako Forever,6086,08/27/2024, 15:15:17,844
GEOR20066,Pako Forever,6086,08/27/2024, 16:16:32,844
GEOR20066,Pako Forever,6086,08/27/2024, 17:12:50,844
GEOR20066,Pako Forever,6086,08/27/2024, 18:18:13,844
GEOR20066,Pako Forever,6086,08/27/2024, 19:11:02,844
GEOR20066,Pako Forever,6086,08/27/2024, 20:15:30,844
GEOR20066,Pako Forever,6086,08/27/2024, 21:12:52,844
GEOR20066,Pako Forever,6086,08/27/2024, 22:14:22,844
GEOR20066,Pako Forever,6086,08/27/2024, 23:14:18,844
GEOR20066,Pako Forever,6086,08/28/2024, 01:01:15,844
GEOR20066,Pako Forever,6086,08/28/2024, 02:12:13,844
GEOR20066,Pako Forever,6086,08/28/2024, 03:15:42,844
GEOR20066,Pako Forever,6086,08/28/2024, 04:17:34,844
GEOR20066,Pako Forever,6086,08/28/2024, 05:14:25,844
GEOR20066,Pako Forever,6086,08/28/2024, 06:19:25,844
GEOR20066,Pako Forever,6086,08/28/2024, 07:13:33,844
GEOR20066,Pako Forever,6086,08/28/2024, 08:17:52,844
GEOR20066,Pako Forever,6086,08/28/2024, 09:15:36,844
GEOR20066,Pako Forever,6086,08/28/2024, 10:14:32,844
GEOR20066,Pako Forever,6086,08/28/2024, 11:12:15,844
GEOR20066,Pako Forever,6086,08/28/2024, 12:26:32,844
GEOR20066,Pako Forever,6086,08/28/2024, 13:19:09,844
GEOR20066,Pako Forever,6086,08/28/2024, 14:13:11,844
GEOR20066,Pako Forever,6086,08/28/2024, 15:15:11,844
GEOR20066,Pako Forever,6086,08/28/2024, 16:17:40,844
GEOR20066,Pako Forever,6086,08/28/2024, 17:12:12,844
GEOR20066,Pako Forever,6086,08/28/2024, 18:17:56,844
GEOR20066,Pako Forever,6086,08/28/2024, 19:13:04,844
GEOR20066,Pako Forever,6086,08/28/2024, 20:15:40,844
GEOR20066,Pako Forever,6086,08/28/2024, 21:14:52,844
GEOR20066,Pako Forever,6086,08/28/2024, 22:13:23,844
GEOR20066,Pako Forever,6086,08/28/2024, 23:14:48,844
GEOR20066,Pako Forever,6086,08/29/2024, 01:01:33,844
GEOR20066,Pako Forever,6086,08/29/2024, 02:13:40,844
GEOR20066,Pako Forever,6086,08/29/2024, 03:15:27,844
GEOR20066,Pako Forever,6086,08/29/2024, 04:16:59,844
GEOR20066,Pako Forever,6086,08/29/2024, 05:14:27,844
GEOR20066,Pako Forever,6086,08/29/2024, 06:19:41,844
GEOR20066,Pako Forever,6086,08/29/2024, 07:14:15,844
GEOR20066,Pako Forever,6086,08/29/2024, 08:18:23,844
GEOR20066,Pako Forever,6086,08/29/2024, 09:16:15,844
GEOR20066,Pako Forever,6086,08/29/2024, 10:15:22,844
GEOR20066,Pako Forever,6086,08/29/2024, 11:13:11,844
GEOR20066,Pako Forever,6086,08/29/2024, 12:25:59,844
GEOR20066,Pako Forever,6086,08/29/2024, 13:20:07,844
GEOR20066,Pako Forever,6086,08/29/2024, 14:15:01,844
GEOR20066,Pako Forever,6086,08/29/2024, 15:15:42,844
GEOR20066,Pako Forever,6086,08/29/2024, 16:17:03,844
GEOR20066,Pako Forever,6086,08/29/2024, 17:12:37,844
GEOR20066,Pako Forever,6086,08/29/2024, 18:18:24,844
GEOR20066,Pako Forever,6086,08/29/2024, 19:12:38,844
GEOR20066,Pako Forever,6086,08/29/2024, 20:15:08,844
GEOR20066,Pako Forever,6086,08/29/2024, 21:14:18,844
GEOR20066,Pako Forever,6086,08/29/2024, 22:13:37,844
GEOR20066,Pako Forever,6086,08/29/2024, 23:13:53,844
GEOR20066,Pako Forever,6086,08/30/2024, 01:01:51,844
GEOR20066,Pako Forever,6086,08/30/2024, 02:39:41,844
GEOR20066,Pako Forever,6087,08/30/2024, 03:15:13,844
GEOR20066,Pako Forever,6088,08/30/2024, 04:17:11,844
GEOR20066,Pako Forever,6088,08/30/2024, 05:14:07,844
GEOR20066,Pako Forever,6088,08/30/2024, 06:19:47,844
GEOR20066,Pako Forever,6088,08/30/2024, 07:13:39,844
GEOR20066,Pako Forever,6088,08/30/2024, 08:18:22,844
GEOR20066,Pako Forever,6088,08/30/2024, 09:15:54,844
GEOR20066,Pako Forever,6088,08/30/2024, 10:15:12,844
GEOR20066,Pako Forever,6088,08/30/2024, 11:13:49,844
GEOR20066,Pako Forever,6088,08/30/2024, 12:25:27,844
GEOR20066,Pako Forever,6088,08/30/2024, 13:19:39,844
GEOR20066,Pako Forever,6088,08/30/2024, 14:12:57,844
GEOR20066,Pako Forever,6088,08/30/2024, 15:14:53,844
GEOR20066,Pako Forever,6088,08/30/2024, 16:16:35,844
GEOR20066,Pako Forever,6088,08/30/2024, 17:14:12,844
GEOR20066,Pako Forever,6088,08/30/2024, 18:19:03,844
GEOR20066,Pako Forever,6088,08/30/2024, 19:11:33,844
GEOR20066,Pako Forever,6088,08/30/2024, 20:15:49,844
GEOR20066,Pako Forever,6088,08/30/2024, 21:14:18,844
GEOR20066,Pako Forever,6089,08/30/2024, 22:13:25,844
GEOR20066,Pako Forever,6089,08/30/2024, 23:15:13,844
GEOR20066,Pako Forever,6089,08/31/2024, 01:01:25,844
GEOR20066,Pako Forever,6089,08/31/2024, 02:13:00,844
GEOR20066,Pako Forever,6089,08/31/2024, 03:14:42,844
GEOR20066,Pako Forever,6089,08/31/2024, 04:17:28,844
GEOR20066,Pako Forever,6089,08/31/2024, 05:13:12,844
GEOR20066,Pako Forever,6089,08/31/2024, 06:17:56,844
GEOR20066,Pako Forever,6089,08/31/2024, 07:12:21,844
GEOR20066,Pako Forever,6089,08/31/2024, 08:18:05,844
GEOR20066,Pako Forever,6089,08/31/2024, 09:14:23,844
GEOR20066,Pako Forever,6089,08/31/2024, 10:13:47,844
GEOR20066,Pako Forever,6089,08/31/2024, 11:11:37,844
GEOR20066,Pako Forever,6089,08/31/2024, 12:24:04,844
GEOR20066,Pako Forever,6089,08/31/2024, 13:16:13,844
GEOR20066,Pako Forever,6089,08/31/2024, 14:12:11,844
GEOR20066,Pako Forever,6089,08/31/2024, 15:14:05,844
GEOR20066,Pako Forever,6089,08/31/2024, 16:16:21,844
GEOR20066,Pako Forever,6089,08/31/2024, 17:11:55,844
GEOR20066,Pako Forever,6089,08/31/2024, 18:17:16,844
GEOR20066,Pako Forever,6089,08/31/2024, 19:10:40,844
GEOR20066,Pako Forever,6089,08/31/2024, 20:15:42,844
GEOR20066,Pako Forever,6089,08/31/2024, 21:12:34,844
GEOR20066,Pako Forever,6089,08/31/2024, 22:14:20,844
GEOR20066,Pako Forever,6089,08/31/2024, 23:13:07,844
GEOR20066,Pako Forever,6089,09/01/2024, 01:11:55,844
GEOR20066,Pako Forever,6089,09/01/2024, 02:51:09,844
GEOR20066,Pako Forever,6089,09/01/2024, 03:21:07,844
GEOR20066,Pako Forever,6089,09/01/2024, 04:17:12,844
GEOR20066,Pako Forever,6089,09/01/2024, 05:15:17,844
GEOR20066,Pako Forever,6089,09/01/2024, 06:19:41,844
GEOR20066,Pako Forever,6089,09/01/2024, 07:12:33,844
GEOR20066,Pako Forever,6089,09/01/2024, 08:17:13,844
GEOR20066,Pako Forever,6089,09/01/2024, 09:14:34,844
GEOR20066,Pako Forever,6089,09/01/2024, 10:13:50,844
GEOR20066,Pako Forever,6089,09/01/2024, 11:12:57,844
GEOR20066,Pako Forever,6090,09/01/2024, 12:24:22,844
GEOR20066,Pako Forever,6090,09/01/2024, 13:18:16,844
GEOR20066,Pako Forever,6090,09/01/2024, 14:12:09,844
GEOR20066,Pako Forever,6090,09/01/2024, 15:13:19,844
GEOR20066,Pako Forever,6090,09/01/2024, 16:16:45,844
GEOR20066,Pako Forever,6090,09/01/2024, 17:12:05,844
GEOR20066,Pako Forever,6090,09/01/2024, 18:17:09,844
GEOR20066,Pako Forever,6090,09/01/2024, 19:10:38,844
GEOR20066,Pako Forever,6090,09/01/2024, 20:15:23,844
GEOR20066,Pako Forever,6090,09/01/2024, 21:12:50,844
GEOR20066,Pako Forever,6090,09/01/2024, 22:14:10,844
GEOR20066,Pako Forever,6090,09/01/2024, 23:13:33,844
GEOR20066,Pako Forever,6090,09/02/2024, 01:03:23,844
GEOR20066,Pako Forever,6090,09/02/2024, 02:41:47,844
GEOR20066,Pako Forever,6090,09/02/2024, 03:16:09,844
GEOR20066,Pako Forever,6090,09/02/2024, 04:17:29,844
GEOR20066,Pako Forever,6090,09/02/2024, 05:14:33,844
GEOR20066,Pako Forever,6090,09/02/2024, 06:20:23,844
GEOR20066,Pako Forever,6090,09/02/2024, 07:13:48,844
GEOR20066,Pako Forever,6090,09/02/2024, 08:18:56,844
GEOR20066,Pako Forever,6090,09/02/2024, 09:16:11,844
GEOR20066,Pako Forever,6090,09/02/2024, 10:15:05,844
GEOR20066,Pako Forever,6090,09/02/2024, 11:12:04,844
GEOR20066,Pako Forever,6090,09/02/2024, 12:27:32,844
GEOR20066,Pako Forever,6090,09/02/2024, 13:20:05,844
GEOR20066,Pako Forever,6090,09/02/2024, 14:13:10,844
GEOR20066,Pako Forever,6090,09/02/2024, 15:14:53,844
GEOR20066,Pako Forever,6090,09/02/2024, 16:18:25,844
GEOR20066,Pako Forever,6090,09/02/2024, 17:12:24,844
GEOR20066,Pako Forever,6090,09/02/2024, 18:18:21,844
GEOR20066,Pako Forever,6090,09/02/2024, 19:11:55,844
GEOR20066,Pako Forever,6090,09/02/2024, 20:14:59,844
GEOR20066,Pako Forever,6090,09/02/2024, 21:13:34,844
GEOR20066,Pako Forever,6090,09/02/2024, 22:13:56,844
GEOR20066,Pako Forever,6090,09/02/2024, 23:14:20,844
GEOR20066,Pako Forever,6091,09/03/2024, 01:01:23,844
GEOR20066,Pako Forever,6091,09/03/2024, 02:12:51,844
GEOR20066,Pako Forever,6091,09/03/2024, 03:16:18,844
GEOR20066,Pako Forever,6091,09/03/2024, 04:16:47,844
GEOR20066,Pako Forever,6091,09/03/2024, 05:14:40,844
GEOR20066,Pako Forever,6091,09/03/2024, 06:19:30,844
GEOR20066,Pako Forever,6091,09/03/2024, 07:13:57,844
GEOR20066,Pako Forever,6091,09/03/2024, 08:18:12,844
GEOR20066,Pako Forever,6091,09/03/2024, 09:15:26,844
GEOR20066,Pako Forever,6091,09/03/2024, 10:14:51,844
GEOR20066,Pako Forever,6091,09/03/2024, 11:12:32,844
GEOR20066,Pako Forever,6091,09/03/2024, 12:26:39,844
GEOR20066,Pako Forever,6091,09/03/2024, 13:20:45,844
GEOR20066,Pako Forever,6091,09/03/2024, 14:14:13,844
GEOR20066,Pako Forever,6091,09/03/2024, 15:15:12,844
GEOR20066,Pako Forever,6091,09/03/2024, 16:18:33,844
GEOR20066,Pako Forever,6091,09/03/2024, 17:14:05,844
GEOR20066,Pako Forever,6091,09/03/2024, 18:18:50,844
GEOR20066,Pako Forever,6091,09/03/2024, 19:12:22,844
GEOR20066,Pako Forever,6091,09/03/2024, 20:15:03,844
GEOR20066,Pako Forever,6091,09/03/2024, 21:13:31,844
GEOR20066,Pako Forever,6091,09/03/2024, 22:14:33,844
GEOR20066,Pako Forever,6091,09/03/2024, 23:15:19,844
GEOR20066,Pako Forever,6091,09/04/2024, 01:02:09,844
GEOR20066,Pako Forever,6091,09/04/2024, 02:39:37,844
GEOR20066,Pako Forever,6091,09/04/2024, 03:14:58,844
GEOR20066,Pako Forever,6091,09/04/2024, 04:17:22,844
GEOR20066,Pako Forever,6091,09/04/2024, 05:15:12,844
GEOR20066,Pako Forever,6091,09/04/2024, 07:13:51,844
GEOR20066,Pako Forever,6091,09/04/2024, 08:17:15,844
GEOR20066,Pako Forever,6091,09/04/2024, 09:15:30,844
GEOR20066,Pako Forever,6092,09/04/2024, 10:15:08,844
GEOR20066,Pako Forever,6092,09/04/2024, 11:12:01,844
GEOR20066,Pako Forever,6092,09/04/2024, 12:27:11,844
GEOR20066,Pako Forever,6092,09/04/2024, 13:21:17,844
GEOR20066,Pako Forever,6092,09/04/2024, 14:13:28,844
GEOR20066,Pako Forever,6092,09/04/2024, 15:15:10,844
GEOR20066,Pako Forever,6092,09/04/2024, 16:17:18,844
GEOR20066,Pako Forever,6092,09/04/2024, 17:13:02,844
GEOR20066,Pako Forever,6092,09/04/2024, 18:17:09,844
GEOR20066,Pako Forever,6092,09/04/2024, 19:11:52,844
GEOR20066,Pako Forever,6092,09/04/2024, 20:15:33,844
GEOR20066,Pako Forever,6092,09/04/2024, 21:12:56,844
GEOR20066,Pako Forever,6092,09/04/2024, 22:12:59,844
GEOR20066,Pako Forever,6092,09/04/2024, 23:14:44,844
GEOR20066,Pako Forever,6092,09/05/2024, 01:02:02,844
GEOR20066,Pako Forever,6092,09/05/2024, 02:40:17,844
GEOR20066,Pako Forever,6092,09/05/2024, 03:15:17,844
GEOR20066,Pako Forever,6092,09/05/2024, 04:17:01,844
GEOR20066,Pako Forever,6092,09/05/2024, 05:14:13,844
GEOR20066,Pako Forever,6092,09/05/2024, 06:19:36,844
GEOR20066,Pako Forever,6092,09/05/2024, 07:13:47,844
GEOR20066,Pako Forever,6092,09/05/2024, 08:18:14,844
GEOR20066,Pako Forever,6092,09/05/2024, 09:14:52,844
GEOR20066,Pako Forever,6092,09/05/2024, 10:15:37,844
GEOR20066,Pako Forever,6092,09/05/2024, 11:13:01,844
GEOR20066,Pako Forever,6092,09/05/2024, 12:26:34,844
GEOR20066,Pako Forever,6092,09/05/2024, 13:20:43,844
GEOR20066,Pako Forever,6092,09/05/2024, 14:13:40,844
GEOR20066,Pako Forever,6092,09/05/2024, 15:14:50,844
GEOR20066,Pako Forever,6092,09/05/2024, 16:17:46,844
GEOR20066,Pako Forever,6092,09/05/2024, 17:13:04,844
GEOR20066,Pako Forever,6092,09/05/2024, 18:17:55,844
GEOR20066,Pako Forever,6092,09/05/2024, 19:12:26,844
GEOR20066,Pako Forever,6092,09/05/2024, 20:15:04,844
GEOR20066,Pako Forever,6092,09/05/2024, 21:13:56,844
GEOR20066,Pako Forever,6092,09/05/2024, 22:13:22,844
GEOR20066,Pako Forever,6092,09/05/2024, 23:15:22,844
GEOR20066,Pako Forever,6092,09/06/2024, 01:02:07,844
GEOR20066,Pako Forever,6092,09/06/2024, 02:40:04,844
GEOR20066,Pako Forever,6092,09/06/2024, 03:16:08,844
GEOR20066,Pako Forever,6092,09/06/2024, 04:16:39,844
GEOR20066,Pako Forever,6092,09/06/2024, 05:15:05,844
GEOR20066,Pako Forever,6092,09/06/2024, 06:19:59,844
GEOR20066,Pako Forever,6092,09/06/2024, 07:13:46,844
GEOR20066,Pako Forever,6092,09/06/2024, 08:18:07,844
GEOR20066,Pako Forever,6092,09/06/2024, 09:15:06,844
GEOR20066,Pako Forever,6092,09/06/2024, 10:15:01,844
GEOR20066,Pako Forever,6092,09/06/2024, 11:13:03,844
GEOR20066,Pako Forever,6092,09/06/2024, 12:25:51,844
GEOR20066,Pako Forever,6092,09/06/2024, 13:19:23,844
GEOR20066,Pako Forever,6092,09/06/2024, 14:13:46,844
GEOR20066,Pako Forever,6092,09/06/2024, 15:15:19,844
GEOR20066,Pako Forever,6092,09/06/2024, 16:18:03,844
GEOR20066,Pako Forever,6092,09/06/2024, 17:12:41,844
GEOR20066,Pako Forever,6092,09/06/2024, 18:19:42,844
GEOR20066,Pako Forever,6092,09/06/2024, 19:12:42,844
GEOR20066,Pako Forever,6092,09/06/2024, 20:15:17,844
GEOR20066,Pako Forever,6092,09/06/2024, 21:13:06,844
GEOR20066,Pako Forever,6092,09/06/2024, 22:13:11,844
GEOR20066,Pako Forever,6092,09/06/2024, 23:15:21,844
GEOR20066,Pako Forever,6092,09/07/2024, 01:01:21,844
GEOR20066,Pako Forever,6092,09/07/2024, 02:12:42,844
GEOR20066,Pako Forever,6092,09/07/2024, 03:15:31,844
GEOR20066,Pako Forever,6092,09/07/2024, 04:17:06,844
GEOR20066,Pako Forever,6092,09/07/2024, 05:13:52,844
GEOR20066,Pako Forever,6092,09/07/2024, 06:18:20,844
GEOR20066,Pako Forever,6092,09/07/2024, 07:14:23,844
GEOR20066,Pako Forever,6092,09/07/2024, 08:16:34,844
GEOR20066,Pako Forever,6092,09/07/2024, 09:13:31,844
GEOR20066,Pako Forever,6092,09/07/2024, 10:14:00,844
GEOR20066,Pako Forever,6092,09/07/2024, 11:11:23,844
GEOR20066,Pako Forever,6092,09/07/2024, 12:23:34,844
GEOR20066,Pako Forever,6092,09/07/2024, 13:16:45,844
GEOR20066,Pako Forever,6092,09/07/2024, 14:12:52,844
GEOR20066,Pako Forever,6092,09/07/2024, 15:14:30,844
GEOR20066,Pako Forever,6092,09/07/2024, 16:16:00,844
GEOR20066,Pako Forever,6092,09/07/2024, 17:13:09,844
GEOR20066,Pako Forever,6092,09/07/2024, 18:17:11,844
GEOR20066,Pako Forever,6092,09/07/2024, 19:11:41,844
GEOR20066,Pako Forever,6092,09/07/2024, 20:14:14,844
GEOR20066,Pako Forever,6092,09/07/2024, 21:15:01,844
GEOR20066,Pako Forever,6092,09/07/2024, 22:12:48,844
GEOR20066,Pako Forever,6092,09/07/2024, 23:13:05,844
GEOR20066,Pako Forever,6092,09/08/2024, 01:07:13,844
GEOR20066,Pako Forever,6092,09/08/2024, 02:44:07,844
GEOR20066,Pako Forever,6092,09/08/2024, 03:16:38,844
GEOR20066,Pako Forever,6092,09/08/2024, 04:16:48,844
GEOR20066,Pako Forever,6092,09/08/2024, 05:14:25,844
GEOR20066,Pako Forever,6092,09/08/2024, 06:18:14,844
GEOR20066,Pako Forever,6092,09/08/2024, 07:12:52,844
GEOR20066,Pako Forever,6092,09/08/2024, 08:16:35,844
GEOR20066,Pako Forever,6092,09/08/2024, 09:13:54,844
GEOR20066,Pako Forever,6092,09/08/2024, 10:14:43,844
GEOR20066,Pako Forever,6092,09/08/2024, 11:11:24,844
GEOR20066,Pako Forever,6092,09/08/2024, 12:24:10,844
GEOR20066,Pako Forever,6092,09/08/2024, 13:16:43,844
GEOR20066,Pako Forever,6092,09/08/2024, 14:12:56,844
GEOR20066,Pako Forever,6092,09/08/2024, 15:15:04,844
GEOR20066,Pako Forever,6092,09/08/2024, 16:17:04,844
GEOR20066,Pako Forever,6092,09/08/2024, 17:13:01,844
GEOR20066,Pako Forever,6092,09/08/2024, 18:18:11,844
GEOR20066,Pako Forever,6092,09/08/2024, 19:11:46,844
GEOR20066,Pako Forever,6092,09/08/2024, 20:14:16,844
GEOR20066,Pako Forever,6092,09/08/2024, 21:13:14,844
GEOR20066,Pako Forever,6092,09/08/2024, 22:12:44,844
GEOR20066,Pako Forever,6092,09/08/2024, 23:16:00,844
GEOR20066,Pako Forever,6092,09/09/2024, 01:04:36,844
GEOR20066,Pako Forever,6092,09/09/2024, 02:43:34,844
GEOR20066,Pako Forever,6092,09/09/2024, 03:18:00,844
GEOR20066,Pako Forever,6092,09/09/2024, 04:17:11,844
GEOR20066,Pako Forever,6092,09/09/2024, 05:15:05,844
GEOR20066,Pako Forever,6092,09/09/2024, 06:20:38,844
GEOR20066,Pako Forever,6092,09/09/2024, 07:14:15,844
GEOR20066,Pako Forever,6092,09/09/2024, 08:19:53,844
GEOR20066,Pako Forever,6093,09/09/2024, 09:16:54,844
GEOR20066,Pako Forever,6093,09/09/2024, 10:15:44,844
GEOR20066,Pako Forever,6093,09/09/2024, 11:12:35,844
GEOR20066,Pako Forever,6093,09/09/2024, 12:27:25,844
GEOR20066,Pako Forever,6093,09/09/2024, 13:21:58,844
GEOR20066,Pako Forever,6093,09/09/2024, 14:16:14,844
GEOR20066,Pako Forever,6093,09/09/2024, 15:15:57,844
GEOR20066,Pako Forever,6093,09/09/2024, 16:17:22,844
GEOR20066,Pako Forever,6093,09/09/2024, 17:13:07,844
GEOR20066,Pako Forever,6093,09/09/2024, 18:18:37,844
GEOR20066,Pako Forever,6093,09/09/2024, 19:12:02,844
GEOR20066,Pako Forever,6093,09/09/2024, 20:15:17,844
GEOR20066,Pako Forever,6093,09/09/2024, 21:13:28,844
GEOR20066,Pako Forever,6093,09/09/2024, 22:13:19,844
GEOR20066,Pako Forever,6093,09/09/2024, 23:15:21,844
GEOR20066,Pako Forever,6093,09/10/2024, 01:02:51,844
GEOR20066,Pako Forever,6093,09/10/2024, 02:41:24,844
GEOR20066,Pako Forever,6093,09/10/2024, 03:16:15,844
GEOR20066,Pako Forever,6093,09/10/2024, 04:17:13,844
GEOR20066,Pako Forever,6093,09/10/2024, 05:14:32,844
GEOR20066,Pako Forever,6093,09/10/2024, 06:19:58,844
GEOR20066,Pako Forever,6093,09/10/2024, 07:14:41,844
GEOR20066,Pako Forever,6093,09/10/2024, 08:18:16,844
GEOR20066,Pako Forever,6093,09/10/2024, 09:16:08,844
GEOR20066,Pako Forever,6093,09/10/2024, 10:15:33,844
GEOR20066,Pako Forever,6093,09/10/2024, 11:12:30,844
GEOR20066,Pako Forever,6093,09/10/2024, 12:28:33,844
GEOR20066,Pako Forever,6093,09/10/2024, 13:21:23,844
GEOR20066,Pako Forever,6093,09/10/2024, 14:14:05,844
GEOR20066,Pako Forever,6093,09/10/2024, 15:14:54,844
GEOR20066,Pako Forever,6093,09/10/2024, 16:16:52,844
GEOR20066,Pako Forever,6093,09/10/2024, 17:13:08,844
GEOR20066,Pako Forever,6093,09/10/2024, 18:18:41,844
GEOR20066,Pako Forever,6093,09/10/2024, 19:12:59,844
GEOR20066,Pako Forever,6093,09/10/2024, 20:15:41,844
GEOR20066,Pako Forever,6093,09/10/2024, 21:13:46,844
GEOR20066,Pako Forever,6093,09/10/2024, 22:14:01,844
GEOR20066,Pako Forever,6093,09/10/2024, 23:13:36,844
GEOR20066,Pako Forever,6093,09/11/2024, 01:02:37,844
GEOR20066,Pako Forever,6093,09/11/2024, 02:39:45,844
GEOR20066,Pako Forever,6093,09/11/2024, 03:15:12,844
GEOR20066,Pako Forever,6093,09/11/2024, 04:19:10,844
GEOR20066,Pako Forever,6093,09/11/2024, 05:15:22,844
GEOR20066,Pako Forever,6093,09/11/2024, 06:20:14,844
GEOR20066,Pako Forever,6093,09/11/2024, 07:13:50,844
GEOR20066,Pako Forever,6093,09/11/2024, 08:18:38,844
GEOR20066,Pako Forever,6093,09/11/2024, 09:15:07,844
GEOR20066,Pako Forever,6093,09/11/2024, 10:15:02,844
GEOR20066,Pako Forever,6093,09/11/2024, 11:14:12,844
GEOR20066,Pako Forever,6093,09/11/2024, 12:27:11,844
GEOR20066,Pako Forever,6093,09/11/2024, 13:20:48,844
GEOR20066,Pako Forever,6093,09/11/2024, 14:13:39,844
GEOR20066,Pako Forever,6093,09/11/2024, 15:15:37,844
GEOR20066,Pako Forever,6094,09/11/2024, 16:17:51,844
GEOR20066,Pako Forever,6094,09/11/2024, 17:12:43,844
GEOR20066,Pako Forever,6094,09/11/2024, 18:18:39,844
GEOR20066,Pako Forever,6094,09/11/2024, 19:10:51,844
GEOR20066,Pako Forever,6094,09/11/2024, 20:14:08,844
GEOR20066,Pako Forever,6094,09/11/2024, 21:14:11,844
GEOR20066,Pako Forever,6094,09/11/2024, 22:13:15,844
GEOR20066,Pako Forever,6094,09/11/2024, 23:14:17,844
GEOR20066,Pako Forever,6094,09/12/2024, 01:02:50,844
GEOR20066,Pako Forever,6094,09/12/2024, 02:40:38,844
GEOR20066,Pako Forever,6094,09/12/2024, 03:15:42,844
GEOR20066,Pako Forever,6094,09/12/2024, 04:17:56,844
GEOR20066,Pako Forever,6094,09/12/2024, 05:14:32,844
GEOR20066,Pako Forever,6094,09/12/2024, 06:20:19,844
GEOR20066,Pako Forever,6094,09/12/2024, 07:14:13,844
GEOR20066,Pako Forever,6094,09/12/2024, 08:18:20,844
GEOR20066,Pako Forever,6094,09/12/2024, 09:15:14,844
GEOR20066,Pako Forever,6094,09/12/2024, 10:16:05,844
GEOR20066,Pako Forever,6094,09/12/2024, 11:12:23,844
GEOR20066,Pako Forever,6094,09/12/2024, 12:26:27,844
GEOR20066,Pako Forever,6094,09/12/2024, 13:21:18,844
GEOR20066,Pako Forever,6094,09/12/2024, 14:14:27,844
GEOR20066,Pako Forever,6094,09/12/2024, 15:14:42,844
GEOR20066,Pako Forever,6094,09/12/2024, 16:17:03,844
GEOR20066,Pako Forever,6094,09/12/2024, 17:13:24,844
GEOR20066,Pako Forever,6094,09/12/2024, 18:19:46,844
GEOR20066,Pako Forever,6094,09/12/2024, 19:11:28,844
GEOR20066,Pako Forever,6094,09/12/2024, 20:15:41,844
GEOR20066,Pako Forever,6094,09/12/2024, 21:13:29,844
GEOR20066,Pako Forever,6094,09/12/2024, 22:14:42,844
GEOR20066,Pako Forever,6094,09/12/2024, 23:15:52,844
GEOR20066,Pako Forever,6094,09/13/2024, 01:02:46,844
GEOR20066,Pako Forever,6094,09/13/2024, 02:41:52,844
GEOR20066,Pako Forever,6094,09/13/2024, 03:16:23,844
GEOR20066,Pako Forever,6094,09/13/2024, 04:16:48,844
GEOR20066,Pako Forever,6094,09/13/2024, 05:14:08,844
GEOR20066,Pako Forever,6094,09/13/2024, 06:20:32,844
GEOR20066,Pako Forever,6094,09/13/2024, 07:15:21,844
GEOR20066,Pako Forever,6094,09/13/2024, 08:18:14,844
GEOR20066,Pako Forever,6094,09/13/2024, 09:14:59,844
GEOR20066,Pako Forever,6094,09/13/2024, 10:15:22,844
GEOR20066,Pako Forever,6094,09/13/2024, 11:13:01,844
GEOR20066,Pako Forever,6094,09/13/2024, 12:26:01,844
GEOR20066,Pako Forever,6094,09/13/2024, 13:20:31,844
GEOR20066,Pako Forever,6094,09/13/2024, 14:13:32,844
GEOR20066,Pako Forever,6094,09/13/2024, 15:15:21,844
GEOR20066,Pako Forever,6094,09/13/2024, 16:16:41,844
GEOR20066,Pako Forever,6094,09/13/2024, 17:13:15,844
GEOR20066,Pako Forever,6094,09/13/2024, 18:19:05,844
GEOR20066,Pako Forever,6094,09/13/2024, 19:12:05,844
GEOR20066,Pako Forever,6094,09/13/2024, 20:15:07,844
GEOR20066,Pako Forever,6094,09/13/2024, 21:12:52,844
GEOR20066,Pako Forever,6094,09/13/2024, 22:14:47,844
GEOR20066,Pako Forever,6094,09/13/2024, 23:14:18,844
GEOR20066,Pako Forever,6094,09/14/2024, 01:01:56,844
GEOR20066,Pako Forever,6094,09/14/2024, 02:39:33,844
GEOR20066,Pako Forever,6094,09/14/2024, 03:15:56,844
GEOR20066,Pako Forever,6094,09/14/2024, 04:16:58,844
GEOR20066,Pako Forever,6094,09/14/2024, 05:15:54,844
GEOR20066,Pako Forever,6094,09/14/2024, 06:19:02,844
GEOR20066,Pako Forever,6094,09/14/2024, 07:13:42,844
GEOR20066,Pako Forever,6094,09/14/2024, 08:18:36,844
GEOR20066,Pako Forever,6094,09/14/2024, 09:14:05,844
GEOR20066,Pako Forever,6094,09/14/2024, 10:13:57,844
GEOR20066,Pako Forever,6094,09/14/2024, 11:11:23,844
GEOR20066,Pako Forever,6094,09/14/2024, 12:24:27,844
GEOR20066,Pako Forever,6094,09/14/2024, 13:17:10,844
GEOR20066,Pako Forever,6094,09/14/2024, 14:12:19,844
GEOR20066,Pako Forever,6094,09/14/2024, 15:13:42,844
GEOR20066,Pako Forever,6094,09/14/2024, 16:16:38,844
GEOR20066,Pako Forever,6094,09/14/2024, 17:13:13,844
GEOR20066,Pako Forever,6094,09/14/2024, 18:17:47,844
GEOR20066,Pako Forever,6094,09/14/2024, 19:11:26,844
GEOR20066,Pako Forever,6094,09/14/2024, 20:16:34,844
GEOR20066,Pako Forever,6094,09/14/2024, 21:12:58,844
GEOR20066,Pako Forever,6094,09/14/2024, 22:14:06,844
GEOR20066,Pako Forever,6094,09/14/2024, 23:13:28,844
GEOR20066,Pako Forever,6094,09/15/2024, 01:09:43,844
GEOR20066,Pako Forever,6094,09/15/2024, 02:49:46,844
GEOR20066,Pako Forever,6094,09/15/2024, 03:20:25,844
GEOR20066,Pako Forever,6094,09/15/2024, 04:17:10,844
GEOR20066,Pako Forever,6094,09/15/2024, 05:15:47,844
GEOR20066,Pako Forever,6094,09/15/2024, 06:19:08,844
GEOR20066,Pako Forever,6094,09/15/2024, 07:12:56,844
GEOR20066,Pako Forever,6094,09/15/2024, 08:18:28,844
GEOR20066,Pako Forever,6094,09/15/2024, 09:13:55,844
GEOR20066,Pako Forever,6094,09/15/2024, 10:13:58,844
GEOR20066,Pako Forever,6094,09/15/2024, 11:11:27,844
GEOR20066,Pako Forever,6094,09/15/2024, 12:24:40,844
GEOR20066,Pako Forever,6094,09/15/2024, 13:17:57,844
GEOR20066,Pako Forever,6094,09/15/2024, 14:12:33,844
GEOR20066,Pako Forever,6094,09/15/2024, 15:13:48,844
GEOR20066,Pako Forever,6094,09/15/2024, 16:17:17,844
GEOR20066,Pako Forever,6094,09/15/2024, 17:12:03,844
GEOR20066,Pako Forever,6094,09/15/2024, 18:18:54,844
GEOR20066,Pako Forever,6094,09/15/2024, 19:11:11,844
GEOR20066,Pako Forever,6094,09/15/2024, 20:14:51,844
GEOR20066,Pako Forever,6094,09/15/2024, 21:14:04,844
GEOR20066,Pako Forever,6094,09/15/2024, 22:14:15,844
GEOR20066,Pako Forever,6094,09/15/2024, 23:14:10,844
GEOR20066,Pako Forever,6095,09/16/2024, 01:06:35,844
GEOR20066,Pako Forever,6095,09/16/2024, 02:51:39,844
GEOR20066,Pako Forever,6095,09/16/2024, 03:22:33,844
GEOR20066,Pako Forever,6095,09/16/2024, 04:17:57,844
GEOR20066,Pako Forever,6095,09/16/2024, 05:16:22,844
GEOR20066,Pako Forever,6095,09/16/2024, 06:20:56,844
GEOR20066,Pako Forever,6095,09/16/2024, 07:14:48,844
GEOR20066,Pako Forever,6095,09/16/2024, 08:19:31,844
GEOR20066,Pako Forever,6095,09/16/2024, 09:18:06,844
GEOR20066,Pako Forever,6095,09/16/2024, 10:16:31,844
GEOR20066,Pako Forever,6095,09/16/2024, 11:13:18,844
GEOR20066,Pako Forever,6095,09/16/2024, 12:28:28,844
GEOR20066,Pako Forever,6095,09/16/2024, 13:23:05,844
GEOR20066,Pako Forever,6095,09/16/2024, 14:14:29,844
GEOR20066,Pako Forever,6095,09/16/2024, 15:15:59,844
GEOR20066,Pako Forever,6095,09/16/2024, 16:17:10,844
GEOR20066,Pako Forever,6095,09/16/2024, 17:13:21,844
GEOR20066,Pako Forever,6095,09/16/2024, 18:18:46,844
GEOR20066,Pako Forever,6095,09/16/2024, 19:11:52,844
GEOR20066,Pako Forever,6095,09/16/2024, 20:15:58,844
GEOR20066,Pako Forever,6095,09/16/2024, 22:12:45,844
GEOR20066,Pako Forever,6095,09/16/2024, 23:13:43,844
GEOR20066,Pako Forever,6095,09/17/2024, 00:52:59,844
GEOR20066,Pako Forever,6095,09/17/2024, 01:51:58,844
GEOR20066,Pako Forever,6095,09/17/2024, 02:21:45,844
GEOR20066,Pako Forever,6095,09/17/2024, 03:16:09,844
GEOR20066,Pako Forever,6095,09/17/2024, 04:16:35,844
GEOR20066,Pako Forever,6095,09/17/2024, 05:15:49,844
GEOR20066,Pako Forever,6095,09/17/2024, 06:18:53,844
GEOR20066,Pako Forever,6095,09/17/2024, 07:13:22,844
GEOR20066,Pako Forever,6095,09/17/2024, 08:18:50,844
GEOR20066,Pako Forever,6095,09/17/2024, 09:15:07,844
GEOR20066,Pako Forever,6095,09/17/2024, 10:15:21,844
GEOR20066,Pako Forever,6095,09/17/2024, 11:12:49,844
GEOR20066,Pako Forever,6095,09/17/2024, 12:26:58,844
GEOR20066,Pako Forever,6095,09/17/2024, 13:21:49,844
GEOR20066,Pako Forever,6095,09/17/2024, 14:13:36,844
GEOR20066,Pako Forever,6095,09/17/2024, 15:15:53,844
GEOR20066,Pako Forever,6095,09/17/2024, 16:18:14,844
GEOR20066,Pako Forever,6095,09/17/2024, 17:13:26,844
GEOR20066,Pako Forever,6095,09/17/2024, 18:19:07,844
GEOR20066,Pako Forever,6095,09/17/2024, 19:11:48,844
GEOR20066,Pako Forever,6095,09/17/2024, 20:15:13,844
GEOR20066,Pako Forever,6095,09/17/2024, 21:13:55,844
GEOR20066,Pako Forever,6095,09/17/2024, 22:13:44,844
GEOR20066,Pako Forever,6095,09/17/2024, 23:16:36,844
GEOR20066,Pako Forever,6095,09/18/2024, 01:02:59,844
GEOR20066,Pako Forever,6095,09/18/2024, 02:41:36,844
GEOR20066,Pako Forever,6095,09/18/2024, 03:16:37,844
GEOR20066,Pako Forever,6095,09/18/2024, 04:18:17,844
GEOR20066,Pako Forever,6095,09/18/2024, 05:14:36,844
GEOR20066,Pako Forever,6095,09/18/2024, 06:20:42,844
GEOR20066,Pako Forever,6095,09/18/2024, 07:14:21,844
GEOR20066,Pako Forever,6095,09/18/2024, 08:17:49,844
GEOR20066,Pako Forever,6095,09/18/2024, 09:16:25,844
GEOR20066,Pako Forever,6095,09/18/2024, 10:15:36,844
GEOR20066,Pako Forever,6095,09/18/2024, 11:12:46,844
GEOR20066,Pako Forever,6095,09/18/2024, 12:27:02,844
GEOR20066,Pako Forever,6095,09/18/2024, 13:21:50,844
GEOR20066,Pako Forever,6095,09/18/2024, 14:14:28,844
GEOR20066,Pako Forever,6095,09/18/2024, 15:15:43,844
GEOR20066,Pako Forever,6095,09/18/2024, 16:17:56,844
GEOR20066,Pako Forever,6095,09/18/2024, 17:13:17,844
GEOR20066,Pako Forever,6095,09/18/2024, 18:18:40,844
GEOR20066,Pako Forever,6095,09/18/2024, 19:13:27,844
GEOR20066,Pako Forever,6095,09/18/2024, 20:15:35,844
GEOR20066,Pako Forever,6095,09/18/2024, 21:13:50,844
GEOR20066,Pako Forever,6095,09/18/2024, 22:14:26,844
GEOR20066,Pako Forever,6095,09/18/2024, 23:14:06,844
GEOR20066,Pako Forever,6095,09/19/2024, 01:03:41,844
GEOR20066,Pako Forever,6095,09/19/2024, 02:43:31,844
GEOR20066,Pako Forever,6095,09/19/2024, 03:17:31,844
GEOR20066,Pako Forever,6095,09/19/2024, 04:17:59,844
GEOR20066,Pako Forever,6095,09/19/2024, 05:14:53,844
GEOR20066,Pako Forever,6095,09/19/2024, 06:20:25,844
GEOR20066,Pako Forever,6095,09/19/2024, 07:14:08,844
GEOR20066,Pako Forever,6095,09/19/2024, 08:19:33,844
GEOR20066,Pako Forever,6095,09/19/2024, 09:15:23,844
GEOR20066,Pako Forever,6095,09/19/2024, 10:15:22,844
GEOR20066,Pako Forever,6095,09/19/2024, 11:12:42,844
GEOR20066,Pako Forever,6095,09/19/2024, 12:27:21,844
GEOR20066,Pako Forever,6095,09/19/2024, 13:22:01,844
GEOR20066,Pako Forever,6095,09/19/2024, 14:14:00,844
GEOR20066,Pako Forever,6095,09/19/2024, 15:15:30,844
GEOR20066,Pako Forever,6095,09/19/2024, 16:17:49,844
GEOR20066,Pako Forever,6095,09/19/2024, 17:13:31,844
GEOR20066,Pako Forever,6095,09/19/2024, 18:19:04,844
GEOR20066,Pako Forever,6095,09/19/2024, 19:11:44,844
GEOR20066,Pako Forever,6095,09/19/2024, 20:15:25,844
GEOR20066,Pako Forever,6095,09/19/2024, 21:13:43,844
GEOR20066,Pako Forever,6095,09/19/2024, 22:13:57,844
GEOR20066,Pako Forever,6095,09/19/2024, 23:14:42,844
GEOR20066,Pako Forever,6095,09/20/2024, 01:04:04,844
GEOR20066,Pako Forever,6095,09/20/2024, 02:43:53,844
GEOR20066,Pako Forever,6095,09/20/2024, 03:17:36,844
GEOR20066,Pako Forever,6095,09/20/2024, 04:17:30,844
GEOR20066,Pako Forever,6095,09/20/2024, 05:14:53,844
GEOR20066,Pako Forever,6095,09/20/2024, 06:20:04,844
GEOR20066,Pako Forever,6095,09/20/2024, 07:14:55,844
GEOR20066,Pako Forever,6095,09/20/2024, 08:19:06,844
GEOR20066,Pako Forever,6095,09/20/2024, 09:18:51,844
GEOR20066,Pako Forever,6095,09/20/2024, 10:15:31,844
GEOR20066,Pako Forever,6095,09/20/2024, 11:12:57,844
GEOR20066,Pako Forever,6095,09/20/2024, 12:27:21,844
GEOR20066,Pako Forever,6095,09/20/2024, 13:21:21,844
GEOR20066,Pako Forever,6095,09/20/2024, 14:14:29,844
GEOR20066,Pako Forever,6095,09/20/2024, 15:15:13,844
GEOR20066,Pako Forever,6095,09/20/2024, 16:17:33,844
GEOR20066,Pako Forever,6095,09/20/2024, 17:13:13,844
GEOR20066,Pako Forever,6095,09/20/2024, 18:19:03,844
GEOR20066,Pako Forever,6095,09/20/2024, 19:11:59,844
GEOR20066,Pako Forever,6095,09/20/2024, 20:16:28,844
GEOR20066,Pako Forever,6095,09/20/2024, 21:13:59,844
GEOR20066,Pako Forever,6095,09/20/2024, 22:15:26,844
GEOR20066,Pako Forever,6095,09/20/2024, 23:14:00,844
GEOR20066,Pako Forever,6095,09/21/2024, 01:02:44,844
GEOR20066,Pako Forever,6095,09/21/2024, 02:41:10,844
GEOR20066,Pako Forever,6095,09/21/2024, 03:16:07,844
GEOR20066,Pako Forever,6095,09/21/2024, 04:17:08,844
GEOR20066,Pako Forever,6095,09/21/2024, 05:13:31,844
GEOR20066,Pako Forever,6095,09/21/2024, 06:18:48,844
GEOR20066,Pako Forever,6095,09/21/2024, 07:13:13,844
GEOR20066,Pako Forever,6095,09/21/2024, 08:16:56,844
GEOR20066,Pako Forever,6095,09/21/2024, 09:13:58,844
GEOR20066,Pako Forever,6095,09/21/2024, 10:13:52,844
GEOR20066,Pako Forever,6095,09/21/2024, 11:11:42,844
GEOR20066,Pako Forever,6095,09/21/2024, 12:24:29,844
GEOR20066,Pako Forever,6095,09/21/2024, 13:17:58,844
GEOR20066,Pako Forever,6095,09/21/2024, 14:12:14,844
GEOR20066,Pako Forever,6095,09/21/2024, 15:15:35,844
GEOR20066,Pako Forever,6095,09/21/2024, 16:17:39,844
GEOR20066,Pako Forever,6095,09/21/2024, 17:14:33,844
GEOR20066,Pako Forever,6095,09/21/2024, 18:17:59,844
GEOR20066,Pako Forever,6095,09/21/2024, 19:10:52,844
GEOR20066,Pako Forever,6095,09/21/2024, 20:14:36,844
GEOR20066,Pako Forever,6095,09/21/2024, 21:12:32,844
GEOR20066,Pako Forever,6095,09/21/2024, 22:13:10,844
GEOR20066,Pako Forever,6095,09/21/2024, 23:13:22,844
GEOR20066,Pako Forever,6095,09/22/2024, 01:10:09,844
GEOR20066,Pako Forever,6095,09/22/2024, 02:50:53,844
GEOR20066,Pako Forever,6095,09/22/2024, 03:21:13,844
GEOR20066,Pako Forever,6095,09/22/2024, 04:19:25,844
GEOR20066,Pako Forever,6095,09/22/2024, 05:14:35,844
GEOR20066,Pako Forever,6095,09/22/2024, 06:18:45,844
GEOR20066,Pako Forever,6095,09/22/2024, 07:12:58,844
GEOR20066,Pako Forever,6095,09/22/2024, 08:16:58,844
GEOR20066,Pako Forever,6095,09/22/2024, 09:13:56,844
GEOR20066,Pako Forever,6095,09/22/2024, 10:14:25,844
GEOR20066,Pako Forever,6095,09/22/2024, 11:11:46,844
GEOR20066,Pako Forever,6095,09/22/2024, 12:24:53,844
GEOR20066,Pako Forever,6095,09/22/2024, 13:17:49,844
GEOR20066,Pako Forever,6095,09/22/2024, 14:12:53,844
GEOR20066,Pako Forever,6095,09/22/2024, 15:13:32,844
GEOR20066,Pako Forever,6095,09/22/2024, 16:16:20,844
GEOR20066,Pako Forever,6095,09/22/2024, 17:13:15,844
GEOR20066,Pako Forever,6095,09/22/2024, 18:17:49,844
GEOR20066,Pako Forever,6095,09/22/2024, 19:11:09,844
GEOR20066,Pako Forever,6095,09/22/2024, 20:14:58,844
GEOR20066,Pako Forever,6095,09/22/2024, 21:12:56,844
GEOR20066,Pako Forever,6095,09/22/2024, 22:13:52,844
GEOR20066,Pako Forever,6095,09/22/2024, 23:14:51,844
GEOR20066,Pako Forever,6095,09/23/2024, 01:05:38,844
GEOR20066,Pako Forever,6095,09/23/2024, 02:47:21,844
GEOR20066,Pako Forever,6095,09/23/2024, 03:20:12,844
GEOR20066,Pako Forever,6095,09/23/2024, 04:17:58,844
GEOR20066,Pako Forever,6095,09/23/2024, 05:14:56,844
GEOR20066,Pako Forever,6095,09/23/2024, 06:21:02,844
GEOR20066,Pako Forever,6095,09/23/2024, 07:14:42,844
GEOR20066,Pako Forever,6095,09/23/2024, 08:19:15,844
GEOR20066,Pako Forever,6095,09/23/2024, 09:17:59,844
GEOR20066,Pako Forever,6095,09/23/2024, 10:17:18,844
GEOR20066,Pako Forever,6095,09/23/2024, 11:12:45,844
GEOR20066,Pako Forever,6095,09/23/2024, 12:28:25,844
GEOR20066,Pako Forever,6095,09/23/2024, 13:23:13,844
GEOR20066,Pako Forever,6095,09/23/2024, 14:14:20,844
GEOR20066,Pako Forever,6095,09/23/2024, 15:15:57,844
GEOR20066,Pako Forever,6095,09/23/2024, 16:17:41,844
GEOR20066,Pako Forever,6095,09/23/2024, 17:13:12,844
GEOR20066,Pako Forever,6095,09/23/2024, 18:19:32,844
GEOR20066,Pako Forever,6095,09/23/2024, 19:12:27,844
GEOR20066,Pako Forever,6095,09/23/2024, 20:16:59,844
GEOR20066,Pako Forever,6095,09/23/2024, 21:14:01,844
GEOR20066,Pako Forever,6095,09/23/2024, 22:14:55,844
GEOR20066,Pako Forever,6095,09/23/2024, 23:14:29,844
GEOR20066,Pako Forever,6095,09/24/2024, 01:05:50,844
GEOR20066,Pako Forever,6095,09/24/2024, 02:47:26,844
GEOR20066,Pako Forever,6095,09/24/2024, 03:20:19,844
GEOR20066,Pako Forever,6095,09/24/2024, 04:18:14,844
GEOR20066,Pako Forever,6095,09/24/2024, 05:14:44,844
GEOR20066,Pako Forever,6095,09/24/2024, 06:21:24,844
GEOR20066,Pako Forever,6095,09/24/2024, 07:14:46,844
GEOR20066,Pako Forever,6095,09/24/2024, 08:20:17,844
GEOR20066,Pako Forever,6095,09/24/2024, 09:16:11,844
GEOR20066,Pako Forever,6095,09/24/2024, 10:15:48,844
GEOR20066,Pako Forever,6095,09/24/2024, 11:12:45,844
GEOR20066,Pako Forever,6095,09/24/2024, 12:28:51,844
GEOR20066,Pako Forever,6095,09/24/2024, 13:22:59,844
GEOR20066,Pako Forever,6095,09/24/2024, 14:13:07,844
GEOR20066,Pako Forever,6095,09/24/2024, 15:15:28,844
GEOR20066,Pako Forever,6095,09/24/2024, 16:18:17,844
GEOR20066,Pako Forever,6095,09/24/2024, 17:14:08,844
GEOR20066,Pako Forever,6095,09/24/2024, 18:19:46,844
GEOR20066,Pako Forever,6095,09/24/2024, 19:12:21,844
GEOR20066,Pako Forever,6095,09/24/2024, 20:16:41,844
GEOR20066,Pako Forever,6095,09/24/2024, 21:13:51,844
GEOR20066,Pako Forever,6095,09/24/2024, 22:14:06,844
GEOR20066,Pako Forever,6095,09/24/2024, 23:14:07,844
GEOR20066,Pako Forever,6095,09/25/2024, 01:06:54,844
GEOR20066,Pako Forever,6095,09/25/2024, 02:49:01,844
GEOR20066,Pako Forever,6095,09/25/2024, 03:22:26,844
GEOR20066,Pako Forever,6095,09/25/2024, 04:18:23,844
GEOR20066,Pako Forever,6095,09/25/2024, 05:15:03,844
GEOR20066,Pako Forever,6095,09/25/2024, 06:20:53,844
GEOR20066,Pako Forever,6095,09/25/2024, 07:14:59,844
GEOR20066,Pako Forever,6095,09/25/2024, 08:20:34,844
GEOR20066,Pako Forever,6095,09/25/2024, 09:16:40,844
GEOR20066,Pako Forever,6095,09/25/2024, 10:17:12,844
GEOR20066,Pako Forever,6095,09/25/2024, 11:13:39,844
GEOR20066,Pako Forever,6095,09/25/2024, 12:28:44,844
GEOR20066,Pako Forever,6095,09/25/2024, 13:24:10,844
GEOR20066,Pako Forever,6095,09/25/2024, 14:15:03,844
GEOR20066,Pako Forever,6095,09/25/2024, 15:15:41,844
GEOR20066,Pako Forever,6095,09/25/2024, 16:19:37,844
GEOR20066,Pako Forever,6095,09/25/2024, 17:13:40,844
GEOR20066,Pako Forever,6095,09/25/2024, 18:19:32,844
GEOR20066,Pako Forever,6095,09/25/2024, 20:16:13,844
GEOR20066,Pako Forever,6095,09/25/2024, 21:14:19,844
GEOR20066,Pako Forever,6095,09/25/2024, 22:14:00,844
GEOR20066,Pako Forever,6095,09/25/2024, 23:14:09,844
GEOR20066,Pako Forever,6095,09/26/2024, 01:05:19,844
GEOR20066,Pako Forever,6095,09/26/2024, 02:45:41,844
GEOR20066,Pako Forever,6095,09/26/2024, 03:20:30,844
GEOR20066,Pako Forever,6095,09/26/2024, 04:18:12,844
GEOR20066,Pako Forever,6095,09/26/2024, 05:15:13,844
GEOR20066,Pako Forever,6095,09/26/2024, 06:20:35,844
GEOR20066,Pako Forever,6095,09/26/2024, 07:14:47,844
GEOR20066,Pako Forever,6095,09/26/2024, 08:19:34,844
GEOR20066,Pako Forever,6095,09/26/2024, 09:15:52,844
GEOR20066,Pako Forever,6095,09/26/2024, 10:16:30,844
GEOR20066,Pako Forever,6095,09/26/2024, 11:12:52,844
GEOR20066,Pako Forever,6095,09/26/2024, 12:29:11,844
GEOR20066,Pako Forever,6095,09/26/2024, 13:23:23,844
GEOR20066,Pako Forever,6095,09/26/2024, 14:14:31,844
GEOR20066,Pako Forever,6095,09/26/2024, 15:15:20,844
GEOR20066,Pako Forever,6095,09/26/2024, 16:18:22,844
GEOR20066,Pako Forever,6095,09/26/2024, 17:15:08,844
GEOR20066,Pako Forever,6095,09/26/2024, 18:18:31,844
GEOR20066,Pako Forever,6095,09/26/2024, 19:12:00,844
GEOR20066,Pako Forever,6095,09/26/2024, 20:15:51,844
GEOR20066,Pako Forever,6095,09/26/2024, 21:13:34,844
GEOR20066,Pako Forever,6095,09/26/2024, 22:14:04,844
GEOR20066,Pako Forever,6095,09/26/2024, 23:15:09,844
GEOR20066,Pako Forever,6095,09/27/2024, 01:05:44,844
GEOR20066,Pako Forever,6095,09/27/2024, 03:20:35,844
GEOR20066,Pako Forever,6095,09/27/2024, 04:18:13,844
GEOR20066,Pako Forever,6095,09/27/2024, 05:14:57,844
GEOR20066,Pako Forever,6096,09/27/2024, 06:21:37,844
GEOR20066,Pako Forever,6096,09/27/2024, 07:14:53,844
GEOR20066,Pako Forever,6096,09/27/2024, 08:19:07,844
GEOR20066,Pako Forever,6096,09/27/2024, 09:16:41,844
GEOR20066,Pako Forever,6096,09/27/2024, 10:16:07,844
GEOR20066,Pako Forever,6096,09/27/2024, 11:13:43,844
GEOR20066,Pako Forever,6096,09/27/2024, 12:28:20,844
GEOR20066,Pako Forever,6096,09/27/2024, 13:23:13,844
GEOR20066,Pako Forever,6096,09/27/2024, 14:14:25,844
GEOR20066,Pako Forever,6096,09/27/2024, 15:15:22,844
GEOR20066,Pako Forever,6096,09/27/2024, 16:17:54,844
GEOR20066,Pako Forever,6096,09/27/2024, 17:13:52,844
GEOR20066,Pako Forever,6096,09/27/2024, 18:19:38,844
GEOR20066,Pako Forever,6096,09/27/2024, 19:13:07,844
GEOR20066,Pako Forever,6096,09/27/2024, 20:16:12,844
GEOR20066,Pako Forever,6096,09/27/2024, 21:13:32,844
GEOR20066,Pako Forever,6096,09/27/2024, 22:14:15,844
GEOR20066,Pako Forever,6096,09/27/2024, 23:14:23,844
GEOR20066,Pako Forever,6096,09/28/2024, 01:05:18,844
GEOR20066,Pako Forever,6096,09/28/2024, 02:44:46,844
GEOR20066,Pako Forever,6096,09/28/2024, 03:19:01,844
GEOR20066,Pako Forever,6096,09/28/2024, 04:17:30,844
GEOR20066,Pako Forever,6096,09/28/2024, 05:13:46,844
GEOR20066,Pako Forever,6096,09/28/2024, 06:18:54,844
GEOR20066,Pako Forever,6096,09/28/2024, 07:13:04,844
GEOR20066,Pako Forever,6096,09/28/2024, 08:17:49,844
GEOR20066,Pako Forever,6096,09/28/2024, 09:14:14,844
GEOR20066,Pako Forever,6096,09/28/2024, 10:14:16,844
GEOR20066,Pako Forever,6096,09/28/2024, 11:13:01,844
GEOR20066,Pako Forever,6096,09/28/2024, 12:25:16,844
GEOR20066,Pako Forever,6096,09/28/2024, 13:18:30,844
GEOR20066,Pako Forever,6096,09/28/2024, 14:12:16,844
GEOR20066,Pako Forever,6096,09/28/2024, 15:15:54,844
GEOR20066,Pako Forever,6096,09/28/2024, 16:16:50,844
GEOR20066,Pako Forever,6096,09/28/2024, 17:12:07,844
GEOR20066,Pako Forever,6096,09/28/2024, 18:17:58,844
GEOR20066,Pako Forever,6096,09/28/2024, 19:12:24,844
GEOR20066,Pako Forever,6096,09/28/2024, 20:15:27,844
GEOR20066,Pako Forever,6096,09/28/2024, 21:13:44,844
GEOR20066,Pako Forever,6096,09/28/2024, 22:13:36,844
GEOR20066,Pako Forever,6096,09/28/2024, 23:13:53,844
GEOR20066,Pako Forever,6096,09/29/2024, 01:11:09,844
GEOR20066,Pako Forever,6096,09/29/2024, 02:53:12,844
GEOR20066,Pako Forever,6096,09/29/2024, 03:23:59,844
GEOR20066,Pako Forever,6096,09/29/2024, 04:17:36,844
GEOR20066,Pako Forever,6096,09/29/2024, 05:14:01,844
GEOR20066,Pako Forever,6096,09/29/2024, 06:19:10,844
GEOR20066,Pako Forever,6096,09/29/2024, 07:13:03,844
GEOR20066,Pako Forever,6096,09/29/2024, 08:18:10,844
GEOR20066,Pako Forever,6096,09/29/2024, 09:15:33,844
GEOR20066,Pako Forever,6096,09/29/2024, 10:14:12,844
GEOR20066,Pako Forever,6096,09/29/2024, 11:12:36,844
GEOR20066,Pako Forever,6096,09/29/2024, 12:26:03,844
GEOR20066,Pako Forever,6096,09/29/2024, 13:18:47,844
GEOR20066,Pako Forever,6096,09/29/2024, 14:13:08,844
GEOR20066,Pako Forever,6096,09/29/2024, 15:14:57,844
GEOR20066,Pako Forever,6096,09/29/2024, 16:17:14,844
GEOR20066,Pako Forever,6096,09/29/2024, 17:12:11,844
GEOR20066,Pako Forever,6096,09/29/2024, 18:18:06,844
GEOR20066,Pako Forever,6096,09/29/2024, 19:11:23,844
GEOR20066,Pako Forever,6096,09/29/2024, 20:14:56,844
GEOR20066,Pako Forever,6096,09/29/2024, 21:13:17,844
GEOR20066,Pako Forever,6096,09/29/2024, 22:13:09,844
GEOR20066,Pako Forever,6096,09/29/2024, 23:13:56,844
GEOR20066,Pako Forever,6096,09/30/2024, 01:07:54,844
GEOR20066,Pako Forever,6096,09/30/2024, 02:53:59,844
GEOR20066,Pako Forever,6096,09/30/2024, 03:25:24,844
GEOR20066,Pako Forever,6096,09/30/2024, 04:18:35,844
GEOR20066,Pako Forever,6096,09/30/2024, 05:15:22,844
GEOR20066,Pako Forever,6096,09/30/2024, 06:21:39,844
GEOR20066,Pako Forever,6096,09/30/2024, 07:15:35,844
GEOR20066,Pako Forever,6096,09/30/2024, 08:21:00,844
GEOR20066,Pako Forever,6096,09/30/2024, 09:17:43,844
GEOR20066,Pako Forever,6096,09/30/2024, 10:17:06,844
GEOR20066,Pako Forever,6096,09/30/2024, 11:13:04,844
GEOR20066,Pako Forever,6096,09/30/2024, 12:29:57,844
GEOR20066,Pako Forever,6096,09/30/2024, 13:24:01,844
GEOR20066,Pako Forever,6096,09/30/2024, 14:14:41,844
GEOR20066,Pako Forever,6096,09/30/2024, 15:16:09,844
GEOR20066,Pako Forever,6096,09/30/2024, 16:18:44,844
GEOR20066,Pako Forever,6096,09/30/2024, 17:14:00,844
GEOR20066,Pako Forever,6096,09/30/2024, 18:19:44,844
GEOR20066,Pako Forever,6097,09/30/2024, 19:10:48,844
GEOR20066,Pako Forever,6097,09/30/2024, 20:16:28,844
GEOR20066,Pako Forever,6097,09/30/2024, 21:14:33,844
GEOR20066,Pako Forever,6097,09/30/2024, 22:14:21,844
GEOR20066,Pako Forever,6097,09/30/2024, 23:14:48,844
GEOR20066,Pako Forever,6097,10/01/2024, 01:11:55,844
GEOR20066,Pako Forever,6097,10/01/2024, 02:57:04,844
GEOR20066,Pako Forever,6097,10/01/2024, 03:29:13,844
GEOR20066,Pako Forever,6097,10/01/2024, 04:18:23,844
GEOR20066,Pako Forever,6097,10/01/2024, 05:15:07,844
GEOR20066,Pako Forever,6097,10/01/2024, 06:21:15,844
GEOR20066,Pako Forever,6097,10/01/2024, 07:15:29,844
GEOR20066,Pako Forever,6097,10/01/2024, 08:19:56,844
GEOR20066,Pako Forever,6097,10/01/2024, 09:16:32,844
GEOR20066,Pako Forever,6097,10/01/2024, 10:17:20,844
GEOR20066,Pako Forever,6097,10/01/2024, 11:14:13,844
GEOR20066,Pako Forever,6097,10/01/2024, 12:29:04,844
GEOR20066,Pako Forever,6097,10/01/2024, 13:23:58,844
GEOR20066,Pako Forever,6097,10/01/2024, 14:14:37,844
GEOR20066,Pako Forever,6097,10/01/2024, 15:15:43,844
GEOR20066,Pako Forever,6097,10/01/2024, 16:19:03,844
GEOR20066,Pako Forever,6097,10/01/2024, 17:13:42,844
GEOR20066,Pako Forever,6097,10/01/2024, 18:19:56,844
GEOR20066,Pako Forever,6097,10/01/2024, 19:12:49,844
GEOR20066,Pako Forever,6097,10/01/2024, 20:16:16,844
GEOR20066,Pako Forever,6097,10/01/2024, 21:14:57,844
GEOR20066,Pako Forever,6097,10/01/2024, 22:14:04,844
GEOR20066,Pako Forever,6097,10/01/2024, 23:14:20,844
GEOR20066,Pako Forever,6097,10/02/2024, 01:05:41,844
GEOR20066,Pako Forever,6097,10/02/2024, 02:46:18,844
GEOR20066,Pako Forever,6097,10/02/2024, 03:19:47,844
GEOR20066,Pako Forever,6097,10/02/2024, 04:18:17,844
GEOR20066,Pako Forever,6097,10/02/2024, 05:14:58,844
GEOR20066,Pako Forever,6097,10/02/2024, 06:20:50,844
GEOR20066,Pako Forever,6097,10/02/2024, 07:14:13,844
GEOR20066,Pako Forever,6097,10/02/2024, 08:19:08,844
GEOR20066,Pako Forever,6097,10/02/2024, 09:15:35,844
GEOR20066,Pako Forever,6097,10/02/2024, 10:15:44,844
GEOR20066,Pako Forever,6097,10/02/2024, 11:13:03,844
GEOR20066,Pako Forever,6097,10/02/2024, 12:28:44,844
GEOR20066,Pako Forever,6097,10/02/2024, 13:22:45,844
GEOR20066,Pako Forever,6097,10/02/2024, 14:13:55,844
GEOR20066,Pako Forever,6097,10/02/2024, 15:16:00,844
GEOR20066,Pako Forever,6097,10/02/2024, 16:18:42,844
GEOR20066,Pako Forever,6097,10/02/2024, 17:13:17,844
GEOR20066,Pako Forever,6097,10/02/2024, 18:20:10,844
GEOR20066,Pako Forever,6097,10/02/2024, 19:12:44,844
GEOR20066,Pako Forever,6097,10/02/2024, 20:16:46,844
GEOR20066,Pako Forever,6097,10/02/2024, 21:16:07,844
GEOR20066,Pako Forever,6097,10/02/2024, 22:15:26,844
GEOR20066,Pako Forever,6097,10/02/2024, 23:14:52,844
GEOR20066,Pako Forever,6097,10/03/2024, 01:05:48,844
GEOR20066,Pako Forever,6097,10/03/2024, 02:47:15,844
GEOR20066,Pako Forever,6097,10/03/2024, 03:20:45,844
GEOR20066,Pako Forever,6097,10/03/2024, 04:18:37,844
GEOR20066,Pako Forever,6097,10/03/2024, 05:15:18,844
GEOR20066,Pako Forever,6097,10/03/2024, 06:20:50,844
GEOR20066,Pako Forever,6097,10/03/2024, 07:15:26,844
GEOR20066,Pako Forever,6097,10/03/2024, 08:19:16,844
GEOR20066,Pako Forever,6097,10/03/2024, 09:16:00,844
GEOR20066,Pako Forever,6097,10/03/2024, 10:16:00,844
GEOR20066,Pako Forever,6097,10/03/2024, 11:12:41,844
GEOR20066,Pako Forever,6097,10/03/2024, 12:28:27,844
GEOR20066,Pako Forever,6097,10/03/2024, 13:23:04,844
GEOR20066,Pako Forever,6097,10/03/2024, 14:14:48,844
GEOR20066,Pako Forever,6097,10/03/2024, 15:15:50,844
GEOR20066,Pako Forever,6097,10/03/2024, 16:18:22,844
GEOR20066,Pako Forever,6097,10/03/2024, 17:13:41,844
GEOR20066,Pako Forever,6097,10/03/2024, 18:20:02,844
GEOR20066,Pako Forever,6097,10/03/2024, 19:12:09,844
GEOR20066,Pako Forever,6097,10/03/2024, 20:16:01,844
GEOR20066,Pako Forever,6097,10/03/2024, 21:13:55,844
GEOR20066,Pako Forever,6097,10/03/2024, 22:14:43,844
GEOR20066,Pako Forever,6097,10/03/2024, 23:14:51,844
GEOR20066,Pako Forever,6097,10/04/2024, 01:05:45,844
GEOR20066,Pako Forever,6097,10/04/2024, 02:47:52,844
GEOR20066,Pako Forever,6097,10/04/2024, 03:20:17,844
GEOR20066,Pako Forever,6097,10/04/2024, 04:18:08,844
GEOR20066,Pako Forever,6097,10/04/2024, 05:14:50,844
GEOR20066,Pako Forever,6097,10/04/2024, 06:20:50,844
GEOR20066,Pako Forever,6097,10/04/2024, 07:14:28,844
GEOR20066,Pako Forever,6097,10/04/2024, 08:19:04,844
GEOR20066,Pako Forever,6097,10/04/2024, 09:14:45,844
GEOR20066,Pako Forever,6097,10/04/2024, 10:16:53,844
GEOR20066,Pako Forever,6097,10/04/2024, 11:13:01,844
GEOR20066,Pako Forever,6097,10/04/2024, 12:27:43,844
GEOR20066,Pako Forever,6097,10/04/2024, 13:22:25,844
GEOR20066,Pako Forever,6097,10/04/2024, 14:14:48,844
GEOR20066,Pako Forever,6097,10/04/2024, 15:15:32,844
GEOR20066,Pako Forever,6097,10/04/2024, 16:18:51,844
GEOR20066,Pako Forever,6097,10/04/2024, 17:13:33,844
GEOR20066,Pako Forever,6097,10/04/2024, 18:19:34,844
GEOR20066,Pako Forever,6097,10/04/2024, 19:12:37,844
GEOR20066,Pako Forever,6097,10/04/2024, 20:16:04,844
GEOR20066,Pako Forever,6097,10/04/2024, 21:13:46,844
GEOR20066,Pako Forever,6097,10/04/2024, 22:14:13,844
GEOR20066,Pako Forever,6098,10/04/2024, 23:14:33,844
GEOR20066,Pako Forever,6098,10/05/2024, 01:04:53,844
GEOR20066,Pako Forever,6098,10/05/2024, 02:44:31,844
GEOR20066,Pako Forever,6098,10/05/2024, 03:18:40,844
GEOR20066,Pako Forever,6098,10/05/2024, 04:18:02,844
GEOR20066,Pako Forever,6098,10/05/2024, 05:13:53,844
GEOR20066,Pako Forever,6098,10/05/2024, 06:19:29,844
GEOR20066,Pako Forever,6098,10/05/2024, 07:14:15,844
GEOR20066,Pako Forever,6098,10/05/2024, 08:18:22,844
GEOR20066,Pako Forever,6098,10/05/2024, 09:17:08,844
GEOR20066,Pako Forever,6098,10/05/2024, 10:14:04,844
GEOR20066,Pako Forever,6098,10/05/2024, 11:12:44,844
GEOR20066,Pako Forever,6098,10/05/2024, 12:25:58,844
GEOR20066,Pako Forever,6098,10/05/2024, 13:18:44,844
GEOR20066,Pako Forever,6098,10/05/2024, 14:12:23,844
GEOR20066,Pako Forever,6098,10/05/2024, 15:14:28,844
GEOR20066,Pako Forever,6098,10/05/2024, 16:17:03,844
GEOR20066,Pako Forever,6098,10/05/2024, 17:13:26,844
GEOR20066,Pako Forever,6098,10/05/2024, 18:17:48,844
GEOR20066,Pako Forever,6098,10/05/2024, 19:12:18,844
GEOR20066,Pako Forever,6098,10/05/2024, 20:14:31,844
GEOR20066,Pako Forever,6098,10/05/2024, 21:13:48,844
GEOR20066,Pako Forever,6098,10/05/2024, 22:14:07,844
GEOR20066,Pako Forever,6098,10/05/2024, 23:13:48,844
GEOR20066,Pako Forever,6098,10/06/2024, 01:10:47,844
GEOR20066,Pako Forever,6098,10/06/2024, 02:57:33,844
GEOR20066,Pako Forever,6098,10/06/2024, 03:23:03,844
GEOR20066,Pako Forever,6098,10/06/2024, 04:18:12,844
GEOR20066,Pako Forever,6098,10/06/2024, 05:14:14,844
GEOR20066,Pako Forever,6098,10/06/2024, 06:19:27,844
GEOR20066,Pako Forever,6098,10/06/2024, 07:14:25,844
GEOR20066,Pako Forever,6098,10/06/2024, 08:17:37,844
GEOR20066,Pako Forever,6098,10/06/2024, 09:14:57,844
GEOR20066,Pako Forever,6098,10/06/2024, 10:14:48,844
GEOR20066,Pako Forever,6098,10/06/2024, 11:12:33,844
GEOR20066,Pako Forever,6098,10/06/2024, 12:25:44,844
GEOR20066,Pako Forever,6098,10/06/2024, 13:18:56,844
GEOR20066,Pako Forever,6098,10/06/2024, 14:12:21,844
GEOR20066,Pako Forever,6098,10/06/2024, 15:14:59,844
GEOR20066,Pako Forever,6098,10/06/2024, 16:16:34,844
GEOR20066,Pako Forever,6098,10/06/2024, 17:13:45,844
GEOR20066,Pako Forever,6098,10/06/2024, 18:17:52,844
GEOR20066,Pako Forever,6098,10/06/2024, 19:11:58,844
GEOR20066,Pako Forever,6098,10/06/2024, 20:14:46,844
GEOR20066,Pako Forever,6098,10/06/2024, 21:13:07,844
GEOR20066,Pako Forever,6099,10/06/2024, 22:13:39,844
GEOR20066,Pako Forever,6099,10/06/2024, 23:13:56,844
GEOR20066,Pako Forever,6099,10/07/2024, 01:07:52,844
GEOR20066,Pako Forever,6099,10/07/2024, 02:51:42,844
GEOR20066,Pako Forever,6099,10/07/2024, 03:22:57,844
GEOR20066,Pako Forever,6099,10/07/2024, 04:18:23,844
GEOR20066,Pako Forever,6099,10/07/2024, 05:16:23,844
GEOR20066,Pako Forever,6099,10/07/2024, 06:21:11,844
GEOR20066,Pako Forever,6099,10/07/2024, 07:15:30,844
GEOR20066,Pako Forever,6099,10/07/2024, 08:18:17,844
GEOR20066,Pako Forever,6099,10/07/2024, 09:16:49,844
GEOR20066,Pako Forever,6099,10/07/2024, 10:16:56,844
GEOR20066,Pako Forever,6099,10/07/2024, 11:14:57,844
GEOR20066,Pako Forever,6099,10/07/2024, 12:29:30,844
GEOR20066,Pako Forever,6099,10/07/2024, 13:23:40,844
GEOR20066,Pako Forever,6099,10/07/2024, 14:14:44,844
GEOR20066,Pako Forever,6099,10/07/2024, 15:15:58,844
GEOR20066,Pako Forever,6099,10/07/2024, 16:18:05,844
GEOR20066,Pako Forever,6099,10/07/2024, 17:14:18,844
GEOR20066,Pako Forever,6099,10/07/2024, 18:19:44,844
GEOR20066,Pako Forever,6099,10/07/2024, 19:12:12,844
GEOR20066,Pako Forever,6099,10/07/2024, 20:17:16,844
GEOR20066,Pako Forever,6099,10/07/2024, 21:14:26,844
GEOR20066,Pako Forever,6099,10/07/2024, 22:14:17,844
GEOR20066,Pako Forever,6099,10/07/2024, 23:14:20,844
GEOR20066,Pako Forever,6099,10/08/2024, 01:05:33,844
GEOR20066,Pako Forever,6099,10/08/2024, 02:51:26,844
GEOR20066,Pako Forever,6099,10/08/2024, 03:22:26,844
GEOR20066,Pako Forever,6099,10/08/2024, 04:18:06,844
GEOR20066,Pako Forever,6099,10/08/2024, 05:15:06,844
GEOR20066,Pako Forever,6099,10/08/2024, 06:20:59,844
GEOR20066,Pako Forever,6099,10/08/2024, 07:15:55,844
GEOR20066,Pako Forever,6099,10/08/2024, 08:19:58,844
GEOR20066,Pako Forever,6099,10/08/2024, 09:15:51,844
GEOR20066,Pako Forever,6099,10/08/2024, 10:15:47,844
GEOR20066,Pako Forever,6099,10/08/2024, 11:14:42,844
GEOR20066,Pako Forever,6099,10/08/2024, 12:27:58,844
GEOR20066,Pako Forever,6099,10/08/2024, 13:22:27,844
GEOR20066,Pako Forever,6099,10/08/2024, 14:15:55,844
GEOR20066,Pako Forever,6099,10/08/2024, 15:15:41,844
GEOR20066,Pako Forever,6099,10/08/2024, 16:18:54,844
GEOR20066,Pako Forever,6099,10/08/2024, 17:14:05,844
GEOR20066,Pako Forever,6099,10/08/2024, 18:20:20,844
GEOR20066,Pako Forever,6099,10/08/2024, 19:11:17,844
GEOR20066,Pako Forever,6099,10/08/2024, 20:13:28,844
GEOR20066,Pako Forever,6099,10/08/2024, 21:14:28,844
GEOR20066,Pako Forever,6099,10/08/2024, 22:14:27,844
GEOR20066,Pako Forever,6099,10/08/2024, 23:15:20,844
GEOR20066,Pako Forever,6099,10/09/2024, 01:05:20,844
GEOR20066,Pako Forever,6099,10/09/2024, 02:46:58,844
GEOR20066,Pako Forever,6099,10/09/2024, 03:20:37,844
GEOR20066,Pako Forever,6099,10/09/2024, 04:17:51,844
GEOR20066,Pako Forever,6099,10/09/2024, 05:16:02,844
GEOR20066,Pako Forever,6099,10/09/2024, 06:21:16,844
GEOR20066,Pako Forever,6099,10/09/2024, 07:15:17,844
GEOR20066,Pako Forever,6099,10/09/2024, 08:19:34,844
GEOR20066,Pako Forever,6099,10/09/2024, 09:16:25,844
GEOR20066,Pako Forever,6099,10/09/2024, 10:16:10,844
GEOR20066,Pako Forever,6099,10/09/2024, 11:14:02,844
GEOR20066,Pako Forever,6099,10/09/2024, 12:27:57,844
GEOR20066,Pako Forever,6099,10/09/2024, 13:23:21,844
GEOR20066,Pako Forever,6099,10/09/2024, 14:14:29,844
GEOR20066,Pako Forever,6099,10/09/2024, 15:14:36,844
GEOR20066,Pako Forever,6099,10/09/2024, 16:17:57,844
GEOR20066,Pako Forever,6099,10/09/2024, 17:14:18,844
GEOR20066,Pako Forever,6099,10/09/2024, 18:18:32,844
GEOR20066,Pako Forever,6099,10/09/2024, 19:12:40,844
GEOR20066,Pako Forever,6099,10/09/2024, 20:16:21,844
GEOR20066,Pako Forever,6099,10/09/2024, 21:14:25,844
GEOR20066,Pako Forever,6099,10/09/2024, 22:13:55,844
GEOR20066,Pako Forever,6099,10/09/2024, 23:16:19,844
GEOR20066,Pako Forever,6099,10/10/2024, 01:05:59,844
GEOR20066,Pako Forever,6099,10/10/2024, 02:47:32,844
GEOR20066,Pako Forever,6099,10/10/2024, 03:20:19,844
GEOR20066,Pako Forever,6099,10/10/2024, 04:17:46,844
GEOR20066,Pako Forever,6099,10/10/2024, 05:15:08,844
GEOR20066,Pako Forever,6099,10/10/2024, 06:20:57,844
GEOR20066,Pako Forever,6099,10/10/2024, 07:14:49,844
GEOR20066,Pako Forever,6099,10/10/2024, 08:19:05,844
GEOR20066,Pako Forever,6099,10/10/2024, 09:16:16,844
GEOR20066,Pako Forever,6099,10/10/2024, 10:16:01,844
GEOR20066,Pako Forever,6099,10/10/2024, 11:13:20,844
GEOR20066,Pako Forever,6099,10/10/2024, 12:27:54,844
GEOR20066,Pako Forever,6099,10/10/2024, 13:23:22,844
GEOR20066,Pako Forever,6099,10/10/2024, 14:14:26,844
GEOR20066,Pako Forever,6099,10/10/2024, 15:15:24,844
GEOR20066,Pako Forever,6099,10/10/2024, 16:17:55,844
GEOR20066,Pako Forever,6099,10/10/2024, 17:14:25,844
GEOR20066,Pako Forever,6099,10/10/2024, 18:19:38,844
GEOR20066,Pako Forever,6099,10/10/2024, 19:12:04,844
GEOR20066,Pako Forever,6099,10/10/2024, 20:16:17,844
GEOR20066,Pako Forever,6099,10/10/2024, 21:14:58,844
GEOR20066,Pako Forever,6099,10/10/2024, 22:14:35,844
GEOR20066,Pako Forever,6099,10/10/2024, 23:14:36,844
GEOR20066,Pako Forever,6099,10/11/2024, 01:05:40,844
GEOR20066,Pako Forever,6099,10/11/2024, 02:46:25,844
GEOR20066,Pako Forever,6099,10/11/2024, 03:19:47,844
GEOR20066,Pako Forever,6099,10/11/2024, 04:18:01,844
GEOR20066,Pako Forever,6099,10/11/2024, 05:14:46,844
GEOR20066,Pako Forever,6099,10/11/2024, 06:20:50,844
GEOR20066,Pako Forever,6099,10/11/2024, 07:14:56,844
GEOR20066,Pako Forever,6099,10/11/2024, 08:19:13,844
GEOR20066,Pako Forever,6099,10/11/2024, 09:16:16,844
GEOR20066,Pako Forever,6099,10/11/2024, 10:15:19,844
GEOR20066,Pako Forever,6099,10/11/2024, 11:13:27,844
GEOR20066,Pako Forever,6100,10/11/2024, 12:27:58,844
GEOR20066,Pako Forever,6100,10/11/2024, 13:20:58,844
GEOR20066,Pako Forever,6100,10/11/2024, 14:14:29,844
GEOR20066,Pako Forever,6100,10/11/2024, 15:15:16,844
GEOR20066,Pako Forever,6100,10/11/2024, 16:18:07,844
GEOR20066,Pako Forever,6100,10/11/2024, 17:13:24,844
GEOR20066,Pako Forever,6100,10/11/2024, 18:19:17,844
GEOR20066,Pako Forever,6100,10/11/2024, 19:12:30,844
GEOR20066,Pako Forever,6101,10/11/2024, 20:15:36,844
GEOR20066,Pako Forever,6101,10/11/2024, 21:15:36,844
GEOR20066,Pako Forever,6101,10/11/2024, 22:13:45,844
GEOR20066,Pako Forever,6101,10/11/2024, 23:14:13,844
GEOR20066,Pako Forever,6101,10/12/2024, 01:04:07,844
GEOR20066,Pako Forever,6101,10/12/2024, 02:43:14,844
GEOR20066,Pako Forever,6101,10/12/2024, 03:18:53,844
GEOR20066,Pako Forever,6101,10/12/2024, 04:17:27,844
GEOR20066,Pako Forever,6101,10/12/2024, 05:14:34,844
GEOR20066,Pako Forever,6101,10/12/2024, 06:18:55,844
GEOR20066,Pako Forever,6101,10/12/2024, 07:13:04,844
GEOR20066,Pako Forever,6101,10/12/2024, 08:17:38,844
GEOR20066,Pako Forever,6101,10/12/2024, 09:15:51,844
GEOR20066,Pako Forever,6101,10/12/2024, 10:14:26,844
GEOR20066,Pako Forever,6101,10/12/2024, 11:12:52,844
GEOR20066,Pako Forever,6101,10/12/2024, 12:25:27,844
GEOR20066,Pako Forever,6101,10/12/2024, 13:18:41,844
GEOR20066,Pako Forever,6101,10/12/2024, 14:12:28,844
GEOR20066,Pako Forever,6101,10/12/2024, 15:14:34,844
GEOR20066,Pako Forever,6101,10/12/2024, 16:17:19,844
GEOR20066,Pako Forever,6101,10/12/2024, 17:12:23,844
GEOR20066,Pako Forever,6101,10/12/2024, 18:17:40,844
GEOR20066,Pako Forever,6101,10/12/2024, 19:11:16,844
GEOR20066,Pako Forever,6101,10/12/2024, 20:15:11,844
GEOR20066,Pako Forever,6101,10/12/2024, 21:15:05,844
GEOR20066,Pako Forever,6101,10/12/2024, 22:13:31,844
GEOR20066,Pako Forever,6101,10/12/2024, 23:14:01,844
GEOR20066,Pako Forever,6101,10/13/2024, 01:10:30,844
GEOR20066,Pako Forever,6101,10/13/2024, 02:52:25,844
GEOR20066,Pako Forever,6101,10/13/2024, 03:22:26,844
GEOR20066,Pako Forever,6101,10/13/2024, 04:17:16,844
GEOR20066,Pako Forever,6101,10/13/2024, 05:15:06,844
GEOR20066,Pako Forever,6101,10/13/2024, 06:19:45,844
GEOR20066,Pako Forever,6101,10/13/2024, 07:13:08,844
GEOR20066,Pako Forever,6101,10/13/2024, 08:17:49,844
GEOR20066,Pako Forever,6101,10/13/2024, 09:14:49,844
GEOR20066,Pako Forever,6101,10/13/2024, 10:14:15,844
GEOR20066,Pako Forever,6101,10/13/2024, 11:11:47,844
GEOR20066,Pako Forever,6101,10/13/2024, 12:25:50,844
GEOR20066,Pako Forever,6101,10/13/2024, 13:19:43,844
GEOR20066,Pako Forever,6101,10/13/2024, 14:12:35,844
GEOR20066,Pako Forever,6101,10/13/2024, 15:14:36,844
GEOR20066,Pako Forever,6101,10/13/2024, 16:16:46,844
GEOR20066,Pako Forever,6101,10/13/2024, 17:12:22,844
GEOR20066,Pako Forever,6101,10/13/2024, 18:18:26,844
GEOR20066,Pako Forever,6101,10/13/2024, 19:13:08,844
GEOR20066,Pako Forever,6101,10/13/2024, 20:15:18,844
GEOR20066,Pako Forever,6101,10/13/2024, 21:14:25,844
GEOR20066,Pako Forever,6101,10/13/2024, 22:13:21,844
GEOR20066,Pako Forever,6101,10/13/2024, 23:14:32,844
GEOR20066,Pako Forever,6101,10/14/2024, 01:07:48,844
GEOR20066,Pako Forever,6101,10/14/2024, 02:51:41,844
GEOR20066,Pako Forever,6101,10/14/2024, 03:23:45,844
GEOR20066,Pako Forever,6101,10/14/2024, 04:18:25,844
GEOR20066,Pako Forever,6101,10/14/2024, 05:15:48,844
GEOR20066,Pako Forever,6101,10/14/2024, 06:21:32,844
GEOR20066,Pako Forever,6101,10/14/2024, 07:16:31,844
GEOR20066,Pako Forever,6101,10/14/2024, 08:20:13,844
GEOR20066,Pako Forever,6101,10/14/2024, 09:16:54,844
GEOR20066,Pako Forever,6101,10/14/2024, 10:16:33,844
GEOR20066,Pako Forever,6101,10/14/2024, 11:13:47,844
GEOR20066,Pako Forever,6101,10/14/2024, 12:29:06,844
GEOR20066,Pako Forever,6101,10/14/2024, 13:24:12,844
GEOR20066,Pako Forever,6101,10/14/2024, 14:14:53,844
GEOR20066,Pako Forever,6101,10/14/2024, 15:15:45,844
GEOR20066,Pako Forever,6101,10/14/2024, 16:17:44,844
GEOR20066,Pako Forever,6101,10/14/2024, 17:13:32,844
GEOR20066,Pako Forever,6101,10/14/2024, 18:19:37,844
GEOR20066,Pako Forever,6101,10/14/2024, 19:12:16,844
GEOR20066,Pako Forever,6101,10/14/2024, 20:16:42,844
GEOR20066,Pako Forever,6101,10/14/2024, 21:13:50,844
GEOR20066,Pako Forever,6101,10/14/2024, 22:15:48,844
GEOR20066,Pako Forever,6101,10/14/2024, 23:14:26,844
GEOR20066,Pako Forever,6101,10/15/2024, 01:06:42,844
GEOR20066,Pako Forever,6101,10/15/2024, 02:49:44,844
GEOR20066,Pako Forever,6101,10/15/2024, 03:21:59,844
GEOR20066,Pako Forever,6101,10/15/2024, 04:18:16,844
GEOR20066,Pako Forever,6101,10/15/2024, 05:15:56,844
GEOR20066,Pako Forever,6101,10/15/2024, 06:20:56,844
GEOR20066,Pako Forever,6101,10/15/2024, 07:15:33,844
GEOR20066,Pako Forever,6101,10/15/2024, 08:19:44,844
GEOR20066,Pako Forever,6101,10/15/2024, 09:16:12,844
GEOR20066,Pako Forever,6101,10/15/2024, 10:17:17,844
GEOR20066,Pako Forever,6101,10/15/2024, 11:13:13,844
GEOR20066,Pako Forever,6101,10/15/2024, 12:28:58,844
GEOR20066,Pako Forever,6101,10/15/2024, 13:23:43,844
GEOR20066,Pako Forever,6101,10/15/2024, 14:14:33,844
GEOR20066,Pako Forever,6101,10/15/2024, 15:16:01,844
GEOR20066,Pako Forever,6101,10/15/2024, 16:18:31,844
GEOR20066,Pako Forever,6101,10/15/2024, 17:14:45,844
GEOR20066,Pako Forever,6101,10/15/2024, 18:19:44,844
GEOR20066,Pako Forever,6101,10/15/2024, 19:13:26,844
GEOR20066,Pako Forever,6101,10/15/2024, 20:16:02,844
GEOR20066,Pako Forever,6101,10/15/2024, 21:14:43,844
GEOR20066,Pako Forever,6101,10/15/2024, 22:14:25,844
GEOR20066,Pako Forever,6101,10/15/2024, 23:16:07,844
GEOR20066,Pako Forever,6101,10/16/2024, 01:06:47,844
GEOR20066,Pako Forever,6101,10/16/2024, 02:50:53,844
GEOR20066,Pako Forever,6101,10/16/2024, 03:22:44,844
GEOR20066,Pako Forever,6101,10/16/2024, 04:18:38,844
GEOR20066,Pako Forever,6101,10/16/2024, 05:15:17,844
GEOR20066,Pako Forever,6101,10/16/2024, 06:21:16,844
GEOR20066,Pako Forever,6101,10/16/2024, 07:15:08,844
GEOR20066,Pako Forever,6101,10/16/2024, 08:19:43,844
GEOR20066,Pako Forever,6101,10/16/2024, 09:16:42,844
GEOR20066,Pako Forever,6101,10/16/2024, 10:15:54,844
GEOR20066,Pako Forever,6101,10/16/2024, 11:13:32,844
GEOR20066,Pako Forever,6101,10/16/2024, 12:28:37,844
GEOR20066,Pako Forever,6101,10/16/2024, 13:23:13,844
GEOR20066,Pako Forever,6101,10/16/2024, 14:14:14,844
GEOR20066,Pako Forever,6101,10/16/2024, 15:16:23,844
GEOR20066,Pako Forever,6101,10/16/2024, 16:16:46,844
GEOR20066,Pako Forever,6101,10/16/2024, 17:14:22,844
GEOR20066,Pako Forever,6101,10/16/2024, 18:19:52,844
GEOR20066,Pako Forever,6101,10/16/2024, 19:12:27,844
GEOR20066,Pako Forever,6101,10/16/2024, 20:16:11,844
GEOR20066,Pako Forever,6102,10/16/2024, 21:14:43,844
GEOR20066,Pako Forever,6102,10/16/2024, 22:14:21,844
GEOR20066,Pako Forever,6102,10/16/2024, 23:15:37,844
GEOR20066,Pako Forever,6102,10/17/2024, 01:05:56,844
GEOR20066,Pako Forever,6102,10/17/2024, 02:48:04,844
GEOR20066,Pako Forever,6102,10/17/2024, 03:20:52,844
GEOR20066,Pako Forever,6102,10/17/2024, 04:18:19,844
GEOR20066,Pako Forever,6102,10/17/2024, 05:15:17,844
GEOR20066,Pako Forever,6102,10/17/2024, 06:20:57,844
GEOR20066,Pako Forever,6102,10/17/2024, 07:15:26,844
GEOR20066,Pako Forever,6102,10/17/2024, 08:19:44,844
GEOR20066,Pako Forever,6102,10/17/2024, 09:16:28,844
GEOR20066,Pako Forever,6102,10/17/2024, 10:15:49,844
GEOR20066,Pako Forever,6102,10/17/2024, 11:13:10,844
GEOR20066,Pako Forever,6102,10/17/2024, 12:28:22,844
GEOR20066,Pako Forever,6102,10/17/2024, 13:23:20,844
GEOR20066,Pako Forever,6102,10/17/2024, 14:14:51,844
GEOR20066,Pako Forever,6102,10/17/2024, 15:14:45,844
GEOR20066,Pako Forever,6102,10/17/2024, 16:19:34,844
GEOR20066,Pako Forever,6102,10/17/2024, 17:13:40,844
GEOR20066,Pako Forever,6102,10/17/2024, 18:18:33,844
GEOR20066,Pako Forever,6102,10/17/2024, 19:13:04,844
GEOR20066,Pako Forever,6102,10/17/2024, 20:16:14,844
GEOR20066,Pako Forever,6102,10/17/2024, 21:14:42,844
GEOR20066,Pako Forever,6102,10/17/2024, 22:14:46,844
GEOR20066,Pako Forever,6102,10/17/2024, 23:15:33,844
GEOR20066,Pako Forever,6102,10/18/2024, 01:06:04,844
GEOR20066,Pako Forever,6102,10/18/2024, 02:49:33,844
GEOR20066,Pako Forever,6102,10/18/2024, 03:23:00,844
GEOR20066,Pako Forever,6102,10/18/2024, 04:18:39,844
GEOR20066,Pako Forever,6102,10/18/2024, 05:15:12,844
GEOR20066,Pako Forever,6102,10/18/2024, 06:21:09,844
GEOR20066,Pako Forever,6102,10/18/2024, 07:14:49,844
GEOR20066,Pako Forever,6102,10/18/2024, 08:19:36,844
GEOR20066,Pako Forever,6102,10/18/2024, 09:16:37,844
GEOR20066,Pako Forever,6102,10/18/2024, 10:16:50,844
GEOR20066,Pako Forever,6102,10/18/2024, 11:13:18,844
GEOR20066,Pako Forever,6102,10/18/2024, 12:27:59,844
GEOR20066,Pako Forever,6102,10/18/2024, 13:22:43,844
GEOR20066,Pako Forever,6102,10/18/2024, 14:14:09,844
GEOR20066,Pako Forever,6102,10/18/2024, 15:15:47,844
GEOR20066,Pako Forever,6102,10/18/2024, 16:18:17,844
GEOR20066,Pako Forever,6102,10/18/2024, 17:14:10,844
GEOR20066,Pako Forever,6102,10/18/2024, 18:19:56,844
GEOR20066,Pako Forever,6102,10/18/2024, 19:13:00,844
GEOR20066,Pako Forever,6102,10/18/2024, 20:15:35,844
GEOR20066,Pako Forever,6102,10/18/2024, 21:14:54,844
GEOR20066,Pako Forever,6102,10/18/2024, 22:13:48,844
GEOR20066,Pako Forever,6102,10/18/2024, 23:14:28,844
GEOR20066,Pako Forever,6102,10/19/2024, 01:05:26,844
GEOR20066,Pako Forever,6102,10/19/2024, 02:44:54,844
GEOR20066,Pako Forever,6102,10/19/2024, 03:19:30,844
GEOR20066,Pako Forever,6102,10/19/2024, 04:17:39,844
GEOR20066,Pako Forever,6102,10/19/2024, 05:14:02,844
GEOR20066,Pako Forever,6102,10/19/2024, 06:18:59,844
GEOR20066,Pako Forever,6102,10/19/2024, 07:15:01,844
GEOR20066,Pako Forever,6102,10/19/2024, 08:17:34,844
GEOR20066,Pako Forever,6102,10/19/2024, 09:14:24,844
GEOR20066,Pako Forever,6102,10/19/2024, 10:14:25,844
GEOR20066,Pako Forever,6102,10/19/2024, 11:11:44,844
GEOR20066,Pako Forever,6102,10/19/2024, 12:26:24,844
GEOR20066,Pako Forever,6102,10/19/2024, 13:19:14,844
GEOR20066,Pako Forever,6102,10/19/2024, 14:13:55,844
GEOR20066,Pako Forever,6102,10/19/2024, 15:14:12,844
GEOR20066,Pako Forever,6102,10/19/2024, 16:16:50,844
GEOR20066,Pako Forever,6102,10/19/2024, 17:13:33,844
GEOR20066,Pako Forever,6102,10/19/2024, 18:18:09,844
GEOR20066,Pako Forever,6102,10/19/2024, 19:12:15,844
GEOR20066,Pako Forever,6102,10/19/2024, 20:15:30,844
GEOR20066,Pako Forever,6102,10/19/2024, 21:14:03,844
GEOR20066,Pako Forever,6102,10/19/2024, 22:14:46,844
GEOR20066,Pako Forever,6102,10/19/2024, 23:14:25,844
GEOR20066,Pako Forever,6102,10/20/2024, 01:12:03,844
GEOR20066,Pako Forever,6102,10/20/2024, 02:54:39,844
GEOR20066,Pako Forever,6102,10/20/2024, 03:25:23,844
GEOR20066,Pako Forever,6102,10/20/2024, 04:17:50,844
GEOR20066,Pako Forever,6102,10/20/2024, 05:14:09,844
GEOR20066,Pako Forever,6102,10/20/2024, 06:19:56,844
GEOR20066,Pako Forever,6102,10/20/2024, 07:13:55,844
GEOR20066,Pako Forever,6102,10/20/2024, 08:19:09,844
GEOR20066,Pako Forever,6102,10/20/2024, 09:14:50,844
GEOR20066,Pako Forever,6103,10/20/2024, 10:15:30,844
GEOR20066,Pako Forever,6103,10/20/2024, 11:13:58,844
GEOR20066,Pako Forever,6103,10/20/2024, 12:27:26,844
GEOR20066,Pako Forever,6103,10/20/2024, 13:19:55,844
GEOR20066,Pako Forever,6103,10/20/2024, 14:13:39,844
GEOR20066,Pako Forever,6103,10/20/2024, 15:15:06,844
GEOR20066,Pako Forever,6103,10/20/2024, 16:16:48,844
GEOR20066,Pako Forever,6103,10/20/2024, 17:13:47,844
GEOR20066,Pako Forever,6103,10/20/2024, 18:18:12,844
GEOR20066,Pako Forever,6103,10/20/2024, 19:11:26,844
GEOR20066,Pako Forever,6103,10/20/2024, 20:14:51,844
GEOR20066,Pako Forever,6103,10/20/2024, 21:13:44,844
GEOR20066,Pako Forever,6103,10/20/2024, 22:14:34,844
GEOR20066,Pako Forever,6103,10/20/2024, 23:15:10,844
GEOR20066,Pako Forever,6103,10/21/2024, 01:08:08,844
GEOR20066,Pako Forever,6103,10/21/2024, 02:52:08,844
GEOR20066,Pako Forever,6103,10/21/2024, 03:24:24,844
GEOR20066,Pako Forever,6103,10/21/2024, 04:18:22,844
GEOR20066,Pako Forever,6103,10/21/2024, 05:15:41,844
GEOR20066,Pako Forever,6103,10/21/2024, 06:21:53,844
GEOR20066,Pako Forever,6103,10/21/2024, 07:16:09,844
GEOR20066,Pako Forever,6103,10/21/2024, 08:20:11,844
GEOR20066,Pako Forever,6103,10/21/2024, 09:17:05,844
GEOR20066,Pako Forever,6103,10/21/2024, 10:16:50,844
GEOR20066,Pako Forever,6103,10/21/2024, 11:14:04,844
GEOR20066,Pako Forever,6103,10/21/2024, 12:28:52,844
GEOR20066,Pako Forever,6103,10/21/2024, 13:24:39,844
GEOR20066,Pako Forever,6103,10/21/2024, 14:14:36,844
GEOR20066,Pako Forever,6103,10/21/2024, 15:16:50,844
GEOR20066,Pako Forever,6103,10/21/2024, 16:17:59,844
GEOR20066,Pako Forever,6103,10/21/2024, 17:13:45,844
GEOR20066,Pako Forever,6103,10/21/2024, 18:20:23,844
GEOR20066,Pako Forever,6103,10/21/2024, 19:12:32,844
GEOR20066,Pako Forever,6103,10/21/2024, 20:16:51,844
GEOR20066,Pako Forever,6103,10/21/2024, 21:14:08,844
GEOR20066,Pako Forever,6103,10/21/2024, 22:14:20,844
GEOR20066,Pako Forever,6103,10/21/2024, 23:14:38,844
GEOR20066,Pako Forever,6103,10/22/2024, 01:06:49,844
GEOR20066,Pako Forever,6103,10/22/2024, 02:49:18,844
GEOR20066,Pako Forever,6103,10/22/2024, 03:21:46,844
GEOR20066,Pako Forever,6103,10/22/2024, 04:18:57,844
GEOR20066,Pako Forever,6103,10/22/2024, 05:14:54,844
GEOR20066,Pako Forever,6103,10/22/2024, 06:21:17,844
GEOR20066,Pako Forever,6103,10/22/2024, 07:15:45,844
GEOR20066,Pako Forever,6103,10/22/2024, 08:19:49,844
GEOR20066,Pako Forever,6103,10/22/2024, 09:15:55,844
GEOR20066,Pako Forever,6103,10/22/2024, 10:16:06,844
GEOR20066,Pako Forever,6103,10/22/2024, 11:13:25,844
GEOR20066,Pako Forever,6103,10/22/2024, 12:28:44,844
GEOR20066,Pako Forever,6103,10/22/2024, 13:24:10,844
GEOR20066,Pako Forever,6103,10/22/2024, 14:14:32,844
GEOR20066,Pako Forever,6103,10/22/2024, 15:16:00,844
GEOR20066,Pako Forever,6103,10/22/2024, 16:18:15,844
GEOR20066,Pako Forever,6103,10/22/2024, 17:13:42,844
GEOR20066,Pako Forever,6103,10/22/2024, 18:19:39,844
GEOR20066,Pako Forever,6103,10/22/2024, 19:13:38,844
GEOR20066,Pako Forever,6103,10/22/2024, 20:16:11,844
GEOR20066,Pako Forever,6103,10/22/2024, 21:14:16,844
GEOR20066,Pako Forever,6103,10/22/2024, 22:15:11,844
GEOR20066,Pako Forever,6103,10/22/2024, 23:15:57,844
GEOR20066,Pako Forever,6103,10/23/2024, 01:05:40,844
GEOR20066,Pako Forever,6103,10/23/2024, 02:47:28,844
GEOR20066,Pako Forever,6103,10/23/2024, 03:20:50,844
GEOR20066,Pako Forever,6103,10/23/2024, 04:18:21,844
GEOR20066,Pako Forever,6103,10/23/2024, 05:15:13,844
GEOR20066,Pako Forever,6103,10/23/2024, 06:21:25,844
GEOR20066,Pako Forever,6103,10/23/2024, 07:15:56,844
GEOR20066,Pako Forever,6103,10/23/2024, 08:19:47,844
GEOR20066,Pako Forever,6103,10/23/2024, 09:16:18,844
GEOR20066,Pako Forever,6103,10/23/2024, 10:15:55,844
GEOR20066,Pako Forever,6103,10/23/2024, 11:12:56,844
GEOR20066,Pako Forever,6103,10/23/2024, 12:28:44,844
GEOR20066,Pako Forever,6103,10/23/2024, 13:23:13,844
GEOR20066,Pako Forever,6103,10/23/2024, 14:14:34,844
GEOR20066,Pako Forever,6103,10/23/2024, 15:15:46,844
GEOR20066,Pako Forever,6103,10/23/2024, 16:18:39,844
GEOR20066,Pako Forever,6103,10/23/2024, 17:14:22,844
GEOR20066,Pako Forever,6103,10/23/2024, 18:19:49,844
GEOR20066,Pako Forever,6103,10/23/2024, 19:12:23,844
GEOR20066,Pako Forever,6103,10/23/2024, 20:16:58,844
GEOR20066,Pako Forever,6103,10/23/2024, 21:14:18,844
GEOR20066,Pako Forever,6103,10/23/2024, 22:14:43,844
GEOR20066,Pako Forever,6103,10/23/2024, 23:14:45,844
GEOR20066,Pako Forever,6103,10/24/2024, 01:05:50,844
GEOR20066,Pako Forever,6103,10/24/2024, 02:47:21,844
GEOR20066,Pako Forever,6103,10/24/2024, 03:20:50,844
GEOR20066,Pako Forever,6103,10/24/2024, 04:18:37,844
GEOR20066,Pako Forever,6103,10/24/2024, 05:15:07,844
GEOR20066,Pako Forever,6103,10/24/2024, 06:21:21,844
GEOR20066,Pako Forever,6103,10/24/2024, 07:14:53,844
GEOR20066,Pako Forever,6103,10/24/2024, 08:19:32,844
GEOR20066,Pako Forever,6103,10/24/2024, 09:16:08,844
GEOR20066,Pako Forever,6103,10/24/2024, 10:15:37,844
GEOR20066,Pako Forever,6103,10/24/2024, 11:13:20,844
GEOR20066,Pako Forever,6103,10/24/2024, 12:28:44,844
GEOR20066,Pako Forever,6103,10/24/2024, 13:23:16,844
GEOR20066,Pako Forever,6103,10/24/2024, 14:14:42,844
GEOR20066,Pako Forever,6103,10/24/2024, 15:16:24,844
GEOR20066,Pako Forever,6103,10/24/2024, 16:17:35,844
GEOR20066,Pako Forever,6103,10/24/2024, 17:13:50,844
GEOR20066,Pako Forever,6103,10/24/2024, 18:19:42,844
GEOR20066,Pako Forever,6103,10/24/2024, 19:12:22,844
GEOR20066,Pako Forever,6103,10/24/2024, 20:16:42,844
GEOR20066,Pako Forever,6103,10/24/2024, 21:18:47,844
GEOR20066,Pako Forever,6103,10/24/2024, 22:14:01,844
GEOR20066,Pako Forever,6103,10/24/2024, 23:15:33,844
GEOR20066,Pako Forever,6103,10/25/2024, 01:06:34,844
GEOR20066,Pako Forever,6103,10/25/2024, 02:49:40,844
GEOR20066,Pako Forever,6103,10/25/2024, 03:22:31,844
GEOR20066,Pako Forever,6103,10/25/2024, 04:20:14,844
GEOR20066,Pako Forever,6103,10/25/2024, 05:15:45,844
GEOR20066,Pako Forever,6103,10/25/2024, 06:20:55,844
GEOR20066,Pako Forever,6103,10/25/2024, 07:14:58,844
GEOR20066,Pako Forever,6103,10/25/2024, 08:19:58,844
GEOR20066,Pako Forever,6103,10/25/2024, 09:16:33,844
GEOR20066,Pako Forever,6103,10/25/2024, 10:16:16,844
GEOR20066,Pako Forever,6103,10/25/2024, 11:13:04,844
GEOR20066,Pako Forever,6103,10/25/2024, 12:28:24,844
GEOR20066,Pako Forever,6103,10/25/2024, 13:22:54,844
GEOR20066,Pako Forever,6103,10/25/2024, 14:14:39,844
GEOR20066,Pako Forever,6103,10/25/2024, 15:15:30,844
GEOR20066,Pako Forever,6103,10/25/2024, 16:18:33,844
GEOR20066,Pako Forever,6103,10/25/2024, 17:14:32,844
GEOR20066,Pako Forever,6103,10/25/2024, 18:19:59,844
GEOR20066,Pako Forever,6103,10/25/2024, 19:12:28,844
GEOR20066,Pako Forever,6103,10/25/2024, 20:16:27,844
GEOR20066,Pako Forever,6103,10/25/2024, 21:14:26,844
GEOR20066,Pako Forever,6103,10/25/2024, 22:14:04,844
GEOR20066,Pako Forever,6103,10/25/2024, 23:15:22,844
GEOR20066,Pako Forever,6103,10/26/2024, 01:04:26,844
GEOR20066,Pako Forever,6103,10/26/2024, 02:43:58,844
GEOR20066,Pako Forever,6103,10/26/2024, 03:18:33,844
GEOR20066,Pako Forever,6103,10/26/2024, 04:18:06,844
GEOR20066,Pako Forever,6103,10/26/2024, 05:14:15,844
GEOR20066,Pako Forever,6103,10/26/2024, 06:19:24,844
GEOR20066,Pako Forever,6103,10/26/2024, 07:13:37,844
GEOR20066,Pako Forever,6103,10/26/2024, 08:17:57,844
GEOR20066,Pako Forever,6103,10/26/2024, 09:14:49,844
GEOR20066,Pako Forever,6103,10/26/2024, 10:16:16,844
GEOR20066,Pako Forever,6103,10/26/2024, 11:12:36,844
GEOR20066,Pako Forever,6103,10/26/2024, 12:26:05,844
GEOR20066,Pako Forever,6103,10/26/2024, 13:19:12,844
GEOR20066,Pako Forever,6103,10/26/2024, 14:12:41,844
GEOR20066,Pako Forever,6103,10/26/2024, 15:14:14,844
GEOR20066,Pako Forever,6103,10/26/2024, 16:16:49,844
GEOR20066,Pako Forever,6103,10/26/2024, 17:13:16,844
GEOR20066,Pako Forever,6103,10/26/2024, 18:18:29,844
GEOR20066,Pako Forever,6103,10/26/2024, 19:11:26,844
GEOR20066,Pako Forever,6103,10/26/2024, 20:14:35,844
GEOR20066,Pako Forever,6103,10/26/2024, 21:13:14,844
GEOR20066,Pako Forever,6103,10/26/2024, 22:13:29,844
GEOR20066,Pako Forever,6103,10/26/2024, 23:14:11,844
GEOR20066,Pako Forever,6103,10/27/2024, 01:11:19,844
GEOR20066,Pako Forever,6103,10/27/2024, 02:53:50,844
GEOR20066,Pako Forever,6103,10/27/2024, 03:24:14,844
GEOR20066,Pako Forever,6103,10/27/2024, 04:17:43,844
GEOR20066,Pako Forever,6103,10/27/2024, 05:15:11,844
GEOR20066,Pako Forever,6103,10/27/2024, 06:19:46,844
GEOR20066,Pako Forever,6103,10/27/2024, 07:14:26,844
GEOR20066,Pako Forever,6103,10/27/2024, 08:19:36,844
GEOR20066,Pako Forever,6103,10/27/2024, 09:14:46,844
GEOR20066,Pako Forever,6103,10/27/2024, 10:14:40,844
GEOR20066,Pako Forever,6103,10/27/2024, 11:11:41,844
GEOR20066,Pako Forever,6103,10/27/2024, 12:26:04,844
GEOR20066,Pako Forever,6103,10/27/2024, 13:19:33,844
GEOR20066,Pako Forever,6103,10/27/2024, 14:14:06,844
GEOR20066,Pako Forever,6103,10/27/2024, 15:14:25,844
GEOR20066,Pako Forever,6103,10/27/2024, 16:17:06,844
GEOR20066,Pako Forever,6103,10/27/2024, 17:13:49,844
GEOR20066,Pako Forever,6103,10/27/2024, 18:18:36,844
GEOR20066,Pako Forever,6103,10/27/2024, 19:12:26,844
GEOR20066,Pako Forever,6103,10/27/2024, 20:15:39,844
GEOR20066,Pako Forever,6103,10/27/2024, 21:13:16,844
GEOR20066,Pako Forever,6103,10/27/2024, 22:14:31,844
GEOR20066,Pako Forever,6103,10/27/2024, 23:15:15,844
GEOR20066,Pako Forever,6103,10/28/2024, 01:09:24,844
GEOR20066,Pako Forever,6103,10/28/2024, 02:53:57,844
GEOR20066,Pako Forever,6103,10/28/2024, 03:25:48,844
GEOR20066,Pako Forever,6103,10/28/2024, 04:19:03,844
GEOR20066,Pako Forever,6103,10/28/2024, 05:16:01,844
GEOR20066,Pako Forever,6103,10/28/2024, 06:22:06,844
GEOR20066,Pako Forever,6103,10/28/2024, 07:15:26,844
GEOR20066,Pako Forever,6103,10/28/2024, 08:20:36,844
GEOR20066,Pako Forever,6103,10/28/2024, 09:17:11,844
GEOR20066,Pako Forever,6103,10/28/2024, 10:17:10,844
GEOR20066,Pako Forever,6103,10/28/2024, 11:14:11,844
GEOR20066,Pako Forever,6103,10/28/2024, 12:29:40,844
GEOR20066,Pako Forever,6103,10/28/2024, 13:24:36,844
GEOR20066,Pako Forever,6103,10/28/2024, 14:14:52,844
GEOR20066,Pako Forever,6103,10/28/2024, 15:17:00,844
GEOR20066,Pako Forever,6103,10/28/2024, 16:18:46,844
GEOR20066,Pako Forever,6103,10/28/2024, 17:14:03,844
GEOR20066,Pako Forever,6103,10/28/2024, 18:20:27,844
GEOR20066,Pako Forever,6103,10/28/2024, 19:12:54,844
GEOR20066,Pako Forever,6103,10/28/2024, 20:16:56,844
GEOR20066,Pako Forever,6103,10/28/2024, 21:14:19,844
GEOR20066,Pako Forever,6103,10/28/2024, 22:14:31,844
GEOR20066,Pako Forever,6103,10/28/2024, 23:14:28,844
GEOR20066,Pako Forever,6103,10/29/2024, 01:08:00,844
GEOR20066,Pako Forever,6103,10/29/2024, 02:50:54,844
GEOR20066,Pako Forever,6103,10/29/2024, 03:22:53,844
GEOR20066,Pako Forever,6103,10/29/2024, 04:18:45,844
GEOR20066,Pako Forever,6103,10/29/2024, 05:15:31,844
GEOR20066,Pako Forever,6103,10/29/2024, 06:21:26,844
GEOR20066,Pako Forever,6103,10/29/2024, 07:15:54,844
GEOR20066,Pako Forever,6103,10/29/2024, 08:19:39,844
GEOR20066,Pako Forever,6103,10/29/2024, 09:16:48,844
GEOR20066,Pako Forever,6103,10/29/2024, 10:16:52,844
GEOR20066,Pako Forever,6103,10/29/2024, 11:13:32,844
GEOR20066,Pako Forever,6103,10/29/2024, 12:29:19,844
GEOR20066,Pako Forever,6103,10/29/2024, 13:24:01,844
GEOR20066,Pako Forever,6103,10/29/2024, 14:14:37,844
GEOR20066,Pako Forever,6103,10/29/2024, 15:16:17,844
GEOR20066,Pako Forever,6103,10/29/2024, 16:18:58,844
GEOR20066,Pako Forever,6103,10/29/2024, 17:14:11,844
GEOR20066,Pako Forever,6103,10/29/2024, 18:20:31,844
GEOR20066,Pako Forever,6103,10/29/2024, 19:13:27,844
GEOR20066,Pako Forever,6103,10/29/2024, 20:16:34,844
GEOR20066,Pako Forever,6103,10/29/2024, 21:14:25,844
GEOR20066,Pako Forever,6103,10/29/2024, 22:14:29,844
GEOR20066,Pako Forever,6103,10/29/2024, 23:14:45,844
GEOR20066,Pako Forever,6103,10/30/2024, 01:06:52,844
GEOR20066,Pako Forever,6103,10/30/2024, 02:49:50,844
GEOR20066,Pako Forever,6103,10/30/2024, 03:22:32,844
GEOR20066,Pako Forever,6103,10/30/2024, 04:18:53,844
GEOR20066,Pako Forever,6103,10/30/2024, 05:15:46,844
GEOR20066,Pako Forever,6103,10/30/2024, 07:14:47,844
GEOR20066,Pako Forever,6103,10/30/2024, 08:21:29,844
GEOR20066,Pako Forever,6103,10/30/2024, 09:16:28,844
GEOR20066,Pako Forever,6103,10/30/2024, 10:16:53,844
GEOR20066,Pako Forever,6103,10/30/2024, 11:13:15,844
GEOR20066,Pako Forever,6103,10/30/2024, 12:29:24,844
GEOR20066,Pako Forever,6104,10/30/2024, 13:23:35,844
GEOR20066,Pako Forever,6104,10/30/2024, 14:14:31,844
GEOR20066,Pako Forever,6104,10/30/2024, 15:15:59,844
GEOR20066,Pako Forever,6104,10/30/2024, 16:18:36,844
GEOR20066,Pako Forever,6104,10/30/2024, 17:14:24,844
GEOR20066,Pako Forever,6104,10/30/2024, 18:20:47,844
GEOR20066,Pako Forever,6104,10/30/2024, 19:13:42,844
GEOR20066,Pako Forever,6104,10/30/2024, 20:16:15,844
GEOR20066,Pako Forever,6104,10/30/2024, 21:14:32,844
GEOR20066,Pako Forever,6104,10/30/2024, 22:14:19,844
GEOR20066,Pako Forever,6104,10/30/2024, 23:14:54,844
GEOR20066,Pako Forever,6104,10/31/2024, 01:07:27,844
GEOR20066,Pako Forever,6104,10/31/2024, 02:51:26,844
GEOR20066,Pako Forever,6104,10/31/2024, 03:23:04,844
GEOR20066,Pako Forever,6104,10/31/2024, 04:19:16,844
GEOR20066,Pako Forever,6104,10/31/2024, 05:15:58,844
GEOR20066,Pako Forever,6104,10/31/2024, 06:20:37,844
GEOR20066,Pako Forever,6104,10/31/2024, 07:14:57,844
GEOR20066,Pako Forever,6104,10/31/2024, 08:17:53,844
GEOR20066,Pako Forever,6104,10/31/2024, 09:15:56,844
GEOR20066,Pako Forever,6104,10/31/2024, 10:16:24,844
GEOR20066,Pako Forever,6104,10/31/2024, 11:13:04,844
GEOR20066,Pako Forever,6104,10/31/2024, 12:28:27,844
GEOR20066,Pako Forever,6104,10/31/2024, 13:22:55,844
GEOR20066,Pako Forever,6104,10/31/2024, 14:14:57,844
GEOR20066,Pako Forever,6104,10/31/2024, 15:16:26,844
GEOR20066,Pako Forever,6104,10/31/2024, 16:18:45,844
GEOR20066,Pako Forever,6104,10/31/2024, 17:14:47,844
GEOR20066,Pako Forever,6104,10/31/2024, 18:20:07,844
GEOR20066,Pako Forever,6104,10/31/2024, 19:11:39,844
GEOR20066,Pako Forever,6104,10/31/2024, 20:15:37,844
GEOR20066,Pako Forever,6104,10/31/2024, 21:15:17,844
GEOR20066,Pako Forever,6104,10/31/2024, 22:14:25,844
GEOR20066,Pako Forever,6104,10/31/2024, 23:16:40,844
GEOR20066,Pako Forever,6104,11/01/2024, 01:12:10,844
GEOR20066,Pako Forever,6104,11/01/2024, 02:58:15,844
GEOR20066,Pako Forever,6104,11/01/2024, 03:31:53,844
GEOR20066,Pako Forever,6104,11/01/2024, 04:18:22,844
GEOR20066,Pako Forever,6104,11/01/2024, 05:15:29,844
GEOR20066,Pako Forever,6104,11/01/2024, 06:22:10,844
GEOR20066,Pako Forever,6104,11/01/2024, 07:15:04,844
GEOR20066,Pako Forever,6104,11/01/2024, 08:18:56,844
GEOR20066,Pako Forever,6104,11/01/2024, 09:15:49,844
GEOR20066,Pako Forever,6104,11/01/2024, 10:16:48,844
GEOR20066,Pako Forever,6104,11/01/2024, 11:13:19,844
GEOR20066,Pako Forever,6104,11/01/2024, 12:27:43,844
GEOR20066,Pako Forever,6104,11/01/2024, 13:22:09,844
GEOR20066,Pako Forever,6104,11/01/2024, 14:14:18,844
GEOR20066,Pako Forever,6104,11/01/2024, 15:15:52,844
GEOR20066,Pako Forever,6104,11/01/2024, 16:18:19,844
GEOR20066,Pako Forever,6104,11/01/2024, 17:14:24,844
GEOR20066,Pako Forever,6104,11/01/2024, 18:20:08,844
GEOR20066,Pako Forever,6104,11/01/2024, 19:12:55,844
GEOR20066,Pako Forever,6104,11/01/2024, 20:16:46,844
GEOR20066,Pako Forever,6104,11/01/2024, 21:14:08,844
GEOR20066,Pako Forever,6104,11/01/2024, 22:14:17,844
GEOR20066,Pako Forever,6104,11/01/2024, 23:14:39,844
GEOR20066,Pako Forever,6104,11/02/2024, 01:05:18,844
GEOR20066,Pako Forever,6104,11/02/2024, 02:44:43,844
GEOR20066,Pako Forever,6104,11/02/2024, 03:19:19,844
GEOR20066,Pako Forever,6104,11/02/2024, 04:18:45,844
GEOR20066,Pako Forever,6104,11/02/2024, 05:14:46,844
GEOR20066,Pako Forever,6104,11/02/2024, 06:20:41,844
GEOR20066,Pako Forever,6104,11/02/2024, 07:14:44,844
GEOR20066,Pako Forever,6104,11/02/2024, 08:18:06,844
GEOR20066,Pako Forever,6104,11/02/2024, 09:14:41,844
GEOR20066,Pako Forever,6104,11/02/2024, 10:15:02,844
GEOR20066,Pako Forever,6104,11/02/2024, 11:12:21,844
GEOR20066,Pako Forever,6104,11/02/2024, 12:26:29,844
GEOR20066,Pako Forever,6104,11/02/2024, 13:19:22,844
GEOR20066,Pako Forever,6104,11/02/2024, 14:12:51,844
GEOR20066,Pako Forever,6104,11/02/2024, 15:15:48,844
GEOR20066,Pako Forever,6104,11/02/2024, 16:16:35,844
GEOR20066,Pako Forever,6104,11/02/2024, 17:12:42,844
GEOR20066,Pako Forever,6104,11/02/2024, 18:18:27,844
GEOR20066,Pako Forever,6104,11/02/2024, 19:13:19,844
GEOR20066,Pako Forever,6104,11/02/2024, 20:15:46,844
GEOR20066,Pako Forever,6104,11/02/2024, 21:13:57,844
GEOR20066,Pako Forever,6104,11/02/2024, 22:14:24,844
GEOR20066,Pako Forever,6104,11/02/2024, 23:16:18,844
GEOR20066,Pako Forever,6104,11/03/2024, 01:11:26,844
GEOR20066,Pako Forever,6104,11/03/2024, 02:53:48,844
GEOR20066,Pako Forever,6104,11/03/2024, 03:25:01,844
GEOR20066,Pako Forever,6104,11/03/2024, 04:17:42,844
GEOR20066,Pako Forever,6104,11/03/2024, 05:14:23,844
GEOR20066,Pako Forever,6104,11/03/2024, 06:21:31,844
GEOR20066,Pako Forever,6104,11/03/2024, 07:13:32,844
GEOR20066,Pako Forever,6104,11/03/2024, 08:17:27,844
GEOR20066,Pako Forever,6104,11/03/2024, 09:14:49,844
GEOR20066,Pako Forever,6104,11/03/2024, 10:16:51,844
GEOR20066,Pako Forever,6104,11/03/2024, 11:12:42,844
GEOR20066,Pako Forever,6104,11/03/2024, 12:25:41,844
GEOR20066,Pako Forever,6104,11/03/2024, 13:19:31,844
GEOR20066,Pako Forever,6104,11/03/2024, 14:14:22,844
GEOR20066,Pako Forever,6104,11/03/2024, 15:14:31,844
GEOR20066,Pako Forever,6104,11/03/2024, 16:16:58,844
GEOR20066,Pako Forever,6104,11/03/2024, 17:12:52,844
GEOR20066,Pako Forever,6104,11/03/2024, 18:19:26,844
GEOR20066,Pako Forever,6104,11/03/2024, 19:12:36,844
GEOR20066,Pako Forever,6104,11/03/2024, 20:15:57,844
GEOR20066,Pako Forever,6104,11/03/2024, 21:14:36,844
GEOR20066,Pako Forever,6104,11/03/2024, 22:15:34,844
GEOR20066,Pako Forever,6104,11/03/2024, 23:15:40,844
GEOR20066,Pako Forever,6104,11/04/2024, 01:08:05,844
GEOR20066,Pako Forever,6104,11/04/2024, 02:53:05,844
GEOR20066,Pako Forever,6104,11/04/2024, 03:25:03,844
GEOR20066,Pako Forever,6104,11/04/2024, 04:18:15,844
GEOR20066,Pako Forever,6104,11/04/2024, 05:16:06,844
GEOR20066,Pako Forever,6104,11/04/2024, 06:22:07,844
GEOR20066,Pako Forever,6104,11/04/2024, 07:15:27,844
GEOR20066,Pako Forever,6104,11/04/2024, 08:20:06,844
GEOR20066,Pako Forever,6104,11/04/2024, 09:17:51,844
GEOR20066,Pako Forever,6104,11/04/2024, 10:16:59,844
GEOR20066,Pako Forever,6104,11/04/2024, 11:14:46,844
GEOR20066,Pako Forever,6104,11/04/2024, 12:29:39,844
GEOR20066,Pako Forever,6104,11/04/2024, 13:24:35,844
GEOR20066,Pako Forever,6104,11/04/2024, 14:14:59,844
GEOR20066,Pako Forever,6104,11/04/2024, 15:16:42,844
GEOR20066,Pako Forever,6104,11/04/2024, 16:18:46,844
GEOR20066,Pako Forever,6104,11/04/2024, 17:13:35,844
GEOR20066,Pako Forever,6104,11/04/2024, 18:19:20,844
GEOR20066,Pako Forever,6104,11/04/2024, 19:13:38,844
GEOR20066,Pako Forever,6104,11/04/2024, 20:16:08,844
GEOR20066,Pako Forever,6104,11/04/2024, 21:13:55,844
GEOR20066,Pako Forever,6104,11/04/2024, 22:13:54,844
GEOR20066,Pako Forever,6104,11/04/2024, 23:15:56,844
GEOR20066,Pako Forever,6104,11/05/2024, 01:05:05,844
GEOR20066,Pako Forever,6104,11/05/2024, 02:44:18,844
GEOR20066,Pako Forever,6104,11/05/2024, 03:18:42,844
GEOR20066,Pako Forever,6104,11/05/2024, 04:18:18,844
GEOR20066,Pako Forever,6104,11/05/2024, 05:15:25,844
GEOR20066,Pako Forever,6104,11/05/2024, 06:20:55,844
GEOR20066,Pako Forever,6104,11/05/2024, 07:14:15,844
GEOR20066,Pako Forever,6104,11/05/2024, 08:19:28,844
GEOR20066,Pako Forever,6104,11/05/2024, 09:16:07,844
GEOR20066,Pako Forever,6104,11/05/2024, 10:17:21,844
GEOR20066,Pako Forever,6104,11/05/2024, 11:12:57,844
GEOR20066,Pako Forever,6104,11/05/2024, 12:26:13,844
GEOR20066,Pako Forever,6104,11/05/2024, 13:21:34,844
GEOR20066,Pako Forever,6104,11/05/2024, 14:14:22,844
GEOR20066,Pako Forever,6104,11/05/2024, 15:15:49,844
GEOR20066,Pako Forever,6104,11/05/2024, 16:18:46,844
GEOR20066,Pako Forever,6104,11/05/2024, 17:15:10,844
GEOR20066,Pako Forever,6104,11/05/2024, 18:19:28,844
GEOR20066,Pako Forever,6105,11/05/2024, 19:12:01,844
GEOR20066,Pako Forever,6105,11/05/2024, 20:16:28,844
GEOR20066,Pako Forever,6105,11/05/2024, 21:14:17,844
GEOR20066,Pako Forever,6105,11/05/2024, 22:14:29,844
GEOR20066,Pako Forever,6105,11/05/2024, 23:14:54,844
GEOR20066,Pako Forever,6105,11/06/2024, 01:05:00,844
GEOR20066,Pako Forever,6105,11/06/2024, 02:43:38,844
GEOR20066,Pako Forever,6105,11/06/2024, 03:18:07,844
GEOR20066,Pako Forever,6105,11/06/2024, 04:18:50,844
GEOR20066,Pako Forever,6105,11/06/2024, 05:15:11,844
GEOR20066,Pako Forever,6105,11/06/2024, 06:20:34,844
GEOR20066,Pako Forever,6105,11/06/2024, 07:14:50,844
GEOR20066,Pako Forever,6105,11/06/2024, 08:19:44,844
GEOR20066,Pako Forever,6105,11/06/2024, 09:16:40,844
GEOR20066,Pako Forever,6105,11/06/2024, 10:16:21,844
GEOR20066,Pako Forever,6105,11/06/2024, 11:13:46,844
GEOR20066,Pako Forever,6105,11/06/2024, 12:28:07,844
GEOR20066,Pako Forever,6105,11/06/2024, 13:21:56,844
GEOR20066,Pako Forever,6105,11/06/2024, 14:14:22,844
GEOR20066,Pako Forever,6105,11/06/2024, 15:15:51,844
GEOR20066,Pako Forever,6105,11/06/2024, 16:19:37,844
GEOR20066,Pako Forever,6105,11/06/2024, 17:12:54,844
GEOR20066,Pako Forever,6105,11/06/2024, 18:19:54,844
GEOR20066,Pako Forever,6105,11/06/2024, 19:13:04,844
GEOR20066,Pako Forever,6105,11/06/2024, 20:16:45,844
GEOR20066,Pako Forever,6105,11/06/2024, 21:15:17,844
GEOR20066,Pako Forever,6105,11/06/2024, 22:15:22,844
GEOR20066,Pako Forever,6105,11/06/2024, 23:14:18,844
GEOR20066,Pako Forever,6105,11/07/2024, 01:05:33,844
GEOR20066,Pako Forever,6105,11/07/2024, 02:44:37,844
GEOR20066,Pako Forever,6105,11/07/2024, 03:21:15,844
GEOR20066,Pako Forever,6105,11/07/2024, 04:17:55,844
GEOR20066,Pako Forever,6105,11/07/2024, 05:14:33,844
GEOR20066,Pako Forever,6105,11/07/2024, 06:20:17,844
GEOR20066,Pako Forever,6105,11/07/2024, 07:14:09,844
GEOR20066,Pako Forever,6105,11/07/2024, 08:19:21,844
GEOR20066,Pako Forever,6105,11/07/2024, 09:15:40,844
GEOR20066,Pako Forever,6105,11/07/2024, 10:15:30,844
GEOR20066,Pako Forever,6105,11/07/2024, 11:13:02,844
GEOR20066,Pako Forever,6105,11/07/2024, 12:27:19,844
GEOR20066,Pako Forever,6105,11/07/2024, 13:21:00,844
GEOR20066,Pako Forever,6105,11/07/2024, 14:13:55,844
GEOR20066,Pako Forever,6105,11/07/2024, 15:15:05,844
GEOR20066,Pako Forever,6105,11/07/2024, 16:18:30,844
GEOR20066,Pako Forever,6105,11/07/2024, 17:13:15,844
GEOR20066,Pako Forever,6105,11/07/2024, 18:19:32,844
GEOR20066,Pako Forever,6105,11/07/2024, 19:11:50,844
GEOR20066,Pako Forever,6105,11/07/2024, 20:15:41,844
GEOR20066,Pako Forever,6105,11/07/2024, 21:13:53,844
GEOR20066,Pako Forever,6105,11/07/2024, 22:14:11,844
GEOR20066,Pako Forever,6105,11/07/2024, 23:14:30,844
GEOR20066,Pako Forever,6105,11/08/2024, 01:05:07,844
GEOR20066,Pako Forever,6105,11/08/2024, 02:45:12,844
GEOR20066,Pako Forever,6105,11/08/2024, 03:18:47,844
GEOR20066,Pako Forever,6105,11/08/2024, 04:17:40,844
GEOR20066,Pako Forever,6105,11/08/2024, 05:15:23,844
GEOR20066,Pako Forever,6105,11/08/2024, 06:20:21,844
GEOR20066,Pako Forever,6105,11/08/2024, 07:13:53,844
GEOR20066,Pako Forever,6105,11/08/2024, 08:19:11,844
GEOR20066,Pako Forever,6105,11/08/2024, 09:15:35,844
GEOR20066,Pako Forever,6105,11/08/2024, 10:15:33,844
GEOR20066,Pako Forever,6105,11/08/2024, 11:12:32,844
GEOR20066,Pako Forever,6105,11/08/2024, 12:28:13,844
GEOR20066,Pako Forever,6105,11/08/2024, 13:21:16,844
GEOR20066,Pako Forever,6105,11/08/2024, 14:14:02,844
GEOR20066,Pako Forever,6105,11/08/2024, 15:15:54,844
GEOR20066,Pako Forever,6105,11/08/2024, 16:18:09,844
GEOR20066,Pako Forever,6105,11/08/2024, 17:13:34,844
GEOR20066,Pako Forever,6105,11/08/2024, 18:19:07,844
GEOR20066,Pako Forever,6105,11/08/2024, 19:12:04,844
GEOR20066,Pako Forever,6105,11/08/2024, 20:15:48,844
GEOR20066,Pako Forever,6105,11/08/2024, 21:13:53,844
GEOR20066,Pako Forever,6105,11/08/2024, 22:14:25,844
GEOR20066,Pako Forever,6105,11/08/2024, 23:14:47,844
GEOR20066,Pako Forever,6105,11/09/2024, 01:03:21,844
GEOR20066,Pako Forever,6105,11/09/2024, 02:40:23,844
GEOR20066,Pako Forever,6105,11/09/2024, 03:18:11,844
GEOR20066,Pako Forever,6105,11/09/2024, 04:16:57,844
GEOR20066,Pako Forever,6105,11/09/2024, 05:13:50,844
GEOR20066,Pako Forever,6105,11/09/2024, 06:18:42,844
GEOR20066,Pako Forever,6105,11/09/2024, 07:13:06,844
GEOR20066,Pako Forever,6105,11/09/2024, 08:17:52,844
GEOR20066,Pako Forever,6105,11/09/2024, 09:13:51,844
GEOR20066,Pako Forever,6105,11/09/2024, 10:14:13,844
GEOR20066,Pako Forever,6105,11/09/2024, 11:11:49,844
GEOR20066,Pako Forever,6105,11/09/2024, 12:24:44,844
GEOR20066,Pako Forever,6105,11/09/2024, 13:17:21,844
GEOR20066,Pako Forever,6105,11/09/2024, 14:13:38,844
GEOR20066,Pako Forever,6105,11/09/2024, 15:14:45,844
GEOR20066,Pako Forever,6105,11/09/2024, 16:16:04,844
GEOR20066,Pako Forever,6105,11/09/2024, 17:12:10,844
GEOR20066,Pako Forever,6105,11/09/2024, 18:17:50,844
GEOR20066,Pako Forever,6105,11/09/2024, 19:11:31,844
GEOR20066,Pako Forever,6105,11/09/2024, 20:14:38,844
GEOR20066,Pako Forever,6105,11/09/2024, 21:13:48,844
GEOR20066,Pako Forever,6105,11/09/2024, 22:12:49,844
GEOR20066,Pako Forever,6105,11/09/2024, 23:14:09,844
GEOR20066,Pako Forever,6105,11/10/2024, 01:09:51,844
GEOR20066,Pako Forever,6105,11/10/2024, 02:48:20,844
GEOR20066,Pako Forever,6105,11/10/2024, 03:19:51,844
GEOR20066,Pako Forever,6105,11/10/2024, 04:17:32,844
GEOR20066,Pako Forever,6105,11/10/2024, 05:14:06,844
GEOR20066,Pako Forever,6105,11/10/2024, 06:18:49,844
GEOR20066,Pako Forever,6105,11/10/2024, 07:13:24,844
GEOR20066,Pako Forever,6105,11/10/2024, 08:16:49,844
GEOR20066,Pako Forever,6105,11/10/2024, 09:14:00,844
GEOR20066,Pako Forever,6105,11/10/2024, 10:14:08,844
GEOR20066,Pako Forever,6105,11/10/2024, 11:11:38,844
GEOR20066,Pako Forever,6105,11/10/2024, 12:25:13,844
GEOR20066,Pako Forever,6105,11/10/2024, 13:17:26,844
GEOR20066,Pako Forever,6105,11/10/2024, 14:12:32,844
GEOR20066,Pako Forever,6105,11/10/2024, 15:14:23,844
GEOR20066,Pako Forever,6105,11/10/2024, 16:16:13,844
GEOR20066,Pako Forever,6105,11/10/2024, 17:12:30,844
GEOR20066,Pako Forever,6105,11/10/2024, 18:17:40,844
GEOR20066,Pako Forever,6105,11/10/2024, 19:13:03,844
GEOR20066,Pako Forever,6105,11/10/2024, 20:15:05,844
GEOR20066,Pako Forever,6105,11/10/2024, 21:12:55,844
GEOR20066,Pako Forever,6105,11/10/2024, 22:13:26,844
GEOR20066,Pako Forever,6105,11/10/2024, 23:14:58,844
GEOR20066,Pako Forever,6105,11/11/2024, 01:06:58,844
GEOR20066,Pako Forever,6105,11/11/2024, 02:47:08,844
GEOR20066,Pako Forever,6105,11/11/2024, 03:20:05,844
GEOR20066,Pako Forever,6105,11/11/2024, 04:18:04,844
GEOR20066,Pako Forever,6105,11/11/2024, 05:16:08,844
GEOR20066,Pako Forever,6105,11/11/2024, 06:21:06,844
GEOR20066,Pako Forever,6105,11/11/2024, 07:15:29,844
GEOR20066,Pako Forever,6105,11/11/2024, 08:20:00,844
GEOR20066,Pako Forever,6105,11/11/2024, 09:17:01,844
GEOR20066,Pako Forever,6105,11/11/2024, 10:16:11,844
GEOR20066,Pako Forever,6105,11/11/2024, 11:12:23,844
GEOR20066,Pako Forever,6105,11/11/2024, 12:28:44,844
GEOR20066,Pako Forever,6105,11/11/2024, 13:22:02,844
GEOR20066,Pako Forever,6105,11/11/2024, 14:15:28,844
GEOR20066,Pako Forever,6105,11/11/2024, 15:15:25,844
GEOR20066,Pako Forever,6105,11/11/2024, 16:19:06,844
GEOR20066,Pako Forever,6105,11/11/2024, 17:13:18,844
GEOR20066,Pako Forever,6105,11/11/2024, 18:18:58,844
GEOR20066,Pako Forever,6105,11/11/2024, 19:11:46,844
GEOR20066,Pako Forever,6105,11/11/2024, 20:15:57,844
GEOR20066,Pako Forever,6105,11/11/2024, 21:13:43,844
GEOR20066,Pako Forever,6105,11/11/2024, 22:14:09,844
GEOR20066,Pako Forever,6105,11/11/2024, 23:13:45,844
GEOR20066,Pako Forever,6105,11/12/2024, 01:04:48,844
GEOR20066,Pako Forever,6105,11/12/2024, 02:42:46,844
GEOR20066,Pako Forever,6105,11/12/2024, 03:17:21,844
GEOR20066,Pako Forever,6105,11/12/2024, 04:17:44,844
GEOR20066,Pako Forever,6105,11/12/2024, 05:14:47,844
GEOR20066,Pako Forever,6105,11/12/2024, 06:20:27,844
GEOR20066,Pako Forever,6105,11/12/2024, 07:14:15,844
GEOR20066,Pako Forever,6105,11/12/2024, 08:19:31,844
GEOR20066,Pako Forever,6105,11/12/2024, 09:15:37,844
GEOR20066,Pako Forever,6105,11/12/2024, 10:15:50,844
GEOR20066,Pako Forever,6105,11/12/2024, 11:12:43,844
GEOR20066,Pako Forever,6105,11/12/2024, 12:28:42,844
GEOR20066,Pako Forever,6105,11/12/2024, 13:22:17,844
GEOR20066,Pako Forever,6105,11/12/2024, 14:14:36,844
GEOR20066,Pako Forever,6105,11/12/2024, 15:16:09,844
GEOR20066,Pako Forever,6105,11/12/2024, 16:18:59,844
GEOR20066,Pako Forever,6105,11/12/2024, 17:13:50,844
GEOR20066,Pako Forever,6105,11/12/2024, 18:19:41,844
GEOR20066,Pako Forever,6105,11/12/2024, 19:12:18,844
GEOR20066,Pako Forever,6105,11/12/2024, 20:16:22,844
GEOR20066,Pako Forever,6105,11/12/2024, 21:13:55,844
GEOR20066,Pako Forever,6105,11/12/2024, 22:14:23,844
GEOR20066,Pako Forever,6105,11/12/2024, 23:14:20,844
GEOR20066,Pako Forever,6105,11/13/2024, 01:05:49,844
GEOR20066,Pako Forever,6105,11/13/2024, 02:45:34,844
GEOR20066,Pako Forever,6105,11/13/2024, 03:19:40,844
GEOR20066,Pako Forever,6105,11/13/2024, 04:18:00,844
GEOR20066,Pako Forever,6105,11/13/2024, 05:15:11,844
GEOR20066,Pako Forever,6105,11/13/2024, 06:20:30,844
GEOR20066,Pako Forever,6105,11/13/2024, 07:14:15,844
GEOR20066,Pako Forever,6105,11/13/2024, 08:19:39,844
GEOR20066,Pako Forever,6105,11/13/2024, 09:15:44,844
GEOR20066,Pako Forever,6105,11/13/2024, 10:16:01,844
GEOR20066,Pako Forever,6105,11/13/2024, 11:13:03,844
GEOR20066,Pako Forever,6105,11/13/2024, 12:28:20,844
GEOR20066,Pako Forever,6105,11/13/2024, 13:22:05,844
GEOR20066,Pako Forever,6105,11/13/2024, 14:15:24,844
GEOR20066,Pako Forever,6105,11/13/2024, 15:15:23,844
GEOR20066,Pako Forever,6105,11/13/2024, 16:18:39,844
GEOR20066,Pako Forever,6105,11/13/2024, 17:13:35,844
GEOR20066,Pako Forever,6105,11/13/2024, 18:20:12,844
GEOR20066,Pako Forever,6105,11/13/2024, 19:12:13,844
GEOR20066,Pako Forever,6105,11/13/2024, 20:16:03,844
GEOR20066,Pako Forever,6105,11/13/2024, 21:14:39,844
GEOR20066,Pako Forever,6105,11/13/2024, 22:14:20,844
GEOR20066,Pako Forever,6105,11/13/2024, 23:14:19,844
GEOR20066,Pako Forever,6105,11/14/2024, 01:05:43,844
GEOR20066,Pako Forever,6105,11/14/2024, 02:46:20,844
GEOR20066,Pako Forever,6105,11/14/2024, 03:20:01,844
GEOR20066,Pako Forever,6105,11/14/2024, 04:18:35,844
GEOR20066,Pako Forever,6105,11/14/2024, 05:14:55,844
GEOR20066,Pako Forever,6105,11/14/2024, 06:21:48,844
GEOR20066,Pako Forever,6105,11/14/2024, 07:14:57,844
GEOR20066,Pako Forever,6105,11/14/2024, 08:19:38,844
GEOR20066,Pako Forever,6105,11/14/2024, 09:16:23,844
GEOR20066,Pako Forever,6105,11/14/2024, 10:16:43,844
GEOR20066,Pako Forever,6105,11/14/2024, 11:12:57,844
GEOR20066,Pako Forever,6105,11/14/2024, 12:29:34,844
GEOR20066,Pako Forever,6105,11/14/2024, 13:23:45,844
GEOR20066,Pako Forever,6105,11/14/2024, 14:14:36,844
GEOR20066,Pako Forever,6105,11/14/2024, 15:16:17,844
GEOR20066,Pako Forever,6105,11/14/2024, 16:19:34,844
GEOR20066,Pako Forever,6105,11/14/2024, 17:14:33,844
GEOR20066,Pako Forever,6105,11/14/2024, 18:20:26,844
GEOR20066,Pako Forever,6105,11/14/2024, 19:12:36,844
GEOR20066,Pako Forever,6105,11/14/2024, 20:16:55,844
GEOR20066,Pako Forever,6105,11/14/2024, 21:14:20,844
GEOR20066,Pako Forever,6105,11/14/2024, 22:14:55,844
GEOR20066,Pako Forever,6105,11/14/2024, 23:15:33,844
GEOR20066,Pako Forever,6105,11/15/2024, 01:10:04,844
GEOR20066,Pako Forever,6105,11/15/2024, 02:55:51,844
GEOR20066,Pako Forever,6105,11/15/2024, 03:28:03,844
GEOR20066,Pako Forever,6105,11/15/2024, 04:18:50,844
GEOR20066,Pako Forever,6105,11/15/2024, 05:15:35,844
GEOR20066,Pako Forever,6105,11/15/2024, 06:24:26,844
GEOR20066,Pako Forever,6105,11/15/2024, 07:15:24,844
GEOR20066,Pako Forever,6105,11/15/2024, 08:19:40,844
GEOR20066,Pako Forever,6105,11/15/2024, 09:16:10,844
GEOR20066,Pako Forever,6105,11/15/2024, 10:16:53,844
GEOR20066,Pako Forever,6105,11/15/2024, 11:13:43,844
GEOR20066,Pako Forever,6105,11/15/2024, 12:29:18,844
GEOR20066,Pako Forever,6105,11/15/2024, 13:24:13,844
GEOR20066,Pako Forever,6105,11/15/2024, 14:15:14,844
GEOR20066,Pako Forever,6105,11/15/2024, 15:16:01,844
GEOR20066,Pako Forever,6105,11/15/2024, 16:19:17,844
GEOR20066,Pako Forever,6105,11/15/2024, 17:14:04,844
GEOR20066,Pako Forever,6105,11/15/2024, 18:21:08,844
GEOR20066,Pako Forever,6105,11/15/2024, 19:12:37,844
GEOR20066,Pako Forever,6105,11/15/2024, 20:16:37,844
GEOR20066,Pako Forever,6105,11/15/2024, 21:14:34,844
GEOR20066,Pako Forever,6105,11/15/2024, 22:15:37,844
GEOR20066,Pako Forever,6105,11/15/2024, 23:14:50,844
GEOR20066,Pako Forever,6105,11/16/2024, 01:08:42,844
GEOR20066,Pako Forever,6105,11/16/2024, 02:52:50,844
GEOR20066,Pako Forever,6105,11/16/2024, 03:25:05,844
GEOR20066,Pako Forever,6105,11/16/2024, 04:17:49,844
GEOR20066,Pako Forever,6105,11/16/2024, 05:15:26,844
GEOR20066,Pako Forever,6105,11/16/2024, 06:19:53,844
GEOR20066,Pako Forever,6105,11/16/2024, 07:13:39,844
GEOR20066,Pako Forever,6105,11/16/2024, 08:18:04,844
GEOR20066,Pako Forever,6105,11/16/2024, 09:14:58,844
GEOR20066,Pako Forever,6105,11/16/2024, 10:15:07,844
GEOR20066,Pako Forever,6105,11/16/2024, 11:11:56,844
GEOR20066,Pako Forever,6105,11/16/2024, 12:27:23,844
GEOR20066,Pako Forever,6105,11/16/2024, 13:20:47,844
GEOR20066,Pako Forever,6105,11/16/2024, 14:13:20,844
GEOR20066,Pako Forever,6105,11/16/2024, 15:14:29,844
GEOR20066,Pako Forever,6106,11/16/2024, 16:18:22,844
GEOR20066,Pako Forever,6106,11/16/2024, 17:12:52,844
GEOR20066,Pako Forever,6106,11/16/2024, 18:18:19,844
GEOR20066,Pako Forever,6106,11/16/2024, 19:11:29,844
GEOR20066,Pako Forever,6106,11/16/2024, 20:15:37,844
GEOR20066,Pako Forever,6106,11/16/2024, 21:14:07,844
GEOR20066,Pako Forever,6106,11/16/2024, 22:13:53,844
GEOR20066,Pako Forever,6106,11/16/2024, 23:15:22,844
GEOR20066,Pako Forever,6106,11/17/2024, 01:13:35,844
GEOR20066,Pako Forever,6106,11/17/2024, 02:58:43,844
GEOR20066,Pako Forever,6106,11/17/2024, 03:32:37,844
GEOR20066,Pako Forever,6106,11/17/2024, 04:17:46,844
GEOR20066,Pako Forever,6106,11/17/2024, 05:15:24,844
GEOR20066,Pako Forever,6106,11/17/2024, 06:20:40,844
GEOR20066,Pako Forever,6106,11/17/2024, 07:14:42,844
GEOR20066,Pako Forever,6106,11/17/2024, 08:18:01,844
GEOR20066,Pako Forever,6106,11/17/2024, 09:15:53,844
GEOR20066,Pako Forever,6106,11/17/2024, 10:15:30,844
GEOR20066,Pako Forever,6106,11/17/2024, 11:12:37,844
GEOR20066,Pako Forever,6106,11/17/2024, 12:26:52,844
GEOR20066,Pako Forever,6106,11/17/2024, 13:20:31,844
GEOR20066,Pako Forever,6106,11/17/2024, 14:13:13,844
GEOR20066,Pako Forever,6106,11/17/2024, 15:14:25,844
GEOR20066,Pako Forever,6106,11/17/2024, 16:16:54,844
GEOR20066,Pako Forever,6106,11/17/2024, 17:12:49,844
GEOR20066,Pako Forever,6106,11/17/2024, 18:18:47,844
GEOR20066,Pako Forever,6106,11/17/2024, 19:11:43,844
GEOR20066,Pako Forever,6106,11/17/2024, 20:15:34,844
GEOR20066,Pako Forever,6106,11/17/2024, 21:13:36,844
GEOR20066,Pako Forever,6106,11/17/2024, 22:14:05,844
GEOR20066,Pako Forever,6106,11/17/2024, 23:15:14,844
GEOR20066,Pako Forever,6106,11/18/2024, 01:11:30,844
GEOR20066,Pako Forever,6106,11/18/2024, 02:58:04,844
GEOR20066,Pako Forever,6106,11/18/2024, 03:32:07,844
GEOR20066,Pako Forever,6106,11/18/2024, 04:19:00,844
GEOR20066,Pako Forever,6106,11/18/2024, 05:16:14,844
GEOR20066,Pako Forever,6106,11/18/2024, 06:22:36,844
GEOR20066,Pako Forever,6106,11/18/2024, 07:16:29,844
GEOR20066,Pako Forever,6106,11/18/2024, 08:21:15,844
GEOR20066,Pako Forever,6106,11/18/2024, 09:17:52,844
GEOR20066,Pako Forever,6106,11/18/2024, 10:17:48,844
GEOR20066,Pako Forever,6106,11/18/2024, 11:14:17,844
GEOR20066,Pako Forever,6106,11/18/2024, 12:30:43,844
GEOR20066,Pako Forever,6106,11/18/2024, 13:25:42,844
GEOR20066,Pako Forever,6106,11/18/2024, 14:15:08,844
GEOR20066,Pako Forever,6108,11/18/2024, 15:17:01,844
GEOR20066,Pako Forever,6108,11/18/2024, 16:19:36,844
GEOR20066,Pako Forever,6108,11/18/2024, 17:14:10,844
GEOR20066,Pako Forever,6108,11/18/2024, 18:21:06,844
GEOR20066,Pako Forever,6108,11/18/2024, 19:12:59,844
GEOR20066,Pako Forever,6108,11/18/2024, 20:17:10,844
GEOR20066,Pako Forever,6108,11/18/2024, 21:13:26,844
GEOR20066,Pako Forever,6108,11/18/2024, 22:14:37,844
GEOR20066,Pako Forever,6108,11/18/2024, 23:14:56,844
GEOR20066,Pako Forever,6108,11/19/2024, 01:10:08,844
GEOR20066,Pako Forever,6108,11/19/2024, 02:55:42,844
GEOR20066,Pako Forever,6108,11/19/2024, 03:27:35,844
GEOR20066,Pako Forever,6108,11/19/2024, 04:18:46,844
GEOR20066,Pako Forever,6108,11/19/2024, 05:15:23,844
GEOR20066,Pako Forever,6108,11/19/2024, 06:21:42,844
GEOR20066,Pako Forever,6108,11/19/2024, 07:15:31,844
GEOR20066,Pako Forever,6108,11/19/2024, 08:20:18,844
GEOR20066,Pako Forever,6108,11/19/2024, 09:17:15,844
GEOR20066,Pako Forever,6108,11/19/2024, 10:16:56,844
GEOR20066,Pako Forever,6108,11/19/2024, 11:13:34,844
GEOR20066,Pako Forever,6108,11/19/2024, 12:29:49,844
GEOR20066,Pako Forever,6108,11/19/2024, 13:25:49,844
GEOR20066,Pako Forever,6108,11/19/2024, 14:15:34,844
GEOR20066,Pako Forever,6108,11/19/2024, 15:16:23,844
GEOR20066,Pako Forever,6108,11/19/2024, 16:19:34,844
GEOR20066,Pako Forever,6108,11/19/2024, 17:14:23,844
GEOR20066,Pako Forever,6108,11/19/2024, 18:21:19,844
GEOR20066,Pako Forever,6108,11/19/2024, 19:13:00,844
GEOR20066,Pako Forever,6108,11/19/2024, 20:16:56,844
GEOR20066,Pako Forever,6108,11/19/2024, 21:14:37,844
GEOR20066,Pako Forever,6108,11/19/2024, 22:14:27,844
GEOR20066,Pako Forever,6108,11/19/2024, 23:14:56,844
GEOR20066,Pako Forever,6108,11/20/2024, 01:09:03,844
GEOR20066,Pako Forever,6108,11/20/2024, 02:54:39,844
GEOR20066,Pako Forever,6108,11/20/2024, 03:26:44,844
GEOR20066,Pako Forever,6108,11/20/2024, 04:18:57,844
GEOR20066,Pako Forever,6108,11/20/2024, 05:15:16,844
GEOR20066,Pako Forever,6108,11/20/2024, 06:21:29,844
GEOR20066,Pako Forever,6108,11/20/2024, 07:15:10,844
GEOR20066,Pako Forever,6108,11/20/2024, 08:20:25,844
GEOR20066,Pako Forever,6108,11/20/2024, 09:16:43,844
GEOR20066,Pako Forever,6108,11/20/2024, 10:17:04,844
GEOR20066,Pako Forever,6108,11/20/2024, 11:13:17,844
GEOR20066,Pako Forever,6108,11/20/2024, 12:29:39,844
GEOR20066,Pako Forever,6108,11/20/2024, 13:25:11,844
GEOR20066,Pako Forever,6108,11/20/2024, 14:14:55,844
GEOR20066,Pako Forever,6108,11/20/2024, 15:16:33,844
GEOR20066,Pako Forever,6108,11/20/2024, 16:19:33,844
GEOR20066,Pako Forever,6108,11/20/2024, 17:14:43,844
GEOR20066,Pako Forever,6108,11/20/2024, 18:21:10,844
GEOR20066,Pako Forever,6108,11/20/2024, 19:13:14,844
GEOR20066,Pako Forever,6108,11/20/2024, 20:17:26,844
GEOR20066,Pako Forever,6108,11/20/2024, 21:14:39,844
GEOR20066,Pako Forever,6108,11/20/2024, 22:15:02,844
GEOR20066,Pako Forever,6108,11/20/2024, 23:15:13,844
GEOR20066,Pako Forever,6108,11/21/2024, 01:08:46,844
GEOR20066,Pako Forever,6108,11/21/2024, 02:54:20,844
GEOR20066,Pako Forever,6108,11/21/2024, 03:26:46,844
GEOR20066,Pako Forever,6108,11/21/2024, 04:19:21,844
GEOR20066,Pako Forever,6108,11/21/2024, 05:15:18,844
GEOR20066,Pako Forever,6108,11/21/2024, 06:21:43,844
GEOR20066,Pako Forever,6108,11/21/2024, 07:15:06,844
GEOR20066,Pako Forever,6108,11/21/2024, 08:20:13,844
GEOR20066,Pako Forever,6108,11/21/2024, 09:16:55,844
GEOR20066,Pako Forever,6108,11/21/2024, 10:17:14,844
GEOR20066,Pako Forever,6108,11/21/2024, 11:13:48,844
GEOR20066,Pako Forever,6108,11/21/2024, 12:30:27,844
GEOR20066,Pako Forever,6108,11/21/2024, 13:24:56,844
GEOR20066,Pako Forever,6108,11/21/2024, 14:15:22,844
GEOR20066,Pako Forever,6108,11/21/2024, 15:16:30,844
GEOR20066,Pako Forever,6108,11/21/2024, 16:19:31,844
GEOR20066,Pako Forever,6108,11/21/2024, 17:14:22,844
GEOR20066,Pako Forever,6108,11/21/2024, 18:20:53,844
GEOR20066,Pako Forever,6108,11/21/2024, 19:12:44,844
GEOR20066,Pako Forever,6108,11/21/2024, 20:17:10,844
GEOR20066,Pako Forever,6108,11/21/2024, 21:14:36,844
GEOR20066,Pako Forever,6108,11/21/2024, 22:14:39,844
GEOR20066,Pako Forever,6108,11/21/2024, 23:15:12,844
GEOR20066,Pako Forever,6108,11/22/2024, 01:10:04,844
GEOR20066,Pako Forever,6108,11/22/2024, 02:55:30,844
GEOR20066,Pako Forever,6108,11/22/2024, 03:27:45,844
GEOR20066,Pako Forever,6108,11/22/2024, 04:19:00,844
GEOR20066,Pako Forever,6108,11/22/2024, 05:15:23,844
GEOR20066,Pako Forever,6108,11/22/2024, 06:21:23,844
GEOR20066,Pako Forever,6108,11/22/2024, 07:15:37,844
GEOR20066,Pako Forever,6108,11/22/2024, 08:20:02,844
GEOR20066,Pako Forever,6108,11/22/2024, 09:16:43,844
GEOR20066,Pako Forever,6108,11/22/2024, 10:16:49,844
GEOR20066,Pako Forever,6108,11/22/2024, 11:13:14,844
GEOR20066,Pako Forever,6108,11/22/2024, 12:29:42,844
GEOR20066,Pako Forever,6108,11/22/2024, 13:24:43,844
GEOR20066,Pako Forever,6108,11/22/2024, 14:14:32,844
GEOR20066,Pako Forever,6108,11/22/2024, 15:16:36,844
GEOR20066,Pako Forever,6108,11/22/2024, 16:19:18,844
GEOR20066,Pako Forever,6108,11/22/2024, 17:14:54,844
GEOR20066,Pako Forever,6108,11/22/2024, 18:20:37,844
GEOR20066,Pako Forever,6108,11/22/2024, 19:13:01,844
GEOR20066,Pako Forever,6108,11/22/2024, 20:16:47,844
GEOR20066,Pako Forever,6108,11/22/2024, 21:14:28,844
GEOR20066,Pako Forever,6108,11/22/2024, 22:14:26,844
GEOR20066,Pako Forever,6108,11/22/2024, 23:15:32,844
GEOR20066,Pako Forever,6108,11/23/2024, 01:06:59,844
GEOR20066,Pako Forever,6108,11/23/2024, 02:50:28,844
GEOR20066,Pako Forever,6108,11/23/2024, 03:24:55,844
GEOR20066,Pako Forever,6108,11/23/2024, 04:19:27,844
GEOR20066,Pako Forever,6108,11/23/2024, 05:14:45,844
GEOR20066,Pako Forever,6108,11/23/2024, 06:20:35,844
GEOR20066,Pako Forever,6108,11/23/2024, 07:13:52,844
GEOR20066,Pako Forever,6108,11/23/2024, 08:18:23,844
GEOR20066,Pako Forever,6108,11/23/2024, 09:14:54,844
GEOR20066,Pako Forever,6108,11/23/2024, 10:15:00,844
GEOR20066,Pako Forever,6108,11/23/2024, 11:11:56,844
GEOR20066,Pako Forever,6108,11/23/2024, 12:26:35,844
GEOR20066,Pako Forever,6108,11/23/2024, 13:20:44,844
GEOR20066,Pako Forever,6108,11/23/2024, 14:13:35,844
GEOR20066,Pako Forever,6108,11/23/2024, 15:14:03,844
GEOR20066,Pako Forever,6108,11/23/2024, 16:16:51,844
GEOR20066,Pako Forever,6108,11/23/2024, 17:13:41,844
GEOR20066,Pako Forever,6108,11/23/2024, 18:18:30,844
GEOR20066,Pako Forever,6108,11/23/2024, 19:11:40,844
GEOR20066,Pako Forever,6108,11/23/2024, 20:16:51,844
GEOR20066,Pako Forever,6108,11/23/2024, 21:14:59,844
GEOR20066,Pako Forever,6108,11/23/2024, 22:14:00,844
GEOR20066,Pako Forever,6108,11/23/2024, 23:15:22,844
GEOR20066,Pako Forever,6108,11/24/2024, 01:15:08,844
GEOR20066,Pako Forever,6108,11/24/2024, 03:00:12,844
GEOR20066,Pako Forever,6108,11/24/2024, 03:36:00,844
GEOR20066,Pako Forever,6108,11/24/2024, 04:18:43,844
GEOR20066,Pako Forever,6108,11/24/2024, 05:15:36,844
GEOR20066,Pako Forever,6108,11/24/2024, 06:21:02,844
GEOR20066,Pako Forever,6108,11/24/2024, 07:14:12,844
GEOR20066,Pako Forever,6108,11/24/2024, 08:18:16,844
GEOR20066,Pako Forever,6108,11/24/2024, 09:14:35,844
GEOR20066,Pako Forever,6108,11/24/2024, 10:15:49,844
GEOR20066,Pako Forever,6108,11/24/2024, 11:11:48,844
GEOR20066,Pako Forever,6108,11/24/2024, 12:27:10,844
GEOR20066,Pako Forever,6108,11/24/2024, 13:20:53,844
GEOR20066,Pako Forever,6108,11/24/2024, 14:14:06,844
GEOR20066,Pako Forever,6108,11/24/2024, 15:15:05,844
GEOR20066,Pako Forever,6108,11/24/2024, 16:17:07,844
GEOR20066,Pako Forever,6108,11/24/2024, 17:13:27,844
GEOR20066,Pako Forever,6108,11/24/2024, 18:18:43,844
GEOR20066,Pako Forever,6108,11/24/2024, 19:13:19,844
GEOR20066,Pako Forever,6108,11/24/2024, 20:15:47,844
GEOR20066,Pako Forever,6108,11/24/2024, 21:13:56,844
GEOR20066,Pako Forever,6108,11/24/2024, 22:13:57,844
GEOR20066,Pako Forever,6108,11/24/2024, 23:15:23,844
GEOR20066,Pako Forever,6108,11/25/2024, 01:11:26,844
GEOR20066,Pako Forever,6108,11/25/2024, 02:57:56,844
GEOR20066,Pako Forever,6108,11/25/2024, 03:31:49,844
GEOR20066,Pako Forever,6108,11/25/2024, 04:19:04,844
GEOR20066,Pako Forever,6108,11/25/2024, 05:16:19,844
GEOR20066,Pako Forever,6108,11/25/2024, 06:22:24,844
GEOR20066,Pako Forever,6108,11/25/2024, 07:16:18,844
GEOR20066,Pako Forever,6108,11/25/2024, 08:21:15,844
GEOR20066,Pako Forever,6108,11/25/2024, 09:17:56,844
GEOR20066,Pako Forever,6108,11/25/2024, 10:17:50,844
GEOR20066,Pako Forever,6108,11/25/2024, 11:13:44,844
GEOR20066,Pako Forever,6108,11/25/2024, 12:30:49,844
GEOR20066,Pako Forever,6108,11/25/2024, 13:25:56,844
GEOR20066,Pako Forever,6108,11/25/2024, 14:15:10,844
GEOR20066,Pako Forever,6108,11/25/2024, 15:17:08,844
GEOR20066,Pako Forever,6108,11/25/2024, 16:19:25,844
GEOR20066,Pako Forever,6108,11/25/2024, 17:14:39,844
GEOR20066,Pako Forever,6108,11/25/2024, 18:20:59,844
GEOR20066,Pako Forever,6108,11/25/2024, 19:13:17,844
GEOR20066,Pako Forever,6108,11/25/2024, 20:17:37,844
GEOR20066,Pako Forever,6108,11/25/2024, 21:15:07,844
GEOR20066,Pako Forever,6108,11/25/2024, 22:14:49,844
GEOR20066,Pako Forever,6108,11/25/2024, 23:15:37,844
GEOR20066,Pako Forever,6108,11/26/2024, 01:10:19,844
GEOR20066,Pako Forever,6108,11/26/2024, 02:56:40,844
GEOR20066,Pako Forever,6108,11/26/2024, 03:29:28,844
GEOR20066,Pako Forever,6108,11/26/2024, 04:18:54,844
GEOR20066,Pako Forever,6108,11/26/2024, 05:15:46,844
GEOR20066,Pako Forever,6108,11/26/2024, 06:22:07,844
GEOR20066,Pako Forever,6108,11/26/2024, 07:15:44,844
GEOR20066,Pako Forever,6108,11/26/2024, 08:20:48,844
GEOR20066,Pako Forever,6108,11/26/2024, 09:17:37,844
GEOR20066,Pako Forever,6108,11/26/2024, 10:17:24,844
GEOR20066,Pako Forever,6108,11/26/2024, 11:13:47,844
GEOR20066,Pako Forever,6108,11/26/2024, 12:30:24,844
GEOR20066,Pako Forever,6108,11/26/2024, 13:26:30,844
GEOR20066,Pako Forever,6108,11/26/2024, 14:15:43,844
GEOR20066,Pako Forever,6108,11/26/2024, 15:17:14,844
GEOR20066,Pako Forever,6108,11/26/2024, 16:20:39,844
GEOR20066,Pako Forever,6108,11/26/2024, 17:14:39,844
GEOR20066,Pako Forever,6108,11/26/2024, 18:21:35,844
GEOR20066,Pako Forever,6108,11/26/2024, 19:13:30,844
GEOR20066,Pako Forever,6108,11/26/2024, 20:17:12,844
GEOR20066,Pako Forever,6108,11/26/2024, 21:15:18,844
GEOR20066,Pako Forever,6108,11/26/2024, 22:15:14,844
GEOR20066,Pako Forever,6108,11/26/2024, 23:15:10,844
GEOR20066,Pako Forever,6108,11/27/2024, 01:11:04,844
GEOR20066,Pako Forever,6108,11/27/2024, 02:58:54,844
GEOR20066,Pako Forever,6108,11/27/2024, 03:33:54,844
GEOR20066,Pako Forever,6108,11/27/2024, 04:19:02,844
GEOR20066,Pako Forever,6108,11/27/2024, 05:16:00,844
GEOR20066,Pako Forever,6108,11/27/2024, 06:22:27,844
GEOR20066,Pako Forever,6108,11/27/2024, 07:15:38,844
GEOR20066,Pako Forever,6108,11/27/2024, 08:20:59,844
GEOR20066,Pako Forever,6108,11/27/2024, 09:16:50,844
GEOR20066,Pako Forever,6108,11/27/2024, 10:17:40,844
GEOR20066,Pako Forever,6108,11/27/2024, 11:14:05,844
GEOR20066,Pako Forever,6108,11/27/2024, 12:30:27,844
GEOR20066,Pako Forever,6108,11/27/2024, 13:26:22,844
GEOR20066,Pako Forever,6108,11/27/2024, 14:15:23,844
GEOR20066,Pako Forever,6108,11/27/2024, 15:16:33,844
GEOR20066,Pako Forever,6108,11/27/2024, 16:19:25,844
GEOR20066,Pako Forever,6108,11/27/2024, 17:14:15,844
GEOR20066,Pako Forever,6108,11/27/2024, 18:21:17,844
GEOR20066,Pako Forever,6108,11/27/2024, 19:13:21,844
GEOR20066,Pako Forever,6108,11/27/2024, 20:17:18,844
GEOR20066,Pako Forever,6108,11/27/2024, 21:14:45,844
GEOR20066,Pako Forever,6108,11/27/2024, 22:14:52,844
GEOR20066,Pako Forever,6108,11/27/2024, 23:15:11,844
GEOR20066,Pako Forever,6108,11/28/2024, 01:11:06,844
GEOR20066,Pako Forever,6108,11/28/2024, 02:58:30,844
GEOR20066,Pako Forever,6108,11/28/2024, 03:33:39,844
GEOR20066,Pako Forever,6108,11/28/2024, 04:19:12,844
GEOR20066,Pako Forever,6108,11/28/2024, 05:15:55,844
GEOR20066,Pako Forever,6108,11/28/2024, 06:22:32,844
GEOR20066,Pako Forever,6108,11/28/2024, 07:16:03,844
GEOR20066,Pako Forever,6108,11/28/2024, 08:21:00,844
GEOR20066,Pako Forever,6108,11/28/2024, 09:17:23,844
GEOR20066,Pako Forever,6108,11/28/2024, 10:17:18,844
GEOR20066,Pako Forever,6108,11/28/2024, 11:13:29,844
GEOR20066,Pako Forever,6108,11/28/2024, 12:30:43,844
GEOR20066,Pako Forever,6108,11/28/2024, 13:25:56,844
GEOR20066,Pako Forever,6108,11/28/2024, 14:15:02,844
GEOR20066,Pako Forever,6108,11/28/2024, 15:16:25,844
GEOR20066,Pako Forever,6108,11/28/2024, 16:19:22,844
GEOR20066,Pako Forever,6108,11/28/2024, 17:14:08,844
GEOR20066,Pako Forever,6108,11/28/2024, 18:20:32,844
GEOR20066,Pako Forever,6108,11/28/2024, 19:13:03,844
GEOR20066,Pako Forever,6108,11/28/2024, 20:16:55,844
GEOR20066,Pako Forever,6108,11/28/2024, 21:14:34,844
GEOR20066,Pako Forever,6108,11/28/2024, 22:14:33,844
GEOR20066,Pako Forever,6108,11/28/2024, 23:15:14,844
GEOR20066,Pako Forever,6108,11/29/2024, 01:10:56,844
GEOR20066,Pako Forever,6108,11/29/2024, 02:58:28,844
GEOR20066,Pako Forever,6108,11/29/2024, 03:32:57,844
GEOR20066,Pako Forever,6108,11/29/2024, 04:19:13,844
GEOR20066,Pako Forever,6108,11/29/2024, 05:16:07,844
GEOR20066,Pako Forever,6108,11/29/2024, 06:22:25,844
GEOR20066,Pako Forever,6108,11/29/2024, 07:15:33,844
GEOR20066,Pako Forever,6108,11/29/2024, 08:20:25,844
GEOR20066,Pako Forever,6108,11/29/2024, 09:17:18,844
GEOR20066,Pako Forever,6108,11/29/2024, 10:16:50,844
GEOR20066,Pako Forever,6108,11/29/2024, 11:13:15,844
GEOR20066,Pako Forever,6108,11/29/2024, 12:30:05,844
GEOR20066,Pako Forever,6108,11/29/2024, 13:25:33,844
GEOR20066,Pako Forever,6108,11/29/2024, 14:14:58,844
GEOR20066,Pako Forever,6108,11/29/2024, 15:16:41,844
GEOR20066,Pako Forever,6108,11/29/2024, 16:19:13,844
GEOR20066,Pako Forever,6108,11/29/2024, 17:14:23,844
GEOR20066,Pako Forever,6108,11/29/2024, 18:20:43,844
GEOR20066,Pako Forever,6108,11/29/2024, 19:13:21,844
GEOR20066,Pako Forever,6108,11/29/2024, 20:16:40,844
GEOR20066,Pako Forever,6108,11/29/2024, 21:14:25,844
GEOR20066,Pako Forever,6108,11/29/2024, 22:14:36,844
GEOR20066,Pako Forever,6108,11/29/2024, 23:15:25,844
GEOR20066,Pako Forever,6108,11/30/2024, 01:09:16,844
GEOR20066,Pako Forever,6108,11/30/2024, 02:53:20,844
GEOR20066,Pako Forever,6108,11/30/2024, 03:26:11,844
GEOR20066,Pako Forever,6108,11/30/2024, 04:18:31,844
GEOR20066,Pako Forever,6108,11/30/2024, 05:14:30,844
GEOR20066,Pako Forever,6108,11/30/2024, 06:20:05,844
GEOR20066,Pako Forever,6108,11/30/2024, 07:14:06,844
GEOR20066,Pako Forever,6108,11/30/2024, 08:18:55,844
GEOR20066,Pako Forever,6108,11/30/2024, 09:15:17,844
GEOR20066,Pako Forever,6108,11/30/2024, 10:15:08,844
GEOR20066,Pako Forever,6108,11/30/2024, 11:13:09,844
GEOR20066,Pako Forever,6108,11/30/2024, 12:27:29,844
GEOR20066,Pako Forever,6108,11/30/2024, 13:21:19,844
GEOR20066,Pako Forever,6108,11/30/2024, 14:13:33,844
GEOR20066,Pako Forever,6108,11/30/2024, 15:14:36,844
GEOR20066,Pako Forever,6108,11/30/2024, 16:17:15,844
GEOR20066,Pako Forever,6108,11/30/2024, 17:13:04,844
GEOR20066,Pako Forever,6108,11/30/2024, 18:18:54,844
GEOR20066,Pako Forever,6108,11/30/2024, 19:11:54,844
GEOR20066,Pako Forever,6108,11/30/2024, 20:16:11,844
GEOR20066,Pako Forever,6108,11/30/2024, 21:13:52,844
GEOR20066,Pako Forever,6108,11/30/2024, 22:14:23,844
GEOR20066,Pako Forever,6108,11/30/2024, 23:14:38,844
GEOR20066,Pako Forever,6108,12/01/2024, 01:22:12,844
GEOR20066,Pako Forever,6108,12/01/2024, 03:13:36,844
GEOR20066,Pako Forever,6108,12/01/2024, 04:20:58,844
GEOR20066,Pako Forever,6108,12/01/2024, 05:15:21,844
GEOR20066,Pako Forever,6108,12/01/2024, 06:21:15,844
GEOR20066,Pako Forever,6108,12/01/2024, 07:14:41,844
GEOR20066,Pako Forever,6108,12/01/2024, 08:19:15,844
GEOR20066,Pako Forever,6108,12/01/2024, 09:15:13,844
GEOR20066,Pako Forever,6108,12/01/2024, 10:15:47,844
GEOR20066,Pako Forever,6108,12/01/2024, 11:12:41,844
GEOR20066,Pako Forever,6108,12/01/2024, 12:28:01,844
GEOR20066,Pako Forever,6108,12/01/2024, 13:22:59,844
GEOR20066,Pako Forever,6108,12/01/2024, 14:13:36,844
GEOR20066,Pako Forever,6108,12/01/2024, 15:14:56,844
GEOR20066,Pako Forever,6108,12/01/2024, 16:17:24,844
GEOR20066,Pako Forever,6108,12/01/2024, 17:13:16,844
GEOR20066,Pako Forever,6108,12/01/2024, 18:19:58,844
GEOR20066,Pako Forever,6108,12/01/2024, 19:12:32,844
GEOR20066,Pako Forever,6108,12/01/2024, 20:16:39,844
GEOR20066,Pako Forever,6108,12/01/2024, 21:14:21,844
GEOR20066,Pako Forever,6108,12/01/2024, 22:14:29,844
GEOR20066,Pako Forever,6108,12/01/2024, 23:14:39,844
GEOR20066,Pako Forever,6108,12/02/2024, 01:13:39,844
GEOR20066,Pako Forever,6108,12/02/2024, 03:02:37,844
GEOR20066,Pako Forever,6108,12/02/2024, 04:19:37,844
GEOR20066,Pako Forever,6108,12/02/2024, 05:16:31,844
GEOR20066,Pako Forever,6108,12/02/2024, 06:22:54,844
GEOR20066,Pako Forever,6108,12/02/2024, 07:16:50,844
GEOR20066,Pako Forever,6108,12/02/2024, 08:22:08,844
GEOR20066,Pako Forever,6108,12/02/2024, 09:18:35,844
GEOR20066,Pako Forever,6108,12/02/2024, 10:18:14,844
GEOR20066,Pako Forever,6108,12/02/2024, 11:13:55,844
GEOR20066,Pako Forever,6108,12/02/2024, 12:32:00,844
GEOR20066,Pako Forever,6108,12/02/2024, 13:26:30,844
GEOR20066,Pako Forever,6108,12/02/2024, 14:15:16,844
GEOR20066,Pako Forever,6108,12/02/2024, 15:17:06,844
GEOR20066,Pako Forever,6108,12/02/2024, 16:20:11,844
GEOR20066,Pako Forever,6108,12/02/2024, 17:14:37,844
GEOR20066,Pako Forever,6109,12/02/2024, 18:21:40,844
GEOR20066,Pako Forever,6109,12/02/2024, 19:13:30,844
GEOR20066,Pako Forever,6109,12/02/2024, 20:16:31,844
GEOR20066,Pako Forever,6109,12/02/2024, 21:14:50,844
GEOR20066,Pako Forever,6109,12/02/2024, 22:14:59,844
GEOR20066,Pako Forever,6109,12/02/2024, 23:17:11,844
GEOR20066,Pako Forever,6109,12/03/2024, 01:12:49,844
GEOR20066,Pako Forever,6109,12/03/2024, 03:03:01,844
GEOR20066,Pako Forever,6109,12/03/2024, 04:20:08,844
GEOR20066,Pako Forever,6109,12/03/2024, 05:16:21,844
GEOR20066,Pako Forever,6109,12/03/2024, 06:22:41,844
GEOR20066,Pako Forever,6109,12/03/2024, 07:15:43,844
GEOR20066,Pako Forever,6109,12/03/2024, 08:20:29,844
GEOR20066,Pako Forever,6109,12/03/2024, 09:17:16,844
GEOR20066,Pako Forever,6109,12/03/2024, 10:18:10,844
GEOR20066,Pako Forever,6109,12/03/2024, 11:14:01,844
GEOR20066,Pako Forever,6109,12/03/2024, 12:30:50,844
GEOR20066,Pako Forever,6109,12/03/2024, 13:26:26,844
GEOR20066,Pako Forever,6109,12/03/2024, 14:14:40,844
GEOR20066,Pako Forever,6109,12/03/2024, 15:16:50,844
GEOR20066,Pako Forever,6109,12/03/2024, 16:19:50,844
GEOR20066,Pako Forever,6109,12/03/2024, 17:15:36,844
GEOR20066,Pako Forever,6109,12/03/2024, 18:19:26,844
GEOR20066,Pako Forever,6109,12/03/2024, 19:13:30,844
GEOR20066,Pako Forever,6109,12/03/2024, 20:17:35,844
GEOR20066,Pako Forever,6109,12/03/2024, 21:15:26,844
GEOR20066,Pako Forever,6109,12/03/2024, 22:15:44,844
GEOR20066,Pako Forever,6109,12/03/2024, 23:15:08,844
GEOR20066,Pako Forever,6109,12/04/2024, 01:12:43,844
GEOR20066,Pako Forever,6109,12/04/2024, 03:00:50,844
GEOR20066,Pako Forever,6109,12/04/2024, 03:38:00,844
GEOR20066,Pako Forever,6109,12/04/2024, 04:19:08,844
GEOR20066,Pako Forever,6109,12/04/2024, 05:15:46,844
GEOR20066,Pako Forever,6109,12/04/2024, 06:22:35,844
GEOR20066,Pako Forever,6109,12/04/2024, 07:15:51,844
GEOR20066,Pako Forever,6109,12/04/2024, 08:21:33,844
GEOR20066,Pako Forever,6109,12/04/2024, 09:17:13,844
GEOR20066,Pako Forever,6109,12/04/2024, 10:17:42,844
GEOR20066,Pako Forever,6109,12/04/2024, 11:13:50,844
GEOR20066,Pako Forever,6109,12/04/2024, 12:31:50,844
GEOR20066,Pako Forever,6109,12/04/2024, 13:26:26,844
GEOR20066,Pako Forever,6109,12/04/2024, 14:15:43,844
GEOR20066,Pako Forever,6109,12/04/2024, 15:17:27,844
GEOR20066,Pako Forever,6109,12/04/2024, 16:20:46,844
GEOR20066,Pako Forever,6109,12/04/2024, 17:14:24,844
GEOR20066,Pako Forever,6109,12/04/2024, 18:22:15,844
GEOR20066,Pako Forever,6109,12/04/2024, 19:15:48,844
GEOR20066,Pako Forever,6109,12/04/2024, 20:18:02,844
GEOR20066,Pako Forever,6109,12/04/2024, 21:15:17,844
GEOR20066,Pako Forever,6109,12/04/2024, 22:15:18,844
GEOR20066,Pako Forever,6109,12/04/2024, 23:15:43,844
GEOR20066,Pako Forever,6109,12/05/2024, 01:12:45,844
GEOR20066,Pako Forever,6109,12/05/2024, 03:01:44,844
GEOR20066,Pako Forever,6109,12/05/2024, 03:39:03,844
GEOR20066,Pako Forever,6109,12/05/2024, 04:19:24,844
GEOR20066,Pako Forever,6109,12/05/2024, 05:16:21,844
GEOR20066,Pako Forever,6109,12/05/2024, 06:22:43,844
GEOR20066,Pako Forever,6109,12/05/2024, 07:15:53,844
GEOR20066,Pako Forever,6109,12/05/2024, 08:21:24,844
GEOR20066,Pako Forever,6109,12/05/2024, 09:17:38,844
GEOR20066,Pako Forever,6109,12/05/2024, 10:17:37,844
GEOR20066,Pako Forever,6109,12/05/2024, 11:13:55,844
GEOR20066,Pako Forever,6109,12/05/2024, 12:31:04,844
GEOR20066,Pako Forever,6109,12/05/2024, 13:26:59,844
GEOR20066,Pako Forever,6109,12/05/2024, 14:15:27,844
GEOR20066,Pako Forever,6109,12/05/2024, 15:17:41,844
GEOR20066,Pako Forever,6109,12/05/2024, 16:20:13,844
GEOR20066,Pako Forever,6109,12/05/2024, 17:14:50,844
GEOR20066,Pako Forever,6109,12/05/2024, 18:19:41,844
GEOR20066,Pako Forever,6109,12/05/2024, 19:12:46,844
GEOR20066,Pako Forever,6109,12/05/2024, 20:18:04,844
GEOR20066,Pako Forever,6109,12/05/2024, 21:15:03,844
GEOR20066,Pako Forever,6109,12/05/2024, 22:15:28,844
GEOR20066,Pako Forever,6109,12/05/2024, 23:15:58,844
GEOR20066,Pako Forever,6110,12/06/2024, 01:11:43,844
GEOR20066,Pako Forever,6110,12/06/2024, 03:00:12,844
GEOR20066,Pako Forever,6110,12/06/2024, 03:36:50,844
GEOR20066,Pako Forever,6110,12/06/2024, 04:19:34,844
GEOR20066,Pako Forever,6110,12/06/2024, 05:16:15,844
GEOR20066,Pako Forever,6110,12/06/2024, 06:22:13,844
GEOR20066,Pako Forever,6110,12/06/2024, 07:15:37,844
GEOR20066,Pako Forever,6110,12/06/2024, 08:20:37,844
GEOR20066,Pako Forever,6110,12/06/2024, 09:17:07,844
GEOR20066,Pako Forever,6110,12/06/2024, 10:17:31,844
GEOR20066,Pako Forever,6110,12/06/2024, 11:14:10,844
GEOR20066,Pako Forever,6110,12/06/2024, 12:30:31,844
GEOR20066,Pako Forever,6110,12/06/2024, 13:25:48,844
GEOR20066,Pako Forever,6110,12/06/2024, 14:15:19,844
GEOR20066,Pako Forever,6110,12/06/2024, 15:16:51,844
GEOR20066,Pako Forever,6110,12/06/2024, 16:19:34,844
GEOR20066,Pako Forever,6110,12/06/2024, 17:14:33,844
GEOR20066,Pako Forever,6110,12/06/2024, 18:21:25,844
GEOR20066,Pako Forever,6110,12/06/2024, 19:13:12,844
GEOR20066,Pako Forever,6110,12/06/2024, 20:17:40,844
GEOR20066,Pako Forever,6110,12/06/2024, 21:14:49,844
GEOR20066,Pako Forever,6110,12/06/2024, 22:15:15,844
GEOR20066,Pako Forever,6110,12/06/2024, 23:15:15,844
GEOR20066,Pako Forever,6110,12/07/2024, 01:11:23,844
GEOR20066,Pako Forever,6110,12/07/2024, 02:58:12,844
GEOR20066,Pako Forever,6110,12/07/2024, 03:33:03,844
GEOR20066,Pako Forever,6110,12/07/2024, 04:19:14,844
GEOR20066,Pako Forever,6110,12/07/2024, 05:15:14,844
GEOR20066,Pako Forever,6110,12/07/2024, 06:20:42,844
GEOR20066,Pako Forever,6110,12/07/2024, 07:14:35,844
GEOR20066,Pako Forever,6110,12/07/2024, 08:18:56,844
GEOR20066,Pako Forever,6110,12/07/2024, 09:15:25,844
GEOR20066,Pako Forever,6110,12/07/2024, 10:16:26,844
GEOR20066,Pako Forever,6110,12/07/2024, 11:13:01,844
GEOR20066,Pako Forever,6110,12/07/2024, 12:28:01,844
GEOR20066,Pako Forever,6110,12/07/2024, 13:22:12,844
GEOR20066,Pako Forever,6110,12/07/2024, 14:13:39,844
GEOR20066,Pako Forever,6110,12/07/2024, 15:15:05,844
GEOR20066,Pako Forever,6110,12/07/2024, 16:17:47,844
GEOR20066,Pako Forever,6110,12/07/2024, 17:12:46,844
GEOR20066,Pako Forever,6110,12/07/2024, 18:19:40,844
GEOR20066,Pako Forever,6110,12/07/2024, 19:12:21,844
GEOR20066,Pako Forever,6110,12/07/2024, 20:15:46,844
GEOR20066,Pako Forever,6110,12/07/2024, 21:14:02,844
GEOR20066,Pako Forever,6110,12/07/2024, 22:14:31,844
GEOR20066,Pako Forever,6110,12/07/2024, 23:14:46,844
GEOR20066,Pako Forever,6110,12/08/2024, 01:17:26,844
GEOR20066,Pako Forever,6110,12/08/2024, 03:06:14,844
GEOR20066,Pako Forever,6110,12/08/2024, 04:18:42,844
GEOR20066,Pako Forever,6110,12/08/2024, 05:15:23,844
GEOR20066,Pako Forever,6110,12/08/2024, 06:20:45,844
GEOR20066,Pako Forever,6110,12/08/2024, 07:14:40,844
GEOR20066,Pako Forever,6110,12/08/2024, 08:19:06,844
GEOR20066,Pako Forever,6110,12/08/2024, 09:15:37,844
GEOR20066,Pako Forever,6110,12/08/2024, 10:15:13,844
GEOR20066,Pako Forever,6110,12/08/2024, 11:12:49,844
GEOR20066,Pako Forever,6110,12/08/2024, 12:28:36,844
GEOR20066,Pako Forever,6110,12/08/2024, 13:22:27,844
GEOR20066,Pako Forever,6110,12/08/2024, 14:13:52,844
GEOR20066,Pako Forever,6110,12/08/2024, 15:15:29,844
GEOR20066,Pako Forever,6110,12/08/2024, 16:17:35,844
GEOR20066,Pako Forever,6110,12/08/2024, 17:13:05,844
GEOR20066,Pako Forever,6110,12/08/2024, 18:19:37,844
GEOR20066,Pako Forever,6110,12/08/2024, 19:12:05,844
GEOR20066,Pako Forever,6110,12/08/2024, 20:16:57,844
GEOR20066,Pako Forever,6110,12/08/2024, 21:13:53,844
GEOR20066,Pako Forever,6110,12/08/2024, 22:14:24,844
GEOR20066,Pako Forever,6110,12/08/2024, 23:14:30,844
GEOR20066,Pako Forever,6110,12/09/2024, 01:14:29,844
GEOR20066,Pako Forever,6110,12/09/2024, 03:04:12,844
GEOR20066,Pako Forever,6110,12/09/2024, 04:19:39,844
GEOR20066,Pako Forever,6110,12/09/2024, 05:16:45,844
GEOR20066,Pako Forever,6110,12/09/2024, 06:23:06,844
GEOR20066,Pako Forever,6110,12/09/2024, 07:16:32,844
GEOR20066,Pako Forever,6110,12/09/2024, 08:22:03,844
GEOR20066,Pako Forever,6110,12/09/2024, 09:18:23,844
GEOR20066,Pako Forever,6110,12/09/2024, 10:18:00,844
GEOR20066,Pako Forever,6110,12/09/2024, 11:14:37,844
GEOR20066,Pako Forever,6110,12/09/2024, 12:32:35,844
GEOR20066,Pako Forever,6110,12/09/2024, 13:27:11,844
GEOR20066,Pako Forever,6110,12/09/2024, 14:15:31,844
GEOR20066,Pako Forever,6110,12/09/2024, 15:17:33,844
GEOR20066,Pako Forever,6110,12/09/2024, 16:20:36,844
GEOR20066,Pako Forever,6110,12/09/2024, 17:14:53,844
GEOR20066,Pako Forever,6110,12/09/2024, 18:22:04,844
GEOR20066,Pako Forever,6110,12/09/2024, 19:13:18,844
GEOR20066,Pako Forever,6110,12/09/2024, 20:18:15,844
GEOR20066,Pako Forever,6110,12/09/2024, 21:15:06,844
GEOR20066,Pako Forever,6110,12/09/2024, 22:15:35,844
GEOR20066,Pako Forever,6110,12/09/2024, 23:15:36,844
GEOR20066,Pako Forever,6110,12/10/2024, 01:13:34,844
GEOR20066,Pako Forever,6110,12/10/2024, 03:02:45,844
GEOR20066,Pako Forever,6110,12/10/2024, 04:19:41,844
GEOR20066,Pako Forever,6110,12/10/2024, 05:16:34,844
GEOR20066,Pako Forever,6110,12/10/2024, 06:22:25,844
GEOR20066,Pako Forever,6110,12/10/2024, 07:15:52,844
GEOR20066,Pako Forever,6110,12/10/2024, 08:21:41,844
GEOR20066,Pako Forever,6110,12/10/2024, 09:17:47,844
GEOR20066,Pako Forever,6110,12/10/2024, 10:18:05,844
GEOR20066,Pako Forever,6110,12/10/2024, 11:14:33,844
GEOR20066,Pako Forever,6110,12/10/2024, 12:31:54,844
GEOR20066,Pako Forever,6110,12/10/2024, 13:26:58,844
GEOR20066,Pako Forever,6110,12/10/2024, 14:15:49,844
GEOR20066,Pako Forever,6110,12/10/2024, 15:17:23,844
GEOR20066,Pako Forever,6110,12/10/2024, 16:20:20,844
GEOR20066,Pako Forever,6110,12/10/2024, 17:20:50,844
GEOR20066,Pako Forever,6110,12/10/2024, 18:22:04,844
GEOR20066,Pako Forever,6110,12/10/2024, 19:13:21,844
GEOR20066,Pako Forever,6110,12/10/2024, 20:17:57,844
GEOR20066,Pako Forever,6110,12/10/2024, 21:15:05,844
GEOR20066,Pako Forever,6110,12/10/2024, 22:15:39,844
GEOR20066,Pako Forever,6110,12/10/2024, 23:15:28,844
GEOR20066,Pako Forever,6110,12/11/2024, 01:12:42,844
GEOR20066,Pako Forever,6110,12/11/2024, 03:00:47,844
GEOR20066,Pako Forever,6110,12/11/2024, 03:37:21,844
GEOR20066,Pako Forever,6110,12/11/2024, 04:19:59,844
GEOR20066,Pako Forever,6110,12/11/2024, 05:16:07,844
GEOR20066,Pako Forever,6110,12/11/2024, 06:22:38,844
GEOR20066,Pako Forever,6110,12/11/2024, 07:16:01,844
GEOR20066,Pako Forever,6110,12/11/2024, 08:21:39,844
GEOR20066,Pako Forever,6110,12/11/2024, 09:17:18,844
GEOR20066,Pako Forever,6110,12/11/2024, 10:18:03,844
GEOR20066,Pako Forever,6110,12/11/2024, 11:14:04,844
GEOR20066,Pako Forever,6110,12/11/2024, 12:31:10,844
GEOR20066,Pako Forever,6110,12/11/2024, 13:26:36,844
GEOR20066,Pako Forever,6110,12/11/2024, 14:15:33,844
GEOR20066,Pako Forever,6110,12/11/2024, 15:17:02,844
GEOR20066,Pako Forever,6110,12/11/2024, 16:20:39,844
GEOR20066,Pako Forever,6110,12/11/2024, 17:14:28,844
GEOR20066,Pako Forever,6110,12/11/2024, 18:21:54,844
GEOR20066,Pako Forever,6110,12/11/2024, 19:13:18,844
GEOR20066,Pako Forever,6110,12/11/2024, 20:18:21,844
GEOR20066,Pako Forever,6110,12/11/2024, 21:14:58,844
GEOR20066,Pako Forever,6110,12/11/2024, 22:15:40,844
GEOR20066,Pako Forever,6110,12/11/2024, 23:15:23,844
GEOR20066,Pako Forever,6110,12/12/2024, 01:12:15,844
GEOR20066,Pako Forever,6110,12/12/2024, 03:01:22,844
GEOR20066,Pako Forever,6110,12/12/2024, 03:38:09,844
GEOR20066,Pako Forever,6110,12/12/2024, 04:19:14,844
GEOR20066,Pako Forever,6110,12/12/2024, 05:16:32,844
GEOR20066,Pako Forever,6110,12/12/2024, 06:22:46,844
GEOR20066,Pako Forever,6110,12/12/2024, 07:16:07,844
GEOR20066,Pako Forever,6110,12/12/2024, 08:21:08,844
GEOR20066,Pako Forever,6110,12/12/2024, 09:17:44,844
GEOR20066,Pako Forever,6110,12/12/2024, 10:17:26,844
GEOR20066,Pako Forever,6110,12/12/2024, 11:14:04,844
GEOR20066,Pako Forever,6110,12/12/2024, 12:31:34,844
GEOR20066,Pako Forever,6110,12/12/2024, 13:26:20,844
GEOR20066,Pako Forever,6110,12/12/2024, 14:15:39,844
GEOR20066,Pako Forever,6110,12/12/2024, 15:17:03,844
GEOR20066,Pako Forever,6110,12/12/2024, 16:20:13,844
GEOR20066,Pako Forever,6110,12/12/2024, 17:14:39,844
GEOR20066,Pako Forever,6110,12/12/2024, 18:22:05,844
GEOR20066,Pako Forever,6110,12/12/2024, 19:13:21,844
GEOR20066,Pako Forever,6110,12/12/2024, 20:18:15,844
GEOR20066,Pako Forever,6110,12/12/2024, 21:15:14,844
GEOR20066,Pako Forever,6110,12/12/2024, 22:15:25,844
GEOR20066,Pako Forever,6110,12/12/2024, 23:16:00,844
GEOR20066,Pako Forever,6110,12/13/2024, 01:13:40,844
GEOR20066,Pako Forever,6110,12/13/2024, 03:02:15,844
GEOR20066,Pako Forever,6110,12/13/2024, 04:19:23,844
GEOR20066,Pako Forever,6110,12/13/2024, 05:15:56,844
GEOR20066,Pako Forever,6110,12/13/2024, 06:22:27,844
GEOR20066,Pako Forever,6110,12/13/2024, 07:15:52,844
GEOR20066,Pako Forever,6110,12/13/2024, 08:20:48,844
GEOR20066,Pako Forever,6110,12/13/2024, 09:17:13,844
GEOR20066,Pako Forever,6110,12/13/2024, 10:17:01,844
GEOR20066,Pako Forever,6110,12/13/2024, 11:13:28,844
GEOR20066,Pako Forever,6110,12/13/2024, 12:30:33,844
GEOR20066,Pako Forever,6110,12/13/2024, 13:25:56,844
GEOR20066,Pako Forever,6110,12/13/2024, 14:15:28,844
GEOR20066,Pako Forever,6110,12/13/2024, 15:16:46,844
GEOR20066,Pako Forever,6110,12/13/2024, 16:19:32,844
GEOR20066,Pako Forever,6110,12/13/2024, 17:14:59,844
GEOR20066,Pako Forever,6110,12/13/2024, 18:21:34,844
GEOR20066,Pako Forever,6110,12/13/2024, 19:13:25,844
GEOR20066,Pako Forever,6110,12/13/2024, 20:17:49,844
GEOR20066,Pako Forever,6110,12/13/2024, 21:14:49,844
GEOR20066,Pako Forever,6110,12/13/2024, 22:15:17,844
GEOR20066,Pako Forever,6110,12/13/2024, 23:15:33,844
GEOR20066,Pako Forever,6110,12/14/2024, 01:10:09,844
GEOR20066,Pako Forever,6110,12/14/2024, 02:55:51,844
GEOR20066,Pako Forever,6110,12/14/2024, 03:28:54,844
GEOR20066,Pako Forever,6110,12/14/2024, 04:18:50,844
GEOR20066,Pako Forever,6110,12/14/2024, 05:15:03,844
GEOR20066,Pako Forever,6110,12/14/2024, 06:20:53,844
GEOR20066,Pako Forever,6110,12/14/2024, 07:14:26,844
GEOR20066,Pako Forever,6110,12/14/2024, 08:19:01,844
GEOR20066,Pako Forever,6110,12/14/2024, 09:15:20,844
GEOR20066,Pako Forever,6110,12/14/2024, 10:15:19,844
GEOR20066,Pako Forever,6110,12/14/2024, 11:12:47,844
GEOR20066,Pako Forever,6110,12/14/2024, 12:27:58,844
GEOR20066,Pako Forever,6110,12/14/2024, 13:21:53,844
GEOR20066,Pako Forever,6110,12/14/2024, 14:13:35,844
GEOR20066,Pako Forever,6110,12/14/2024, 15:15:12,844
GEOR20066,Pako Forever,6110,12/14/2024, 16:17:36,844
GEOR20066,Pako Forever,6110,12/14/2024, 17:12:51,844
GEOR20066,Pako Forever,6110,12/14/2024, 18:19:41,844
GEOR20066,Pako Forever,6110,12/14/2024, 19:11:59,844
GEOR20066,Pako Forever,6110,12/14/2024, 20:16:06,844
GEOR20066,Pako Forever,6110,12/14/2024, 21:13:45,844
GEOR20066,Pako Forever,6110,12/14/2024, 22:14:29,844
GEOR20066,Pako Forever,6110,12/14/2024, 23:14:32,844
GEOR20066,Pako Forever,6110,12/15/2024, 01:17:35,844
GEOR20066,Pako Forever,6110,12/15/2024, 03:06:13,844
GEOR20066,Pako Forever,6110,12/15/2024, 04:18:41,844
GEOR20066,Pako Forever,6110,12/15/2024, 05:15:21,844
GEOR20066,Pako Forever,6110,12/15/2024, 06:20:56,844
GEOR20066,Pako Forever,6110,12/15/2024, 07:14:30,844
GEOR20066,Pako Forever,6110,12/15/2024, 08:19:02,844
GEOR20066,Pako Forever,6110,12/15/2024, 09:15:15,844
GEOR20066,Pako Forever,6110,12/15/2024, 10:15:54,844
GEOR20066,Pako Forever,6110,12/15/2024, 11:12:39,844
GEOR20066,Pako Forever,6110,12/15/2024, 12:28:29,844
GEOR20066,Pako Forever,6110,12/15/2024, 13:22:23,844
GEOR20066,Pako Forever,6110,12/15/2024, 14:13:24,844
GEOR20066,Pako Forever,6110,12/15/2024, 15:15:18,844
GEOR20066,Pako Forever,6110,12/15/2024, 16:17:28,844
GEOR20066,Pako Forever,6110,12/15/2024, 17:13:14,844
GEOR20066,Pako Forever,6110,12/15/2024, 18:19:49,844
GEOR20066,Pako Forever,6110,12/15/2024, 19:11:58,844
GEOR20066,Pako Forever,6110,12/15/2024, 20:16:29,844
GEOR20066,Pako Forever,6110,12/15/2024, 21:14:06,844
GEOR20066,Pako Forever,6110,12/15/2024, 22:14:54,844
GEOR20066,Pako Forever,6110,12/15/2024, 23:15:35,844
GEOR20066,Pako Forever,6110,12/16/2024, 01:14:53,844
GEOR20066,Pako Forever,6110,12/16/2024, 03:04:34,844
GEOR20066,Pako Forever,6110,12/16/2024, 04:19:50,844
GEOR20066,Pako Forever,6110,12/16/2024, 05:16:53,844
GEOR20066,Pako Forever,6110,12/16/2024, 06:23:13,844
GEOR20066,Pako Forever,6110,12/16/2024, 07:16:35,844
GEOR20066,Pako Forever,6110,12/16/2024, 08:22:14,844
GEOR20066,Pako Forever,6110,12/16/2024, 09:18:14,844
GEOR20066,Pako Forever,6110,12/16/2024, 10:17:56,844
GEOR20066,Pako Forever,6110,12/16/2024, 11:14:08,844
GEOR20066,Pako Forever,6110,12/16/2024, 12:32:15,844
GEOR20066,Pako Forever,6110,12/16/2024, 13:26:51,844
GEOR20066,Pako Forever,6110,12/16/2024, 14:15:51,844
GEOR20066,Pako Forever,6110,12/16/2024, 15:17:17,844
GEOR20066,Pako Forever,6110,12/16/2024, 16:20:07,844
GEOR20066,Pako Forever,6110,12/16/2024, 17:14:32,844
GEOR20066,Pako Forever,6110,12/16/2024, 18:22:09,844
GEOR20066,Pako Forever,6110,12/16/2024, 19:13:21,844
GEOR20066,Pako Forever,6110,12/16/2024, 20:17:53,844
GEOR20066,Pako Forever,6110,12/16/2024, 21:15:09,844
GEOR20066,Pako Forever,6110,12/16/2024, 22:14:17,844
GEOR20066,Pako Forever,6110,12/16/2024, 23:15:41,844
GEOR20066,Pako Forever,6110,12/17/2024, 01:12:28,844
GEOR20066,Pako Forever,6110,12/17/2024, 02:59:46,844
GEOR20066,Pako Forever,6110,12/17/2024, 03:35:50,844
GEOR20066,Pako Forever,6110,12/17/2024, 04:19:43,844
GEOR20066,Pako Forever,6110,12/17/2024, 05:15:58,844
GEOR20066,Pako Forever,6110,12/17/2024, 06:22:18,844
GEOR20066,Pako Forever,6110,12/17/2024, 07:15:55,844
GEOR20066,Pako Forever,6110,12/17/2024, 08:21:39,844
GEOR20066,Pako Forever,6110,12/17/2024, 09:17:52,844
GEOR20066,Pako Forever,6110,12/17/2024, 10:17:22,844
GEOR20066,Pako Forever,6110,12/17/2024, 11:14:06,844
GEOR20066,Pako Forever,6110,12/17/2024, 12:31:11,844
GEOR20066,Pako Forever,6110,12/17/2024, 13:26:36,844
GEOR20066,Pako Forever,6110,12/17/2024, 14:15:37,844
GEOR20066,Pako Forever,6110,12/17/2024, 15:16:59,844
GEOR20066,Pako Forever,6110,12/17/2024, 16:20:20,844
GEOR20066,Pako Forever,6110,12/17/2024, 17:14:52,844
GEOR20066,Pako Forever,6110,12/17/2024, 18:22:06,844
GEOR20066,Pako Forever,6110,12/17/2024, 19:13:17,844
GEOR20066,Pako Forever,6110,12/17/2024, 20:17:09,844
GEOR20066,Pako Forever,6110,12/17/2024, 21:13:00,844
GEOR20066,Pako Forever,6110,12/17/2024, 22:14:52,844
GEOR20066,Pako Forever,6110,12/17/2024, 23:14:49,844
GEOR20066,Pako Forever,6110,12/18/2024, 01:09:49,844
GEOR20066,Pako Forever,6110,12/18/2024, 02:55:34,844
GEOR20066,Pako Forever,6110,12/18/2024, 03:27:05,844
GEOR20066,Pako Forever,6110,12/18/2024, 04:18:41,844
GEOR20066,Pako Forever,6110,12/18/2024, 05:15:28,844
GEOR20066,Pako Forever,6110,12/18/2024, 06:21:30,844
GEOR20066,Pako Forever,6110,12/18/2024, 07:15:22,844
GEOR20066,Pako Forever,6110,12/18/2024, 08:20:35,844
GEOR20066,Pako Forever,6110,12/18/2024, 09:16:55,844
GEOR20066,Pako Forever,6110,12/18/2024, 10:16:43,844
GEOR20066,Pako Forever,6110,12/18/2024, 11:13:18,844
GEOR20066,Pako Forever,6110,12/18/2024, 12:30:02,844
GEOR20066,Pako Forever,6110,12/18/2024, 13:24:25,844
GEOR20066,Pako Forever,6110,12/18/2024, 14:15:01,844
GEOR20066,Pako Forever,6110,12/18/2024, 15:16:39,844
GEOR20066,Pako Forever,6110,12/18/2024, 16:19:10,844
GEOR20066,Pako Forever,6110,12/18/2024, 17:14:21,844
GEOR20066,Pako Forever,6110,12/18/2024, 18:21:45,844
GEOR20066,Pako Forever,6110,12/18/2024, 19:13:15,844
GEOR20066,Pako Forever,6110,12/18/2024, 20:17:09,844
GEOR20066,Pako Forever,6110,12/18/2024, 21:13:40,844
GEOR20066,Pako Forever,6110,12/18/2024, 22:15:09,844
GEOR20066,Pako Forever,6110,12/18/2024, 23:15:08,844
GEOR20066,Pako Forever,6110,12/19/2024, 01:10:29,844
GEOR20066,Pako Forever,6110,12/19/2024, 02:55:34,844
GEOR20066,Pako Forever,6110,12/19/2024, 03:27:42,844
GEOR20066,Pako Forever,6110,12/19/2024, 04:19:13,844
GEOR20066,Pako Forever,6110,12/19/2024, 05:15:48,844
GEOR20066,Pako Forever,6110,12/19/2024, 06:21:50,844
GEOR20066,Pako Forever,6110,12/19/2024, 07:15:31,844
GEOR20066,Pako Forever,6110,12/19/2024, 08:20:17,844
GEOR20066,Pako Forever,6110,12/19/2024, 09:17:13,844
GEOR20066,Pako Forever,6110,12/19/2024, 10:16:47,844
GEOR20066,Pako Forever,6110,12/19/2024, 11:13:35,844
GEOR20066,Pako Forever,6110,12/19/2024, 12:30:04,844
GEOR20066,Pako Forever,6110,12/19/2024, 13:24:27,844
GEOR20066,Pako Forever,6110,12/19/2024, 14:15:10,844
GEOR20066,Pako Forever,6110,12/19/2024, 15:16:47,844
GEOR20066,Pako Forever,6110,12/19/2024, 16:17:05,844
GEOR20066,Pako Forever,6110,12/19/2024, 17:12:46,844
GEOR20066,Pako Forever,6110,12/19/2024, 18:20:27,844
GEOR20066,Pako Forever,6110,12/19/2024, 19:12:33,844
GEOR20066,Pako Forever,6110,12/19/2024, 20:16:31,844
GEOR20066,Pako Forever,6110,12/19/2024, 21:14:24,844
GEOR20066,Pako Forever,6110,12/19/2024, 22:14:11,844
GEOR20066,Pako Forever,6110,12/19/2024, 23:14:38,844
GEOR20066,Pako Forever,6110,12/20/2024, 01:06:43,844
GEOR20066,Pako Forever,6110,12/20/2024, 02:47:50,844
GEOR20066,Pako Forever,6110,12/20/2024, 03:20:29,844
GEOR20066,Pako Forever,6110,12/20/2024, 04:18:25,844
GEOR20066,Pako Forever,6110,12/20/2024, 05:15:03,844
GEOR20066,Pako Forever,6110,12/20/2024, 06:20:45,844
GEOR20066,Pako Forever,6110,12/20/2024, 07:14:15,844
GEOR20066,Pako Forever,6110,12/20/2024, 08:19:26,844
GEOR20066,Pako Forever,6110,12/20/2024, 09:15:47,844
GEOR20066,Pako Forever,6110,12/20/2024, 10:16:07,844
GEOR20066,Pako Forever,6110,12/20/2024, 11:12:42,844
GEOR20066,Pako Forever,6110,12/20/2024, 12:28:09,844
GEOR20066,Pako Forever,6110,12/20/2024, 13:21:06,844
GEOR20066,Pako Forever,6110,12/20/2024, 14:14:13,844
GEOR20066,Pako Forever,6110,12/20/2024, 15:15:19,844
GEOR20066,Pako Forever,6110,12/20/2024, 16:17:51,844
GEOR20066,Pako Forever,6110,12/20/2024, 17:13:14,844
GEOR20066,Pako Forever,6110,12/20/2024, 18:19:44,844
GEOR20066,Pako Forever,6110,12/20/2024, 19:12:26,844
GEOR20066,Pako Forever,6110,12/20/2024, 20:16:13,844
GEOR20066,Pako Forever,6110,12/20/2024, 21:13:43,844
GEOR20066,Pako Forever,6110,12/20/2024, 22:14:14,844
GEOR20066,Pako Forever,6110,12/20/2024, 23:13:59,844
GEOR20066,Pako Forever,6110,12/21/2024, 01:05:43,844
GEOR20066,Pako Forever,6110,12/21/2024, 02:43:17,844
GEOR20066,Pako Forever,6110,12/21/2024, 03:17:53,844
GEOR20066,Pako Forever,6110,12/21/2024, 04:17:22,844
GEOR20066,Pako Forever,6110,12/21/2024, 05:14:02,844
GEOR20066,Pako Forever,6110,12/21/2024, 06:19:06,844
GEOR20066,Pako Forever,6110,12/21/2024, 07:12:58,844
GEOR20066,Pako Forever,6110,12/21/2024, 08:17:36,844
GEOR20066,Pako Forever,6110,12/21/2024, 09:14:13,844
GEOR20066,Pako Forever,6110,12/21/2024, 10:14:18,844
GEOR20066,Pako Forever,6110,12/21/2024, 11:11:40,844
GEOR20066,Pako Forever,6110,12/21/2024, 12:25:38,844
GEOR20066,Pako Forever,6110,12/21/2024, 13:17:28,844
GEOR20066,Pako Forever,6110,12/21/2024, 14:12:52,844
GEOR20066,Pako Forever,6110,12/21/2024, 15:13:52,844
GEOR20066,Pako Forever,6110,12/21/2024, 16:16:32,844
GEOR20066,Pako Forever,6110,12/21/2024, 17:13:29,844
GEOR20066,Pako Forever,6110,12/21/2024, 18:18:30,844
GEOR20066,Pako Forever,6110,12/21/2024, 19:11:08,844
GEOR20066,Pako Forever,6110,12/21/2024, 20:14:58,844
GEOR20066,Pako Forever,6110,12/21/2024, 21:13:03,844
GEOR20066,Pako Forever,6110,12/21/2024, 22:13:29,844
GEOR20066,Pako Forever,6110,12/21/2024, 23:13:39,844
GEOR20066,Pako Forever,6110,12/22/2024, 01:12:02,844
GEOR20066,Pako Forever,6110,12/22/2024, 02:52:46,844
GEOR20066,Pako Forever,6110,12/22/2024, 03:22:45,844
GEOR20066,Pako Forever,6110,12/22/2024, 04:17:44,844
GEOR20066,Pako Forever,6110,12/22/2024, 05:13:53,844
GEOR20066,Pako Forever,6110,12/22/2024, 06:19:18,844
GEOR20066,Pako Forever,6110,12/22/2024, 07:13:13,844
GEOR20066,Pako Forever,6110,12/22/2024, 08:17:44,844
GEOR20066,Pako Forever,6110,12/22/2024, 09:14:13,844
GEOR20066,Pako Forever,6110,12/22/2024, 10:14:15,844
GEOR20066,Pako Forever,6110,12/22/2024, 11:11:36,844
GEOR20066,Pako Forever,6110,12/22/2024, 12:25:28,844
GEOR20066,Pako Forever,6110,12/22/2024, 13:18:08,844
GEOR20066,Pako Forever,6110,12/22/2024, 14:13:22,844
GEOR20066,Pako Forever,6110,12/22/2024, 15:13:47,844
GEOR20066,Pako Forever,6110,12/22/2024, 16:16:19,844
GEOR20066,Pako Forever,6110,12/22/2024, 17:12:57,844
GEOR20066,Pako Forever,6110,12/22/2024, 18:18:20,844
GEOR20066,Pako Forever,6110,12/22/2024, 19:11:10,844
GEOR20066,Pako Forever,6110,12/22/2024, 20:15:07,844
GEOR20066,Pako Forever,6110,12/22/2024, 21:13:07,844
GEOR20066,Pako Forever,6110,12/22/2024, 22:13:47,844
GEOR20066,Pako Forever,6110,12/22/2024, 23:14:48,844
GEOR20066,Pako Forever,6110,12/23/2024, 01:08:14,844
GEOR20066,Pako Forever,6110,12/23/2024, 02:49:07,844
GEOR20066,Pako Forever,6110,12/23/2024, 03:21:40,844
GEOR20066,Pako Forever,6110,12/23/2024, 04:18:08,844
GEOR20066,Pako Forever,6110,12/23/2024, 05:15:23,844
GEOR20066,Pako Forever,6111,12/23/2024, 06:21:45,844
GEOR20066,Pako Forever,6111,12/23/2024, 07:15:10,844
GEOR20066,Pako Forever,6111,12/23/2024, 08:20:04,844
GEOR20066,Pako Forever,6111,12/23/2024, 09:16:25,844
GEOR20066,Pako Forever,6111,12/23/2024, 10:16:52,844
GEOR20066,Pako Forever,6111,12/23/2024, 11:12:38,844
GEOR20066,Pako Forever,6111,12/23/2024, 12:28:49,844
GEOR20066,Pako Forever,6111,12/23/2024, 13:21:45,844
GEOR20066,Pako Forever,6111,12/23/2024, 14:14:12,844
GEOR20066,Pako Forever,6111,12/23/2024, 15:15:25,844
GEOR20066,Pako Forever,6111,12/23/2024, 16:17:48,844
GEOR20066,Pako Forever,6111,12/23/2024, 17:13:31,844
GEOR20066,Pako Forever,6111,12/23/2024, 18:19:30,844
GEOR20066,Pako Forever,6111,12/23/2024, 19:11:54,844
GEOR20066,Pako Forever,6111,12/23/2024, 20:15:59,844
GEOR20066,Pako Forever,6111,12/23/2024, 21:13:40,844
GEOR20066,Pako Forever,6111,12/23/2024, 22:13:55,844
GEOR20066,Pako Forever,6111,12/23/2024, 23:14:32,844
GEOR20066,Pako Forever,6111,12/24/2024, 01:06:25,844
GEOR20066,Pako Forever,6111,12/24/2024, 02:45:47,844
GEOR20066,Pako Forever,6111,12/24/2024, 03:20:24,844
GEOR20066,Pako Forever,6111,12/24/2024, 04:18:13,844
GEOR20066,Pako Forever,6111,12/24/2024, 05:15:05,844
GEOR20066,Pako Forever,6111,12/24/2024, 06:20:50,844
GEOR20066,Pako Forever,6111,12/24/2024, 07:14:33,844
GEOR20066,Pako Forever,6111,12/24/2024, 08:19:11,844
GEOR20066,Pako Forever,6111,12/24/2024, 09:15:29,844
GEOR20066,Pako Forever,6111,12/24/2024, 10:15:39,844
GEOR20066,Pako Forever,6111,12/24/2024, 11:12:57,844
GEOR20066,Pako Forever,6111,12/24/2024, 12:28:13,844
GEOR20066,Pako Forever,6111,12/24/2024, 13:20:23,844
GEOR20066,Pako Forever,6111,12/24/2024, 14:13:48,844
GEOR20066,Pako Forever,6111,12/24/2024, 15:14:41,844
GEOR20066,Pako Forever,6111,12/24/2024, 16:17:29,844
GEOR20066,Pako Forever,6111,12/24/2024, 17:12:50,844
GEOR20066,Pako Forever,6111,12/24/2024, 18:19:20,844
GEOR20066,Pako Forever,6111,12/24/2024, 19:11:41,844
GEOR20066,Pako Forever,6111,12/24/2024, 20:15:47,844
GEOR20066,Pako Forever,6111,12/24/2024, 21:13:52,844
GEOR20066,Pako Forever,6111,12/24/2024, 22:13:51,844
GEOR20066,Pako Forever,6112,12/24/2024, 23:14:08,844
GEOR20066,Pako Forever,6112,12/25/2024, 01:05:39,844
GEOR20066,Pako Forever,6112,12/25/2024, 02:44:10,844
GEOR20066,Pako Forever,6112,12/25/2024, 03:18:42,844
GEOR20066,Pako Forever,6112,12/25/2024, 04:18:22,844
GEOR20066,Pako Forever,6112,12/25/2024, 05:14:54,844
GEOR20066,Pako Forever,6112,12/25/2024, 06:20:51,844
GEOR20066,Pako Forever,6112,12/25/2024, 07:14:24,844
GEOR20066,Pako Forever,6112,12/25/2024, 08:19:21,844
GEOR20066,Pako Forever,6112,12/25/2024, 09:15:23,844
GEOR20066,Pako Forever,6112,12/25/2024, 10:15:42,844
GEOR20066,Pako Forever,6112,12/25/2024, 11:12:30,844
GEOR20066,Pako Forever,6112,12/25/2024, 12:27:32,844
GEOR20066,Pako Forever,6112,12/25/2024, 13:20:22,844
GEOR20066,Pako Forever,6112,12/25/2024, 14:13:40,844
GEOR20066,Pako Forever,6112,12/25/2024, 15:14:43,844
GEOR20066,Pako Forever,6112,12/25/2024, 16:17:15,844
GEOR20066,Pako Forever,6112,12/25/2024, 17:13:50,844
GEOR20066,Pako Forever,6112,12/25/2024, 18:19:12,844
GEOR20066,Pako Forever,6112,12/25/2024, 19:12:03,844
GEOR20066,Pako Forever,6112,12/25/2024, 20:15:45,844
GEOR20066,Pako Forever,6112,12/25/2024, 21:13:40,844
GEOR20066,Pako Forever,6112,12/25/2024, 22:13:44,844
GEOR20066,Pako Forever,6112,12/25/2024, 23:14:04,844
GEOR20066,Pako Forever,6112,12/26/2024, 01:06:09,844
GEOR20066,Pako Forever,6112,12/26/2024, 02:44:55,844
GEOR20066,Pako Forever,6112,12/26/2024, 03:19:40,844
GEOR20066,Pako Forever,6112,12/26/2024, 04:18:28,844
GEOR20066,Pako Forever,6112,12/26/2024, 05:14:53,844
GEOR20066,Pako Forever,6112,12/26/2024, 06:21:12,844
GEOR20066,Pako Forever,6113,12/26/2024, 07:14:17,844
GEOR20066,Pako Forever,6113,12/26/2024, 08:19:09,844
GEOR20066,Pako Forever,6113,12/26/2024, 09:15:40,844
GEOR20066,Pako Forever,6113,12/26/2024, 10:15:28,844
GEOR20066,Pako Forever,6113,12/26/2024, 11:12:47,844
GEOR20066,Pako Forever,6113,12/26/2024, 12:28:37,844
GEOR20066,Pako Forever,6113,12/26/2024, 13:21:00,844
GEOR20066,Pako Forever,6113,12/26/2024, 14:14:00,844
GEOR20066,Pako Forever,6113,12/26/2024, 15:14:56,844
GEOR20066,Pako Forever,6113,12/26/2024, 16:17:44,844
GEOR20066,Pako Forever,6113,12/26/2024, 17:13:02,844
GEOR20066,Pako Forever,6113,12/26/2024, 18:19:55,844
GEOR20066,Pako Forever,6113,12/26/2024, 19:12:45,844
GEOR20066,Pako Forever,6113,12/26/2024, 20:15:56,844
GEOR20066,Pako Forever,6113,12/26/2024, 21:13:33,844
GEOR20066,Pako Forever,6113,12/26/2024, 22:13:51,844
GEOR20066,Pako Forever,6113,12/26/2024, 23:14:30,844
GEOR20066,Pako Forever,6113,12/27/2024, 01:06:11,844
GEOR20066,Pako Forever,6113,12/27/2024, 02:45:47,844
GEOR20066,Pako Forever,6113,12/27/2024, 03:19:20,844
GEOR20066,Pako Forever,6113,12/27/2024, 04:18:03,844
GEOR20066,Pako Forever,6113,12/27/2024, 05:14:47,844
GEOR20066,Pako Forever,6113,12/27/2024, 06:20:57,844
GEOR20066,Pako Forever,6113,12/27/2024, 07:14:56,844
GEOR20066,Pako Forever,6113,12/27/2024, 08:19:11,844
GEOR20066,Pako Forever,6113,12/27/2024, 09:15:23,844
GEOR20066,Pako Forever,6113,12/27/2024, 10:15:25,844
GEOR20066,Pako Forever,6113,12/27/2024, 11:12:18,844
GEOR20066,Pako Forever,6113,12/27/2024, 12:27:28,844
GEOR20066,Pako Forever,6113,12/27/2024, 13:20:16,844
GEOR20066,Pako Forever,6113,12/27/2024, 14:14:09,844
GEOR20066,Pako Forever,6113,12/27/2024, 15:14:44,844
GEOR20066,Pako Forever,6113,12/27/2024, 16:17:33,844
GEOR20066,Pako Forever,6113,12/27/2024, 17:13:04,844
GEOR20066,Pako Forever,6113,12/27/2024, 18:19:47,844
GEOR20066,Pako Forever,6113,12/27/2024, 19:11:39,844
GEOR20066,Pako Forever,6113,12/27/2024, 20:15:32,844
GEOR20066,Pako Forever,6113,12/27/2024, 21:13:33,844
GEOR20066,Pako Forever,6113,12/27/2024, 22:13:50,844
GEOR20066,Pako Forever,6113,12/27/2024, 23:13:58,844
GEOR20066,Pako Forever,6113,12/28/2024, 01:05:04,844
GEOR20066,Pako Forever,6113,12/28/2024, 02:43:00,844
GEOR20066,Pako Forever,6113,12/28/2024, 03:17:33,844
GEOR20066,Pako Forever,6113,12/28/2024, 04:17:45,844
GEOR20066,Pako Forever,6113,12/28/2024, 05:14:18,844
GEOR20066,Pako Forever,6113,12/28/2024, 06:19:24,844
GEOR20066,Pako Forever,6113,12/28/2024, 07:13:13,844
GEOR20066,Pako Forever,6113,12/28/2024, 08:17:49,844
GEOR20066,Pako Forever,6113,12/28/2024, 09:14:24,844
GEOR20066,Pako Forever,6113,12/28/2024, 10:14:28,844
GEOR20066,Pako Forever,6113,12/28/2024, 11:11:48,844
GEOR20066,Pako Forever,6113,12/28/2024, 12:25:45,844
GEOR20066,Pako Forever,6113,12/28/2024, 13:17:49,844
GEOR20066,Pako Forever,6113,12/28/2024, 14:12:36,844
GEOR20066,Pako Forever,6113,12/28/2024, 15:14:08,844
GEOR20066,Pako Forever,6113,12/28/2024, 16:16:34,844
GEOR20066,Pako Forever,6113,12/28/2024, 17:12:21,844
GEOR20066,Pako Forever,6113,12/28/2024, 18:18:26,844
GEOR20066,Pako Forever,6113,12/28/2024, 19:11:20,844
GEOR20066,Pako Forever,6113,12/28/2024, 20:15:18,844
GEOR20066,Pako Forever,6113,12/28/2024, 21:13:02,844
GEOR20066,Pako Forever,6113,12/28/2024, 22:13:34,844
GEOR20066,Pako Forever,6113,12/28/2024, 23:14:33,844
GEOR20066,Pako Forever,6113,12/29/2024, 01:12:39,844
GEOR20066,Pako Forever,6113,12/29/2024, 02:53:51,844
GEOR20066,Pako Forever,6113,12/29/2024, 03:24:32,844
GEOR20066,Pako Forever,6113,12/29/2024, 04:17:55,844
GEOR20066,Pako Forever,6113,12/29/2024, 05:14:23,844
GEOR20066,Pako Forever,6113,12/29/2024, 06:19:33,844
GEOR20066,Pako Forever,6113,12/29/2024, 07:13:35,844
GEOR20066,Pako Forever,6113,12/29/2024, 08:18:07,844
GEOR20066,Pako Forever,6114,12/29/2024, 09:13:52,844
GEOR20066,Pako Forever,6114,12/29/2024, 10:14:25,844
GEOR20066,Pako Forever,6114,12/29/2024, 11:11:47,844
GEOR20066,Pako Forever,6114,12/29/2024, 12:25:33,844
GEOR20066,Pako Forever,6114,12/29/2024, 13:17:49,844
GEOR20066,Pako Forever,6114,12/29/2024, 14:12:39,844
GEOR20066,Pako Forever,6114,12/29/2024, 15:13:30,844
GEOR20066,Pako Forever,6114,12/29/2024, 16:16:38,844
GEOR20066,Pako Forever,6114,12/29/2024, 17:13:15,844
GEOR20066,Pako Forever,6114,12/29/2024, 18:18:41,844
GEOR20066,Pako Forever,6114,12/29/2024, 19:11:28,844
GEOR20066,Pako Forever,6114,12/29/2024, 20:15:07,844
GEOR20066,Pako Forever,6114,12/29/2024, 21:13:20,844
GEOR20066,Pako Forever,6114,12/29/2024, 22:13:36,844
GEOR20066,Pako Forever,6114,12/29/2024, 23:14:02,844
GEOR20066,Pako Forever,6114,12/30/2024, 01:08:47,844
GEOR20066,Pako Forever,6115,12/30/2024, 02:50:03,844
GEOR20066,Pako Forever,6115,12/30/2024, 03:21:52,844
GEOR20066,Pako Forever,6115,12/30/2024, 04:18:17,844
GEOR20066,Pako Forever,6115,12/30/2024, 05:15:17,844
GEOR20066,Pako Forever,6115,12/30/2024, 06:21:37,844
GEOR20066,Pako Forever,6115,12/30/2024, 07:15:55,844
GEOR20066,Pako Forever,6115,12/30/2024, 08:19:44,844
GEOR20066,Pako Forever,6115,12/30/2024, 09:16:31,844
GEOR20066,Pako Forever,6115,12/30/2024, 10:16:02,844
GEOR20066,Pako Forever,6115,12/30/2024, 11:12:43,844
GEOR20066,Pako Forever,6115,12/30/2024, 12:28:21,844
GEOR20066,Pako Forever,6115,12/30/2024, 13:21:24,844
GEOR20066,Pako Forever,6115,12/30/2024, 14:14:06,844
GEOR20066,Pako Forever,6115,12/30/2024, 15:15:22,844
GEOR20066,Pako Forever,6115,12/30/2024, 16:17:44,844
GEOR20066,Pako Forever,6115,12/30/2024, 17:13:23,844
GEOR20066,Pako Forever,6115,12/30/2024, 18:20:01,844
GEOR20066,Pako Forever,6115,12/30/2024, 19:11:44,844
GEOR20066,Pako Forever,6115,12/30/2024, 20:16:02,844
GEOR20066,Pako Forever,6115,12/30/2024, 21:13:53,844
GEOR20066,Pako Forever,6115,12/30/2024, 22:14:06,844
GEOR20066,Pako Forever,6115,12/30/2024, 23:14:10,844
GEOR20066,Pako Forever,6115,12/31/2024, 01:05:59,844
GEOR20066,Pako Forever,6115,12/31/2024, 02:44:48,844
GEOR20066,Pako Forever,6115,12/31/2024, 03:19:05,844
GEOR20066,Pako Forever,6115,12/31/2024, 04:18:07,844
GEOR20066,Pako Forever,6115,12/31/2024, 05:14:40,844
GEOR20066,Pako Forever,6115,12/31/2024, 06:20:40,844
GEOR20066,Pako Forever,6115,12/31/2024, 07:14:24,844
GEOR20066,Pako Forever,6115,12/31/2024, 08:19:23,844
GEOR20066,Pako Forever,6115,12/31/2024, 09:15:24,844
GEOR20066,Pako Forever,6115,12/31/2024, 10:15:56,844
GEOR20066,Pako Forever,6115,12/31/2024, 11:12:27,844
GEOR20066,Pako Forever,6115,12/31/2024, 12:27:53,844
GEOR20066,Pako Forever,6115,12/31/2024, 13:20:17,844
GEOR20066,Pako Forever,6115,12/31/2024, 14:13:39,844
GEOR20066,Pako Forever,6115,12/31/2024, 15:14:50,844
GEOR20066,Pako Forever,6115,12/31/2024, 16:17:12,844
GEOR20066,Pako Forever,6115,12/31/2024, 17:13:04,844
GEOR20066,Pako Forever,6115,12/31/2024, 18:19:13,844
GEOR20066,Pako Forever,6115,12/31/2024, 19:11:54,844
GEOR20066,Pako Forever,6115,12/31/2024, 20:15:39,844
GEOR20066,Pako Forever,6115,12/31/2024, 21:14:08,844
GEOR20066,Pako Forever,6115,12/31/2024, 22:13:53,844
GEOR20066,Pako Forever,6115,12/31/2024, 23:14:07,844
GEOR20066,Pako Forever,6115,01/01/2025, 01:12:18,844
GEOR20066,Pako Forever,6115,01/01/2025, 02:54:57,844
GEOR20066,Pako Forever,6115,01/01/2025, 03:26:58,844
GEOR20066,Pako Forever,6115,01/01/2025, 04:18:29,844
GEOR20066,Pako Forever,6115,01/01/2025, 05:15:09,844
GEOR20066,Pako Forever,6115,01/01/2025, 06:21:33,844
GEOR20066,Pako Forever,6115,01/01/2025, 07:14:37,844
GEOR20066,Pako Forever,6115,01/01/2025, 08:19:22,844
GEOR20066,Pako Forever,6115,01/01/2025, 09:15:30,844
GEOR20066,Pako Forever,6115,01/01/2025, 10:15:38,844
GEOR20066,Pako Forever,6115,01/01/2025, 11:12:26,844
GEOR20066,Pako Forever,6116,01/01/2025, 12:27:32,844
GEOR20066,Pako Forever,6116,01/01/2025, 13:20:18,844
GEOR20066,Pako Forever,6116,01/01/2025, 14:13:42,844
GEOR20066,Pako Forever,6116,01/01/2025, 15:15:22,844
GEOR20066,Pako Forever,6116,01/01/2025, 16:17:22,844
GEOR20066,Pako Forever,6116,01/01/2025, 17:13:04,844
GEOR20066,Pako Forever,6116,01/01/2025, 18:19:19,844
GEOR20066,Pako Forever,6116,01/01/2025, 19:11:54,844
GEOR20066,Pako Forever,6116,01/01/2025, 20:15:38,844
GEOR20066,Pako Forever,6116,01/01/2025, 21:14:23,844
GEOR20066,Pako Forever,6116,01/01/2025, 22:13:54,844
GEOR20066,Pako Forever,6116,01/01/2025, 23:14:21,844
GEOR20066,Pako Forever,6116,01/02/2025, 01:05:52,844
GEOR20066,Pako Forever,6116,01/02/2025, 02:44:53,844
GEOR20066,Pako Forever,6116,01/02/2025, 03:18:57,844
GEOR20066,Pako Forever,6116,01/02/2025, 04:17:54,844
GEOR20066,Pako Forever,6116,01/02/2025, 05:15:02,844
GEOR20066,Pako Forever,6116,01/02/2025, 06:20:47,844
GEOR20066,Pako Forever,6116,01/02/2025, 07:14:16,844
GEOR20066,Pako Forever,6116,01/02/2025, 08:19:29,844
GEOR20066,Pako Forever,6116,01/02/2025, 09:15:42,844
GEOR20066,Pako Forever,6116,01/02/2025, 10:15:40,844
GEOR20066,Pako Forever,6116,01/02/2025, 11:12:25,844
GEOR20066,Pako Forever,6116,01/02/2025, 12:28:09,844
GEOR20066,Pako Forever,6116,01/02/2025, 13:20:52,844
GEOR20066,Pako Forever,6116,01/02/2025, 14:13:52,844
GEOR20066,Pako Forever,6116,01/02/2025, 15:14:55,844
GEOR20066,Pako Forever,6116,01/02/2025, 16:18:10,844
GEOR20066,Pako Forever,6116,01/02/2025, 17:13:34,844
GEOR20066,Pako Forever,6116,01/02/2025, 18:19:59,844
GEOR20066,Pako Forever,6116,01/02/2025, 19:12:03,844
GEOR20066,Pako Forever,6116,01/02/2025, 20:15:58,844
GEOR20066,Pako Forever,6116,01/02/2025, 21:14:23,844
GEOR20066,Pako Forever,6116,01/02/2025, 22:14:05,844
GEOR20066,Pako Forever,6116,01/02/2025, 23:14:38,844
GEOR20066,Pako Forever,6116,01/03/2025, 01:06:52,844
GEOR20066,Pako Forever,6116,01/03/2025, 02:46:39,844
GEOR20066,Pako Forever,6116,01/03/2025, 03:19:28,844
GEOR20066,Pako Forever,6116,01/03/2025, 04:18:30,844
GEOR20066,Pako Forever,6116,01/03/2025, 05:14:47,844
GEOR20066,Pako Forever,6116,01/03/2025, 06:20:46,844
GEOR20066,Pako Forever,6116,01/03/2025, 07:14:22,844
GEOR20066,Pako Forever,6116,01/03/2025, 08:19:17,844
GEOR20066,Pako Forever,6116,01/03/2025, 09:15:45,844
GEOR20066,Pako Forever,6116,01/03/2025, 10:15:56,844
GEOR20066,Pako Forever,6116,01/03/2025, 11:12:35,844
GEOR20066,Pako Forever,6116,01/03/2025, 12:28:08,844
GEOR20066,Pako Forever,6116,01/03/2025, 13:20:46,844
GEOR20066,Pako Forever,6116,01/03/2025, 14:14:05,844
GEOR20066,Pako Forever,6116,01/03/2025, 15:15:17,844
GEOR20066,Pako Forever,6116,01/03/2025, 16:18:03,844
GEOR20066,Pako Forever,6116,01/03/2025, 17:13:31,844
GEOR20066,Pako Forever,6116,01/03/2025, 18:19:54,844
GEOR20066,Pako Forever,6116,01/03/2025, 19:12:11,844
GEOR20066,Pako Forever,6116,01/03/2025, 20:15:58,844
GEOR20066,Pako Forever,6116,01/03/2025, 21:13:35,844
GEOR20066,Pako Forever,6116,01/03/2025, 22:13:54,844
GEOR20066,Pako Forever,6116,01/03/2025, 23:14:47,844
GEOR20066,Pako Forever,6116,01/04/2025, 01:05:07,844
GEOR20066,Pako Forever,6116,01/04/2025, 02:43:38,844
GEOR20066,Pako Forever,6116,01/04/2025, 03:18:28,844
GEOR20066,Pako Forever,6116,01/04/2025, 04:17:18,844
GEOR20066,Pako Forever,6116,01/04/2025, 05:14:08,844
GEOR20066,Pako Forever,6116,01/04/2025, 06:19:33,844
GEOR20066,Pako Forever,6116,01/04/2025, 07:13:14,844
GEOR20066,Pako Forever,6116,01/04/2025, 08:17:39,844
GEOR20066,Pako Forever,6116,01/04/2025, 09:14:33,844
GEOR20066,Pako Forever,6116,01/04/2025, 10:14:55,844
GEOR20066,Pako Forever,6116,01/04/2025, 11:12:09,844
GEOR20066,Pako Forever,6116,01/04/2025, 12:26:41,844
GEOR20066,Pako Forever,6116,01/04/2025, 13:19:07,844
GEOR20066,Pako Forever,6116,01/04/2025, 14:12:49,844
GEOR20066,Pako Forever,6116,01/04/2025, 15:13:55,844
GEOR20066,Pako Forever,6116,01/04/2025, 16:16:38,844
GEOR20066,Pako Forever,6116,01/04/2025, 17:12:28,844
GEOR20066,Pako Forever,6116,01/04/2025, 18:18:43,844
GEOR20066,Pako Forever,6116,01/04/2025, 19:11:38,844
GEOR20066,Pako Forever,6116,01/04/2025, 20:15:24,844
GEOR20066,Pako Forever,6116,01/04/2025, 21:13:40,844
GEOR20066,Pako Forever,6116,01/04/2025, 22:13:24,844
GEOR20066,Pako Forever,6116,01/04/2025, 23:13:57,844
GEOR20066,Pako Forever,6116,01/05/2025, 01:12:03,844
GEOR20066,Pako Forever,6116,01/05/2025, 02:52:49,844
GEOR20066,Pako Forever,6116,01/05/2025, 03:23:06,844
GEOR20066,Pako Forever,6116,01/05/2025, 04:17:32,844
GEOR20066,Pako Forever,6116,01/05/2025, 05:13:54,844
GEOR20066,Pako Forever,6116,01/05/2025, 06:19:52,844
GEOR20066,Pako Forever,6116,01/05/2025, 07:13:17,844
GEOR20066,Pako Forever,6116,01/05/2025, 08:17:35,844
GEOR20066,Pako Forever,6116,01/05/2025, 09:14:40,844
GEOR20066,Pako Forever,6116,01/05/2025, 10:14:34,844
GEOR20066,Pako Forever,6116,01/05/2025, 11:11:48,844
GEOR20066,Pako Forever,6116,01/05/2025, 12:26:08,844
GEOR20066,Pako Forever,6116,01/05/2025, 13:18:05,844
GEOR20066,Pako Forever,6116,01/05/2025, 14:12:45,844
GEOR20066,Pako Forever,6116,01/05/2025, 15:13:55,844
GEOR20066,Pako Forever,6116,01/05/2025, 16:16:20,844
GEOR20066,Pako Forever,6116,01/05/2025, 17:12:32,844
GEOR20066,Pako Forever,6116,01/05/2025, 18:18:21,844
GEOR20066,Pako Forever,6116,01/05/2025, 19:11:18,844
GEOR20066,Pako Forever,6116,01/05/2025, 20:14:55,844
GEOR20066,Pako Forever,6116,01/05/2025, 21:13:42,844
GEOR20066,Pako Forever,6116,01/05/2025, 22:13:34,844
GEOR20066,Pako Forever,6116,01/05/2025, 23:13:55,844
GEOR20066,Pako Forever,6116,01/06/2025, 01:09:36,844
GEOR20066,Pako Forever,6116,01/06/2025, 02:52:17,844
GEOR20066,Pako Forever,6116,01/06/2025, 03:23:49,844
GEOR20066,Pako Forever,6116,01/06/2025, 04:18:38,844
GEOR20066,Pako Forever,6116,01/06/2025, 05:15:29,844
GEOR20066,Pako Forever,6116,01/06/2025, 06:22:05,844
GEOR20066,Pako Forever,6116,01/06/2025, 07:15:21,844
GEOR20066,Pako Forever,6116,01/06/2025, 08:20:19,844
GEOR20066,Pako Forever,6116,01/06/2025, 09:16:42,844
GEOR20066,Pako Forever,6116,01/06/2025, 10:16:53,844
GEOR20066,Pako Forever,6116,01/06/2025, 11:13:02,844
GEOR20066,Pako Forever,6116,01/06/2025, 12:29:47,844
GEOR20066,Pako Forever,6116,01/06/2025, 13:22:41,844
GEOR20066,Pako Forever,6116,01/06/2025, 14:14:24,844
GEOR20066,Pako Forever,6116,01/06/2025, 15:15:56,844
GEOR20066,Pako Forever,6116,01/06/2025, 16:18:21,844
GEOR20066,Pako Forever,6116,01/06/2025, 17:13:41,844
GEOR20066,Pako Forever,6116,01/06/2025, 18:20:16,844
GEOR20066,Pako Forever,6116,01/06/2025, 19:12:04,844
GEOR20066,Pako Forever,6116,01/06/2025, 20:15:03,844
GEOR20066,Pako Forever,6116,01/06/2025, 21:14:39,844
GEOR20066,Pako Forever,6116,01/06/2025, 22:14:30,844
GEOR20066,Pako Forever,6116,01/06/2025, 23:14:59,844
GEOR20066,Pako Forever,6116,01/07/2025, 01:07:17,844
GEOR20066,Pako Forever,6116,01/07/2025, 02:48:29,844
GEOR20066,Pako Forever,6116,01/07/2025, 03:22:18,844
GEOR20066,Pako Forever,6116,01/07/2025, 04:17:51,844
GEOR20066,Pako Forever,6116,01/07/2025, 05:14:59,844
GEOR20066,Pako Forever,6116,01/07/2025, 06:21:53,844
GEOR20066,Pako Forever,6116,01/07/2025, 07:14:44,844
GEOR20066,Pako Forever,6116,01/07/2025, 08:19:38,844
GEOR20066,Pako Forever,6116,01/07/2025, 09:16:25,844
GEOR20066,Pako Forever,6116,01/07/2025, 10:16:39,844
GEOR20066,Pako Forever,6116,01/07/2025, 11:12:47,844
GEOR20066,Pako Forever,6116,01/07/2025, 12:29:17,844
GEOR20066,Pako Forever,6116,01/07/2025, 13:23:01,844
GEOR20066,Pako Forever,6116,01/07/2025, 15:22:40,844
GEOR20066,Pako Forever,6116,01/07/2025, 16:32:46,844
GEOR20066,Pako Forever,6116,01/07/2025, 17:13:58,844
GEOR20066,Pako Forever,6116,01/07/2025, 18:20:31,844
GEOR20066,Pako Forever,6116,01/07/2025, 19:12:21,844
GEOR20066,Pako Forever,6116,01/07/2025, 20:16:17,844
GEOR20066,Pako Forever,6116,01/07/2025, 21:14:25,844
GEOR20066,Pako Forever,6116,01/07/2025, 22:14:10,844
GEOR20066,Pako Forever,6116,01/07/2025, 23:14:14,844
GEOR20066,Pako Forever,6116,01/08/2025, 01:07:04,844
GEOR20066,Pako Forever,6116,01/08/2025, 02:45:41,844
GEOR20066,Pako Forever,6116,01/08/2025, 03:19:36,844
GEOR20066,Pako Forever,6116,01/08/2025, 04:18:38,844
GEOR20066,Pako Forever,6116,01/08/2025, 05:15:07,844
GEOR20066,Pako Forever,6116,01/08/2025, 06:21:04,844
GEOR20066,Pako Forever,6116,01/08/2025, 07:14:32,844
GEOR20066,Pako Forever,6116,01/08/2025, 08:20:00,844
GEOR20066,Pako Forever,6116,01/08/2025, 09:16:05,844
GEOR20066,Pako Forever,6116,01/08/2025, 10:16:26,844
GEOR20066,Pako Forever,6116,01/08/2025, 11:12:38,844
GEOR20066,Pako Forever,6116,01/08/2025, 12:29:22,844
GEOR20066,Pako Forever,6116,01/08/2025, 13:22:15,844
GEOR20066,Pako Forever,6116,01/08/2025, 14:14:45,844
GEOR20066,Pako Forever,6116,01/08/2025, 15:15:50,844
GEOR20066,Pako Forever,6116,01/08/2025, 16:18:32,844
GEOR20066,Pako Forever,6116,01/08/2025, 17:13:44,844
GEOR20066,Pako Forever,6116,01/08/2025, 18:20:16,844
GEOR20066,Pako Forever,6116,01/08/2025, 19:12:19,844
GEOR20066,Pako Forever,6116,01/08/2025, 20:16:33,844
GEOR20066,Pako Forever,6116,01/08/2025, 21:14:36,844
GEOR20066,Pako Forever,6116,01/08/2025, 22:14:12,844
GEOR20066,Pako Forever,6116,01/08/2025, 23:14:17,844
GEOR20066,Pako Forever,6116,01/09/2025, 01:06:41,844
GEOR20066,Pako Forever,6116,01/09/2025, 03:11:06,844
GEOR20066,Pako Forever,6116,01/09/2025, 04:18:19,844
GEOR20066,Pako Forever,6116,01/09/2025, 05:15:02,844
GEOR20066,Pako Forever,6116,01/09/2025, 06:20:33,844
GEOR20066,Pako Forever,6116,01/09/2025, 07:15:01,844
GEOR20066,Pako Forever,6116,01/09/2025, 08:19:12,844
GEOR20066,Pako Forever,6116,01/09/2025, 09:16:07,844
GEOR20066,Pako Forever,6116,01/09/2025, 10:16:32,844
GEOR20066,Pako Forever,6116,01/09/2025, 11:12:43,844
GEOR20066,Pako Forever,6116,01/09/2025, 12:29:10,844
GEOR20066,Pako Forever,6116,01/09/2025, 13:22:16,844
GEOR20066,Pako Forever,6116,01/09/2025, 14:14:17,844
GEOR20066,Pako Forever,6116,01/09/2025, 15:16:18,844
GEOR20066,Pako Forever,6116,01/09/2025, 16:18:59,844
GEOR20066,Pako Forever,6116,01/09/2025, 17:13:45,844
GEOR20066,Pako Forever,6116,01/09/2025, 18:20:35,844
GEOR20066,Pako Forever,6116,01/09/2025, 19:12:31,844
GEOR20066,Pako Forever,6116,01/09/2025, 20:16:42,844
GEOR20066,Pako Forever,6116,01/09/2025, 21:14:13,844
GEOR20066,Pako Forever,6116,01/09/2025, 22:14:24,844
GEOR20066,Pako Forever,6116,01/09/2025, 23:14:52,844
GEOR20066,Pako Forever,6116,01/10/2025, 01:08:43,844
GEOR20066,Pako Forever,6116,01/10/2025, 02:51:15,844
GEOR20066,Pako Forever,6116,01/10/2025, 03:22:20,844
GEOR20066,Pako Forever,6116,01/10/2025, 04:18:16,844
GEOR20066,Pako Forever,6116,01/10/2025, 05:14:58,844
GEOR20066,Pako Forever,6116,01/10/2025, 06:21:12,844
GEOR20066,Pako Forever,6116,01/10/2025, 07:14:41,844
GEOR20066,Pako Forever,6116,01/10/2025, 08:19:26,844
GEOR20066,Pako Forever,6116,01/10/2025, 09:16:18,844
GEOR20066,Pako Forever,6116,01/10/2025, 10:16:40,844
GEOR20066,Pako Forever,6116,01/10/2025, 11:13:04,844
GEOR20066,Pako Forever,6116,01/10/2025, 12:28:54,844
GEOR20066,Pako Forever,6116,01/10/2025, 13:21:14,844
GEOR20066,Pako Forever,6116,01/10/2025, 14:14:37,844
GEOR20066,Pako Forever,6116,01/10/2025, 15:14:34,844
GEOR20066,Pako Forever,6116,01/10/2025, 16:18:28,844
GEOR20066,Pako Forever,6116,01/10/2025, 17:13:31,844
GEOR20066,Pako Forever,6116,01/10/2025, 18:20:15,844
GEOR20066,Pako Forever,6116,01/10/2025, 19:12:28,844
GEOR20066,Pako Forever,6116,01/10/2025, 20:16:41,844
GEOR20066,Pako Forever,6116,01/10/2025, 21:14:18,844
GEOR20066,Pako Forever,6116,01/10/2025, 22:14:37,844
GEOR20066,Pako Forever,6116,01/10/2025, 23:14:16,844
GEOR20066,Pako Forever,6116,01/11/2025, 01:07:10,844
GEOR20066,Pako Forever,6116,01/11/2025, 02:46:02,844
GEOR20066,Pako Forever,6116,01/11/2025, 03:20:05,844
GEOR20066,Pako Forever,6116,01/11/2025, 04:17:52,844
GEOR20066,Pako Forever,6116,01/11/2025, 05:13:55,844
GEOR20066,Pako Forever,6116,01/11/2025, 06:19:22,844
GEOR20066,Pako Forever,6116,01/11/2025, 07:13:31,844
GEOR20066,Pako Forever,6116,01/11/2025, 08:17:34,844
GEOR20066,Pako Forever,6116,01/11/2025, 09:14:40,844
GEOR20066,Pako Forever,6116,01/11/2025, 10:14:29,844
GEOR20066,Pako Forever,6116,01/11/2025, 11:11:56,844
GEOR20066,Pako Forever,6116,01/11/2025, 12:26:30,844
GEOR20066,Pako Forever,6116,01/11/2025, 13:18:17,844
GEOR20066,Pako Forever,6116,01/11/2025, 14:12:49,844
GEOR20066,Pako Forever,6116,01/11/2025, 15:13:47,844
GEOR20066,Pako Forever,6116,01/11/2025, 16:17:29,844
GEOR20066,Pako Forever,6116,01/11/2025, 17:12:41,844
GEOR20066,Pako Forever,6116,01/11/2025, 18:18:55,844
GEOR20066,Pako Forever,6116,01/11/2025, 19:11:34,844
GEOR20066,Pako Forever,6116,01/11/2025, 20:15:18,844
GEOR20066,Pako Forever,6116,01/11/2025, 21:13:02,844
GEOR20066,Pako Forever,6116,01/11/2025, 22:13:29,844
GEOR20066,Pako Forever,6116,01/11/2025, 23:13:59,844
GEOR20066,Pako Forever,6116,01/12/2025, 01:13:20,844
GEOR20066,Pako Forever,6116,01/12/2025, 02:55:03,844
GEOR20066,Pako Forever,6116,01/12/2025, 03:26:03,844
GEOR20066,Pako Forever,6116,01/12/2025, 04:17:55,844
GEOR20066,Pako Forever,6116,01/12/2025, 05:14:35,844
GEOR20066,Pako Forever,6116,01/12/2025, 06:19:51,844
GEOR20066,Pako Forever,6116,01/12/2025, 07:13:10,844
GEOR20066,Pako Forever,6116,01/12/2025, 08:17:22,844
GEOR20066,Pako Forever,6116,01/12/2025, 09:14:25,844
GEOR20066,Pako Forever,6116,01/12/2025, 10:14:34,844
GEOR20066,Pako Forever,6116,01/12/2025, 11:12:24,844
GEOR20066,Pako Forever,6116,01/12/2025, 12:26:26,844
GEOR20066,Pako Forever,6116,01/12/2025, 13:18:04,844
GEOR20066,Pako Forever,6116,01/12/2025, 14:12:41,844
GEOR20066,Pako Forever,6116,01/12/2025, 15:14:02,844
GEOR20066,Pako Forever,6116,01/12/2025, 16:16:15,844
GEOR20066,Pako Forever,6116,01/12/2025, 17:12:35,844
GEOR20066,Pako Forever,6116,01/12/2025, 18:18:40,844
GEOR20066,Pako Forever,6116,01/12/2025, 19:11:23,844
GEOR20066,Pako Forever,6116,01/12/2025, 20:15:10,844
GEOR20066,Pako Forever,6117,01/12/2025, 21:13:34,844
GEOR20066,Pako Forever,6117,01/12/2025, 22:13:39,844
GEOR20066,Pako Forever,6117,01/12/2025, 23:13:51,844
GEOR20066,Pako Forever,6117,01/13/2025, 01:10:47,844
GEOR20066,Pako Forever,6117,01/13/2025, 02:53:28,844
GEOR20066,Pako Forever,6117,01/13/2025, 03:24:53,844
GEOR20066,Pako Forever,6117,01/13/2025, 04:19:06,844
GEOR20066,Pako Forever,6117,01/13/2025, 05:15:49,844
GEOR20066,Pako Forever,6117,01/13/2025, 06:21:59,844
GEOR20066,Pako Forever,6117,01/13/2025, 07:15:57,844
GEOR20066,Pako Forever,6117,01/13/2025, 08:20:48,844
GEOR20066,Pako Forever,6117,01/13/2025, 09:17:20,844
GEOR20066,Pako Forever,6117,01/13/2025, 10:17:01,844
GEOR20066,Pako Forever,6117,01/13/2025, 11:13:32,844
GEOR20066,Pako Forever,6117,01/13/2025, 12:30:11,844
GEOR20066,Pako Forever,6117,01/13/2025, 13:22:10,844
GEOR20066,Pako Forever,6117,01/13/2025, 14:15:06,844
GEOR20066,Pako Forever,6117,01/13/2025, 15:16:46,844
GEOR20066,Pako Forever,6117,01/13/2025, 16:19:43,844
GEOR20066,Pako Forever,6117,01/13/2025, 17:14:13,844
GEOR20066,Pako Forever,6117,01/13/2025, 18:21:34,844
GEOR20066,Pako Forever,6117,01/13/2025, 19:12:50,844
GEOR20066,Pako Forever,6117,01/13/2025, 20:16:06,844
GEOR20066,Pako Forever,6117,01/13/2025, 21:14:00,844
GEOR20066,Pako Forever,6117,01/13/2025, 22:13:52,844
GEOR20066,Pako Forever,6117,01/13/2025, 23:14:11,844
GEOR20066,Pako Forever,6117,01/14/2025, 01:04:01,844
GEOR20066,Pako Forever,6117,01/14/2025, 02:40:11,844
GEOR20066,Pako Forever,6117,01/14/2025, 03:15:08,844
GEOR20066,Pako Forever,6117,01/14/2025, 04:17:29,844
GEOR20066,Pako Forever,6117,01/14/2025, 05:15:42,844
GEOR20066,Pako Forever,6117,01/14/2025, 06:20:02,844
GEOR20066,Pako Forever,6117,01/14/2025, 07:14:13,844
GEOR20066,Pako Forever,6117,01/14/2025, 08:18:59,844
GEOR20066,Pako Forever,6117,01/14/2025, 09:15:41,844
GEOR20066,Pako Forever,6117,01/14/2025, 10:15:40,844
GEOR20066,Pako Forever,6117,01/14/2025, 11:12:54,844
GEOR20066,Pako Forever,6117,01/14/2025, 12:27:47,844
GEOR20066,Pako Forever,6117,01/14/2025, 13:20:00,844
GEOR20066,Pako Forever,6117,01/14/2025, 14:14:43,844
GEOR20066,Pako Forever,6117,01/14/2025, 15:15:24,844
GEOR20066,Pako Forever,6117,01/14/2025, 16:17:54,844
GEOR20066,Pako Forever,6117,01/14/2025, 17:13:27,844
GEOR20066,Pako Forever,6117,01/14/2025, 18:19:41,844
GEOR20066,Pako Forever,6117,01/14/2025, 19:12:07,844
GEOR20066,Pako Forever,6117,01/14/2025, 20:15:57,844
GEOR20066,Pako Forever,6117,01/14/2025, 21:14:06,844
GEOR20066,Pako Forever,6117,01/14/2025, 22:13:57,844
GEOR20066,Pako Forever,6117,01/14/2025, 23:13:54,844
GEOR20066,Pako Forever,6117,01/15/2025, 01:05:30,844
GEOR20066,Pako Forever,6117,01/15/2025, 02:42:15,844
GEOR20066,Pako Forever,6117,01/15/2025, 03:16:28,844
GEOR20066,Pako Forever,6117,01/15/2025, 04:17:50,844
GEOR20066,Pako Forever,6117,01/15/2025, 05:15:27,844
GEOR20066,Pako Forever,6117,01/15/2025, 06:20:17,844
GEOR20066,Pako Forever,6117,01/15/2025, 07:14:17,844
GEOR20066,Pako Forever,6117,01/15/2025, 08:18:56,844
GEOR20066,Pako Forever,6117,01/15/2025, 09:15:33,844
GEOR20066,Pako Forever,6117,01/15/2025, 10:15:37,844
GEOR20066,Pako Forever,6117,01/15/2025, 11:12:31,844
GEOR20066,Pako Forever,6117,01/15/2025, 12:27:55,844
GEOR20066,Pako Forever,6117,01/15/2025, 13:20:34,844
GEOR20066,Pako Forever,6117,01/15/2025, 14:14:19,844
GEOR20066,Pako Forever,6117,01/15/2025, 15:15:33,844
GEOR20066,Pako Forever,6117,01/15/2025, 16:17:52,844
GEOR20066,Pako Forever,6117,01/15/2025, 17:13:26,844
GEOR20066,Pako Forever,6117,01/15/2025, 18:19:29,844
GEOR20066,Pako Forever,6117,01/15/2025, 19:12:13,844
GEOR20066,Pako Forever,6117,01/15/2025, 20:15:53,844
GEOR20066,Pako Forever,6117,01/15/2025, 21:13:53,844
GEOR20066,Pako Forever,6117,01/15/2025, 22:13:33,844
GEOR20066,Pako Forever,6117,01/15/2025, 23:14:41,844
GEOR20066,Pako Forever,6117,01/16/2025, 01:04:45,844
GEOR20066,Pako Forever,6117,01/16/2025, 02:41:13,844
GEOR20066,Pako Forever,6117,01/16/2025, 03:16:44,844
GEOR20066,Pako Forever,6117,01/16/2025, 04:17:21,844
GEOR20066,Pako Forever,6117,01/16/2025, 05:14:38,844
GEOR20066,Pako Forever,6117,01/16/2025, 06:20:09,844
GEOR20066,Pako Forever,6117,01/16/2025, 07:14:04,844
GEOR20066,Pako Forever,6117,01/16/2025, 08:18:38,844
GEOR20066,Pako Forever,6117,01/16/2025, 09:15:37,844
GEOR20066,Pako Forever,6117,01/16/2025, 10:15:43,844
GEOR20066,Pako Forever,6117,01/16/2025, 11:12:23,844
GEOR20066,Pako Forever,6117,01/16/2025, 12:28:00,844
GEOR20066,Pako Forever,6117,01/16/2025, 13:20:54,844
GEOR20066,Pako Forever,6117,01/16/2025, 14:13:40,844
GEOR20066,Pako Forever,6117,01/16/2025, 15:15:00,844
GEOR20066,Pako Forever,6117,01/16/2025, 16:17:46,844
GEOR20066,Pako Forever,6117,01/16/2025, 17:13:58,844
GEOR20066,Pako Forever,6117,01/16/2025, 18:19:44,844
GEOR20066,Pako Forever,6117,01/16/2025, 19:12:19,844
GEOR20066,Pako Forever,6117,01/16/2025, 20:15:48,844
GEOR20066,Pako Forever,6117,01/16/2025, 21:13:44,844
GEOR20066,Pako Forever,6117,01/16/2025, 22:13:48,844
GEOR20066,Pako Forever,6117,01/16/2025, 23:15:27,844
GEOR20066,Pako Forever,6117,01/17/2025, 01:04:22,844
GEOR20066,Pako Forever,6117,01/17/2025, 02:40:56,844
GEOR20066,Pako Forever,6117,01/17/2025, 03:17:42,844
GEOR20066,Pako Forever,6117,01/17/2025, 04:18:23,844
GEOR20066,Pako Forever,6117,01/17/2025, 05:14:17,844
GEOR20066,Pako Forever,6117,01/17/2025, 06:20:19,844
GEOR20066,Pako Forever,6117,01/17/2025, 07:14:18,844
GEOR20066,Pako Forever,6117,01/17/2025, 08:18:43,844
GEOR20066,Pako Forever,6117,01/17/2025, 09:15:31,844
GEOR20066,Pako Forever,6117,01/17/2025, 10:15:36,844
GEOR20066,Pako Forever,6117,01/17/2025, 11:13:45,844
GEOR20066,Pako Forever,6117,01/17/2025, 12:27:26,844
GEOR20066,Pako Forever,6117,01/17/2025, 13:19:52,844
GEOR20066,Pako Forever,6117,01/17/2025, 14:13:44,844
GEOR20066,Pako Forever,6117,01/17/2025, 15:14:51,844
GEOR20066,Pako Forever,6117,01/17/2025, 16:17:29,844
GEOR20066,Pako Forever,6117,01/17/2025, 17:12:54,844
GEOR20066,Pako Forever,6117,01/17/2025, 18:19:15,844
GEOR20066,Pako Forever,6117,01/17/2025, 19:12:45,844
GEOR20066,Pako Forever,6117,01/17/2025, 20:15:57,844
GEOR20066,Pako Forever,6117,01/17/2025, 21:13:20,844
GEOR20066,Pako Forever,6117,01/17/2025, 22:13:37,844
GEOR20066,Pako Forever,6117,01/17/2025, 23:14:43,844
GEOR20066,Pako Forever,6117,01/18/2025, 01:03:16,844
GEOR20066,Pako Forever,6117,01/18/2025, 02:37:53,844
GEOR20066,Pako Forever,6117,01/18/2025, 03:15:14,844
GEOR20066,Pako Forever,6117,01/18/2025, 04:16:56,844
GEOR20066,Pako Forever,6117,01/18/2025, 05:13:53,844
GEOR20066,Pako Forever,6117,01/18/2025, 06:18:42,844
GEOR20066,Pako Forever,6117,01/18/2025, 07:13:02,844
GEOR20066,Pako Forever,6117,01/18/2025, 08:17:04,844
GEOR20066,Pako Forever,6117,01/18/2025, 09:14:15,844
GEOR20066,Pako Forever,6117,01/18/2025, 10:14:11,844
GEOR20066,Pako Forever,6117,01/18/2025, 11:11:08,844
GEOR20066,Pako Forever,6117,01/18/2025, 12:24:51,844
GEOR20066,Pako Forever,6117,01/18/2025, 13:15:51,844
GEOR20066,Pako Forever,6117,01/18/2025, 14:13:17,844
GEOR20066,Pako Forever,6117,01/18/2025, 15:13:51,844
GEOR20066,Pako Forever,6117,01/18/2025, 16:15:51,844
GEOR20066,Pako Forever,6117,01/18/2025, 17:12:14,844
GEOR20066,Pako Forever,6117,01/18/2025, 18:17:56,844
GEOR20066,Pako Forever,6117,01/18/2025, 19:11:23,844
GEOR20066,Pako Forever,6117,01/18/2025, 20:14:23,844
GEOR20066,Pako Forever,6117,01/18/2025, 21:13:54,844
GEOR20066,Pako Forever,6117,01/18/2025, 22:13:13,844
GEOR20066,Pako Forever,6117,01/18/2025, 23:13:48,844
GEOR20066,Pako Forever,6117,01/19/2025, 01:09:48,844
GEOR20066,Pako Forever,6117,01/19/2025, 02:46:44,844
GEOR20066,Pako Forever,6117,01/19/2025, 03:19:03,844
GEOR20066,Pako Forever,6117,01/19/2025, 04:17:01,844
GEOR20066,Pako Forever,6117,01/19/2025, 05:13:44,844
GEOR20066,Pako Forever,6117,01/19/2025, 06:18:55,844
GEOR20066,Pako Forever,6117,01/19/2025, 07:13:27,844
GEOR20066,Pako Forever,6117,01/19/2025, 08:16:45,844
GEOR20066,Pako Forever,6117,01/19/2025, 09:13:58,844
GEOR20066,Pako Forever,6117,01/19/2025, 10:15:06,844
GEOR20066,Pako Forever,6117,01/19/2025, 11:11:31,844
GEOR20066,Pako Forever,6117,01/19/2025, 12:24:34,844
GEOR20066,Pako Forever,6117,01/19/2025, 13:16:03,844
GEOR20066,Pako Forever,6117,01/19/2025, 14:14:11,844
GEOR20066,Pako Forever,6117,01/19/2025, 15:14:16,844
GEOR20066,Pako Forever,6117,01/19/2025, 16:16:13,844
GEOR20066,Pako Forever,6117,01/19/2025, 17:13:25,844
GEOR20066,Pako Forever,6117,01/19/2025, 18:17:52,844
GEOR20066,Pako Forever,6117,01/19/2025, 19:11:14,844
GEOR20066,Pako Forever,6117,01/19/2025, 20:14:20,844
GEOR20066,Pako Forever,6117,01/19/2025, 21:13:08,844
GEOR20066,Pako Forever,6117,01/19/2025, 22:14:46,844
GEOR20066,Pako Forever,6117,01/19/2025, 23:13:19,844
GEOR20066,Pako Forever,6117,01/20/2025, 01:06:04,844
GEOR20066,Pako Forever,6117,01/20/2025, 02:44:12,844
GEOR20066,Pako Forever,6117,01/20/2025, 03:18:14,844
GEOR20066,Pako Forever,6117,01/20/2025, 04:18:03,844
GEOR20066,Pako Forever,6117,01/20/2025, 05:15:18,844
GEOR20066,Pako Forever,6117,01/20/2025, 06:20:58,844
GEOR20066,Pako Forever,6117,01/20/2025, 07:14:44,844
GEOR20066,Pako Forever,6117,01/20/2025, 08:20:12,844
GEOR20066,Pako Forever,6117,01/20/2025, 09:16:23,844
GEOR20066,Pako Forever,6117,01/20/2025, 10:16:36,844
GEOR20066,Pako Forever,6117,01/20/2025, 11:13:16,844
GEOR20066,Pako Forever,6117,01/20/2025, 12:28:29,844
GEOR20066,Pako Forever,6117,01/20/2025, 13:21:20,844
GEOR20066,Pako Forever,6117,01/20/2025, 14:14:31,844
GEOR20066,Pako Forever,6117,01/20/2025, 15:16:02,844
GEOR20066,Pako Forever,6117,01/20/2025, 16:17:51,844
GEOR20066,Pako Forever,6117,01/20/2025, 17:13:28,844
GEOR20066,Pako Forever,6117,01/20/2025, 18:19:31,844
GEOR20066,Pako Forever,6117,01/20/2025, 19:11:48,844
GEOR20066,Pako Forever,6117,01/20/2025, 20:15:35,844
GEOR20066,Pako Forever,6117,01/20/2025, 21:13:39,844
GEOR20066,Pako Forever,6117,01/20/2025, 22:13:50,844
GEOR20066,Pako Forever,6117,01/20/2025, 23:13:40,844
GEOR20066,Pako Forever,6117,01/21/2025, 01:04:50,844
GEOR20066,Pako Forever,6117,01/21/2025, 02:42:10,844
GEOR20066,Pako Forever,6117,01/21/2025, 03:16:43,844
GEOR20066,Pako Forever,6117,01/21/2025, 04:17:51,844
GEOR20066,Pako Forever,6117,01/21/2025, 05:14:51,844
GEOR20066,Pako Forever,6117,01/21/2025, 06:20:26,844
GEOR20066,Pako Forever,6117,01/21/2025, 07:14:43,844
GEOR20066,Pako Forever,6117,01/21/2025, 08:19:06,844
GEOR20066,Pako Forever,6117,01/21/2025, 09:15:41,844
GEOR20066,Pako Forever,6117,01/21/2025, 10:15:41,844
GEOR20066,Pako Forever,6117,01/21/2025, 11:13:03,844
GEOR20066,Pako Forever,6117,01/21/2025, 12:28:33,844
GEOR20066,Pako Forever,6117,01/21/2025, 13:21:08,844
GEOR20066,Pako Forever,6117,01/21/2025, 14:14:15,844
GEOR20066,Pako Forever,6117,01/21/2025, 15:15:55,844
GEOR20066,Pako Forever,6117,01/21/2025, 16:18:14,844
GEOR20066,Pako Forever,6117,01/21/2025, 17:14:44,844
GEOR20066,Pako Forever,6117,01/21/2025, 18:20:03,844
GEOR20066,Pako Forever,6117,01/21/2025, 19:12:28,844
GEOR20066,Pako Forever,6117,01/21/2025, 20:16:21,844
GEOR20066,Pako Forever,6117,01/21/2025, 21:14:08,844
GEOR20066,Pako Forever,6117,01/21/2025, 22:14:01,844
GEOR20066,Pako Forever,6117,01/21/2025, 23:14:01,844
GEOR20066,Pako Forever,6117,01/22/2025, 01:06:31,844
GEOR20066,Pako Forever,6117,01/22/2025, 02:44:33,844
GEOR20066,Pako Forever,6117,01/22/2025, 03:18:22,844
GEOR20066,Pako Forever,6117,01/22/2025, 04:17:54,844
GEOR20066,Pako Forever,6117,01/22/2025, 05:14:57,844
GEOR20066,Pako Forever,6117,01/22/2025, 06:20:53,844
GEOR20066,Pako Forever,6117,01/22/2025, 07:14:23,844
GEOR20066,Pako Forever,6117,01/22/2025, 08:19:33,844
GEOR20066,Pako Forever,6117,01/22/2025, 09:15:56,844
GEOR20066,Pako Forever,6117,01/22/2025, 10:13:55,844
GEOR20066,Pako Forever,6117,01/22/2025, 11:13:08,844
GEOR20066,Pako Forever,6117,01/22/2025, 12:28:23,844
GEOR20066,Pako Forever,6117,01/22/2025, 13:21:08,844
GEOR20066,Pako Forever,6117,01/22/2025, 14:14:29,844
GEOR20066,Pako Forever,6117,01/22/2025, 15:15:48,844
GEOR20066,Pako Forever,6117,01/22/2025, 16:18:27,844
GEOR20066,Pako Forever,6117,01/22/2025, 17:14:32,844
GEOR20066,Pako Forever,6117,01/22/2025, 18:20:31,844
GEOR20066,Pako Forever,6117,01/22/2025, 19:12:23,844
GEOR20066,Pako Forever,6117,01/22/2025, 20:16:24,844
GEOR20066,Pako Forever,6117,01/22/2025, 21:12:03,844
GEOR20066,Pako Forever,6117,01/22/2025, 22:14:00,844
GEOR20066,Pako Forever,6117,01/22/2025, 23:14:37,844
GEOR20066,Pako Forever,6117,01/23/2025, 01:05:19,844
GEOR20066,Pako Forever,6117,01/23/2025, 02:42:33,844
GEOR20066,Pako Forever,6117,01/23/2025, 03:16:54,844
GEOR20066,Pako Forever,6117,01/23/2025, 04:17:47,844
GEOR20066,Pako Forever,6117,01/23/2025, 05:14:54,844
GEOR20066,Pako Forever,6117,01/23/2025, 06:20:26,844
GEOR20066,Pako Forever,6117,01/23/2025, 07:14:29,844
GEOR20066,Pako Forever,6117,01/23/2025, 08:19:26,844
GEOR20066,Pako Forever,6117,01/23/2025, 09:16:05,844
GEOR20066,Pako Forever,6117,01/23/2025, 10:16:42,844
GEOR20066,Pako Forever,6117,01/23/2025, 11:12:56,844
GEOR20066,Pako Forever,6117,01/23/2025, 12:28:43,844
GEOR20066,Pako Forever,6117,01/23/2025, 13:21:15,844
GEOR20066,Pako Forever,6117,01/23/2025, 14:14:26,844
GEOR20066,Pako Forever,6117,01/23/2025, 15:15:59,844
GEOR20066,Pako Forever,6117,01/23/2025, 16:18:23,844
GEOR20066,Pako Forever,6117,01/23/2025, 17:14:31,844
GEOR20066,Pako Forever,6117,01/23/2025, 18:20:14,844
GEOR20066,Pako Forever,6117,01/23/2025, 19:12:10,844
GEOR20066,Pako Forever,6117,01/23/2025, 20:15:54,844
GEOR20066,Pako Forever,6117,01/23/2025, 21:13:53,844
GEOR20066,Pako Forever,6117,01/23/2025, 22:14:02,844
GEOR20066,Pako Forever,6117,01/23/2025, 23:14:15,844
GEOR20066,Pako Forever,6117,01/24/2025, 01:05:19,844
GEOR20066,Pako Forever,6117,01/24/2025, 02:43:08,844
GEOR20066,Pako Forever,6117,01/24/2025, 03:17:13,844
GEOR20066,Pako Forever,6117,01/24/2025, 04:18:05,844
GEOR20066,Pako Forever,6117,01/24/2025, 05:14:47,844
GEOR20066,Pako Forever,6117,01/24/2025, 06:20:30,844
GEOR20066,Pako Forever,6117,01/24/2025, 07:14:17,844
GEOR20066,Pako Forever,6117,01/24/2025, 08:19:26,844
GEOR20066,Pako Forever,6117,01/24/2025, 09:15:58,844
GEOR20066,Pako Forever,6117,01/24/2025, 10:16:05,844
GEOR20066,Pako Forever,6117,01/24/2025, 11:13:04,844
GEOR20066,Pako Forever,6117,01/24/2025, 12:27:36,844
GEOR20066,Pako Forever,6117,01/24/2025, 13:20:15,844
GEOR20066,Pako Forever,6117,01/24/2025, 14:14:09,844
GEOR20066,Pako Forever,6117,01/24/2025, 15:15:36,844
GEOR20066,Pako Forever,6117,01/24/2025, 16:17:45,844
GEOR20066,Pako Forever,6117,01/24/2025, 17:13:23,844
GEOR20066,Pako Forever,6117,01/24/2025, 18:20:06,844
GEOR20066,Pako Forever,6117,01/24/2025, 19:12:19,844
GEOR20066,Pako Forever,6117,01/24/2025, 20:15:39,844
GEOR20066,Pako Forever,6117,01/24/2025, 21:13:30,844
GEOR20066,Pako Forever,6117,01/24/2025, 22:13:50,844
GEOR20066,Pako Forever,6117,01/24/2025, 23:14:03,844
GEOR20066,Pako Forever,6117,01/25/2025, 01:01:34,844
GEOR20066,Pako Forever,6117,01/25/2025, 02:12:45,844
GEOR20066,Pako Forever,6117,01/25/2025, 03:15:16,844
GEOR20066,Pako Forever,6117,01/25/2025, 04:16:53,844
GEOR20066,Pako Forever,6117,01/25/2025, 05:13:48,844
GEOR20066,Pako Forever,6117,01/25/2025, 06:19:04,844
GEOR20066,Pako Forever,6117,01/25/2025, 07:12:41,844
GEOR20066,Pako Forever,6117,01/25/2025, 08:17:40,844
GEOR20066,Pako Forever,6117,01/25/2025, 09:14:43,844
GEOR20066,Pako Forever,6117,01/25/2025, 10:14:11,844
GEOR20066,Pako Forever,6117,01/25/2025, 11:12:45,844
GEOR20066,Pako Forever,6117,01/25/2025, 12:24:53,844
GEOR20066,Pako Forever,6117,01/25/2025, 13:15:58,844
GEOR20066,Pako Forever,6117,01/25/2025, 14:12:51,844
GEOR20066,Pako Forever,6117,01/25/2025, 15:14:03,844
GEOR20066,Pako Forever,6117,01/25/2025, 16:17:36,844
GEOR20066,Pako Forever,6117,01/25/2025, 17:11:46,844
GEOR20066,Pako Forever,6117,01/25/2025, 18:17:50,844
GEOR20066,Pako Forever,6117,01/25/2025, 19:11:01,844
GEOR20066,Pako Forever,6117,01/25/2025, 20:14:30,844
GEOR20066,Pako Forever,6117,01/25/2025, 21:12:59,844
GEOR20066,Pako Forever,6117,01/25/2025, 22:14:29,844
GEOR20066,Pako Forever,6117,01/25/2025, 23:14:43,844
GEOR20066,Pako Forever,6117,01/26/2025, 01:07:02,844
GEOR20066,Pako Forever,6117,01/26/2025, 02:44:08,844
GEOR20066,Pako Forever,6117,01/26/2025, 03:17:15,844
GEOR20066,Pako Forever,6117,01/26/2025, 04:17:11,844
GEOR20066,Pako Forever,6117,01/26/2025, 05:14:37,844
GEOR20066,Pako Forever,6117,01/26/2025, 06:18:53,844
GEOR20066,Pako Forever,6117,01/26/2025, 07:13:05,844
GEOR20066,Pako Forever,6117,01/26/2025, 09:14:34,844
GEOR20066,Pako Forever,6117,01/26/2025, 10:14:34,844
GEOR20066,Pako Forever,6117,01/26/2025, 11:11:24,844
GEOR20066,Pako Forever,6117,01/26/2025, 12:24:36,844
GEOR20066,Pako Forever,6117,01/26/2025, 13:15:56,844
GEOR20066,Pako Forever,6117,01/26/2025, 14:12:23,844
GEOR20066,Pako Forever,6117,01/26/2025, 15:14:36,844
GEOR20066,Pako Forever,6117,01/26/2025, 16:16:06,844
GEOR20066,Pako Forever,6117,01/26/2025, 17:12:53,844
GEOR20066,Pako Forever,6117,01/26/2025, 18:18:48,844
GEOR20066,Pako Forever,6117,01/26/2025, 19:11:50,844
GEOR20066,Pako Forever,6117,01/26/2025, 20:14:45,844
GEOR20066,Pako Forever,6117,01/26/2025, 21:13:19,844
GEOR20066,Pako Forever,6117,01/26/2025, 22:12:57,844
GEOR20066,Pako Forever,6117,01/26/2025, 23:13:41,844
GEOR20066,Pako Forever,6117,01/27/2025, 01:06:17,844
GEOR20066,Pako Forever,6117,01/27/2025, 02:43:57,844
GEOR20066,Pako Forever,6117,01/27/2025, 03:18:07,844
GEOR20066,Pako Forever,6117,01/27/2025, 04:18:18,844
GEOR20066,Pako Forever,6117,01/27/2025, 05:15:04,844
GEOR20066,Pako Forever,6117,01/27/2025, 06:21:02,844
GEOR20066,Pako Forever,6117,01/27/2025, 07:15:04,844
GEOR20066,Pako Forever,6117,01/27/2025, 08:20:31,844
GEOR20066,Pako Forever,6117,01/27/2025, 09:17:04,844
GEOR20066,Pako Forever,6117,01/27/2025, 10:16:41,844
GEOR20066,Pako Forever,6117,01/27/2025, 11:13:31,844
GEOR20066,Pako Forever,6117,01/27/2025, 12:28:53,844
GEOR20066,Pako Forever,6117,01/27/2025, 13:21:26,844
GEOR20066,Pako Forever,6117,01/27/2025, 14:14:37,844
GEOR20066,Pako Forever,6117,01/27/2025, 15:14:25,844
GEOR20066,Pako Forever,6117,01/27/2025, 16:19:00,844
GEOR20066,Pako Forever,6117,01/27/2025, 17:14:05,844
GEOR20066,Pako Forever,6117,01/27/2025, 18:20:21,844
GEOR20066,Pako Forever,6117,01/27/2025, 19:12:36,844
GEOR20066,Pako Forever,6117,01/27/2025, 20:16:28,844
GEOR20066,Pako Forever,6117,01/27/2025, 21:14:30,844
GEOR20066,Pako Forever,6117,01/27/2025, 22:14:28,844
GEOR20066,Pako Forever,6117,01/27/2025, 23:14:21,844
GEOR20066,Pako Forever,6117,01/28/2025, 01:05:26,844
GEOR20066,Pako Forever,6117,01/28/2025, 02:41:42,844
GEOR20066,Pako Forever,6117,01/28/2025, 03:16:45,844
GEOR20066,Pako Forever,6117,01/28/2025, 04:17:46,844
GEOR20066,Pako Forever,6117,01/28/2025, 05:14:59,844
GEOR20066,Pako Forever,6117,01/28/2025, 06:20:23,844
GEOR20066,Pako Forever,6117,01/28/2025, 07:14:10,844
GEOR20066,Pako Forever,6117,01/28/2025, 08:19:12,844
GEOR20066,Pako Forever,6117,01/28/2025, 09:15:38,844
GEOR20066,Pako Forever,6117,01/28/2025, 10:15:46,844
GEOR20066,Pako Forever,6117,01/28/2025, 11:13:01,844
GEOR20066,Pako Forever,6117,01/28/2025, 12:27:55,844
GEOR20066,Pako Forever,6117,01/28/2025, 13:20:36,844
GEOR20066,Pako Forever,6117,01/28/2025, 14:14:28,844
GEOR20066,Pako Forever,6117,01/28/2025, 15:16:05,844
GEOR20066,Pako Forever,6117,01/28/2025, 16:18:17,844
GEOR20066,Pako Forever,6117,01/28/2025, 17:13:33,844
GEOR20066,Pako Forever,6117,01/28/2025, 18:19:51,844
GEOR20066,Pako Forever,6117,01/28/2025, 19:12:33,844
GEOR20066,Pako Forever,6117,01/28/2025, 20:16:01,844
GEOR20066,Pako Forever,6117,01/28/2025, 21:14:22,844
GEOR20066,Pako Forever,6117,01/28/2025, 22:14:11,844
GEOR20066,Pako Forever,6117,01/28/2025, 23:14:21,844
GEOR20066,Pako Forever,6117,01/29/2025, 01:04:52,844
GEOR20066,Pako Forever,6117,01/29/2025, 02:41:14,844
GEOR20066,Pako Forever,6117,01/29/2025, 03:16:40,844
GEOR20066,Pako Forever,6117,01/29/2025, 04:17:45,844
GEOR20066,Pako Forever,6117,01/29/2025, 05:14:47,844
GEOR20066,Pako Forever,6117,01/29/2025, 06:20:27,844
GEOR20066,Pako Forever,6117,01/29/2025, 07:14:26,844
GEOR20066,Pako Forever,6117,01/29/2025, 08:19:01,844
GEOR20066,Pako Forever,6117,01/29/2025, 09:15:23,844
GEOR20066,Pako Forever,6117,01/29/2025, 10:15:32,844
GEOR20066,Pako Forever,6117,01/29/2025, 11:13:20,844
GEOR20066,Pako Forever,6117,01/29/2025, 12:28:03,844
GEOR20066,Pako Forever,6117,01/29/2025, 13:21:16,844
GEOR20066,Pako Forever,6117,01/29/2025, 14:14:09,844
GEOR20066,Pako Forever,6117,01/29/2025, 15:15:29,844
GEOR20066,Pako Forever,6117,01/29/2025, 16:18:49,844
GEOR20066,Pako Forever,6117,01/29/2025, 17:13:52,844
GEOR20066,Pako Forever,6117,01/29/2025, 18:20:09,844
GEOR20066,Pako Forever,6117,01/29/2025, 19:11:40,844
GEOR20066,Pako Forever,6117,01/29/2025, 20:15:51,844
GEOR20066,Pako Forever,6117,01/29/2025, 21:14:14,844
GEOR20066,Pako Forever,6117,01/29/2025, 22:14:14,844
GEOR20066,Pako Forever,6117,01/29/2025, 23:14:11,844
GEOR20066,Pako Forever,6117,01/30/2025, 01:04:06,844
GEOR20066,Pako Forever,6117,01/30/2025, 02:40:31,844
GEOR20066,Pako Forever,6117,01/30/2025, 03:17:05,844
GEOR20066,Pako Forever,6117,01/30/2025, 04:17:43,844
GEOR20066,Pako Forever,6117,01/30/2025, 05:15:48,844
GEOR20066,Pako Forever,6117,01/30/2025, 06:20:31,844
GEOR20066,Pako Forever,6117,01/30/2025, 07:13:54,844
GEOR20066,Pako Forever,6117,01/30/2025, 08:18:22,844
GEOR20066,Pako Forever,6117,01/30/2025, 09:15:26,844
GEOR20066,Pako Forever,6117,01/30/2025, 10:15:24,844
GEOR20066,Pako Forever,6117,01/30/2025, 11:13:12,844
GEOR20066,Pako Forever,6117,01/30/2025, 12:28:12,844
GEOR20066,Pako Forever,6117,01/30/2025, 13:20:33,844
GEOR20066,Pako Forever,6117,01/30/2025, 14:14:32,844
GEOR20066,Pako Forever,6117,01/30/2025, 15:15:39,844
GEOR20066,Pako Forever,6117,01/30/2025, 16:18:07,844
GEOR20066,Pako Forever,6117,01/30/2025, 17:13:42,844
GEOR20066,Pako Forever,6117,01/30/2025, 18:19:39,844
GEOR20066,Pako Forever,6117,01/30/2025, 19:11:57,844
GEOR20066,Pako Forever,6117,01/30/2025, 20:16:01,844
GEOR20066,Pako Forever,6117,01/30/2025, 21:14:04,844
GEOR20066,Pako Forever,6117,01/30/2025, 22:13:45,844
GEOR20066,Pako Forever,6117,01/30/2025, 23:15:16,844
GEOR20066,Pako Forever,6117,01/31/2025, 01:05:33,844
GEOR20066,Pako Forever,6117,01/31/2025, 02:42:09,844
GEOR20066,Pako Forever,6117,01/31/2025, 03:16:07,844
GEOR20066,Pako Forever,6117,01/31/2025, 04:17:53,844
GEOR20066,Pako Forever,6117,01/31/2025, 05:14:56,844
GEOR20066,Pako Forever,6117,01/31/2025, 06:20:48,844
GEOR20066,Pako Forever,6117,01/31/2025, 08:18:34,844
GEOR20066,Pako Forever,6117,01/31/2025, 09:15:23,844
GEOR20066,Pako Forever,6117,01/31/2025, 10:15:11,844
GEOR20066,Pako Forever,6117,01/31/2025, 11:12:32,844
GEOR20066,Pako Forever,6117,01/31/2025, 12:27:09,844
GEOR20066,Pako Forever,6117,01/31/2025, 13:19:51,844
GEOR20066,Pako Forever,6117,01/31/2025, 14:14:00,844
GEOR20066,Pako Forever,6117,01/31/2025, 15:14:49,844
GEOR20066,Pako Forever,6117,01/31/2025, 16:17:56,844
GEOR20066,Pako Forever,6117,01/31/2025, 17:13:01,844
GEOR20066,Pako Forever,6117,01/31/2025, 18:19:29,844
GEOR20066,Pako Forever,6117,01/31/2025, 19:12:09,844
GEOR20066,Pako Forever,6117,01/31/2025, 20:15:46,844
GEOR20066,Pako Forever,6117,01/31/2025, 21:13:43,844
GEOR20066,Pako Forever,6117,01/31/2025, 22:14:32,844
GEOR20066,Pako Forever,6117,01/31/2025, 23:13:59,844
GEOR20066,Pako Forever,6117,02/01/2025, 01:09:00,844
GEOR20066,Pako Forever,6117,02/01/2025, 02:45:08,844
GEOR20066,Pako Forever,6117,02/01/2025, 03:19:36,844
GEOR20066,Pako Forever,6117,02/01/2025, 04:17:10,844
GEOR20066,Pako Forever,6117,02/01/2025, 05:14:09,844
GEOR20066,Pako Forever,6117,02/01/2025, 06:19:08,844
GEOR20066,Pako Forever,6117,02/01/2025, 07:14:12,844
GEOR20066,Pako Forever,6117,02/01/2025, 08:17:13,844
GEOR20066,Pako Forever,6117,02/01/2025, 09:15:07,844
GEOR20066,Pako Forever,6117,02/01/2025, 10:14:26,844
GEOR20066,Pako Forever,6117,02/01/2025, 11:11:37,844
GEOR20066,Pako Forever,6117,02/01/2025, 12:24:42,844
GEOR20066,Pako Forever,6117,02/01/2025, 13:15:58,844
GEOR20066,Pako Forever,6117,02/01/2025, 14:12:24,844
GEOR20066,Pako Forever,6117,02/01/2025, 15:15:55,844
GEOR20066,Pako Forever,6117,02/01/2025, 16:15:46,844
GEOR20066,Pako Forever,6117,02/01/2025, 17:12:31,844
GEOR20066,Pako Forever,6117,02/01/2025, 18:17:39,844
GEOR20066,Pako Forever,6117,02/01/2025, 19:10:51,844
GEOR20066,Pako Forever,6117,02/01/2025, 20:14:43,844
GEOR20066,Pako Forever,6117,02/01/2025, 21:13:38,844
GEOR20066,Pako Forever,6117,02/01/2025, 22:14:15,844
GEOR20066,Pako Forever,6117,02/01/2025, 23:13:37,844
GEOR20066,Pako Forever,6117,02/02/2025, 01:08:28,844
GEOR20066,Pako Forever,6117,02/02/2025, 02:44:03,844
GEOR20066,Pako Forever,6117,02/02/2025, 03:17:51,844
GEOR20066,Pako Forever,6117,02/02/2025, 04:16:42,844
GEOR20066,Pako Forever,6117,02/02/2025, 05:14:43,844
GEOR20066,Pako Forever,6117,02/02/2025, 06:19:02,844
GEOR20066,Pako Forever,6117,02/02/2025, 07:13:29,844
GEOR20066,Pako Forever,6117,02/02/2025, 08:16:37,844
GEOR20066,Pako Forever,6117,02/02/2025, 09:13:36,844
GEOR20066,Pako Forever,6117,02/02/2025, 10:14:25,844
GEOR20066,Pako Forever,6117,02/02/2025, 11:11:56,844
GEOR20066,Pako Forever,6117,02/02/2025, 12:24:45,844
GEOR20066,Pako Forever,6117,02/02/2025, 13:15:34,844
GEOR20066,Pako Forever,6117,02/02/2025, 14:12:58,844
GEOR20066,Pako Forever,6117,02/02/2025, 15:14:51,844
GEOR20066,Pako Forever,6117,02/02/2025, 16:16:55,844
GEOR20066,Pako Forever,6117,02/02/2025, 17:13:21,844
GEOR20066,Pako Forever,6117,02/02/2025, 18:18:15,844
GEOR20066,Pako Forever,6117,02/02/2025, 19:12:28,844
GEOR20066,Pako Forever,6117,02/02/2025, 20:14:39,844
GEOR20066,Pako Forever,6117,02/02/2025, 21:12:39,844
GEOR20066,Pako Forever,6117,02/02/2025, 22:13:38,844
GEOR20066,Pako Forever,6117,02/02/2025, 23:13:48,844
GEOR20066,Pako Forever,6117,02/03/2025, 01:06:34,844
GEOR20066,Pako Forever,6117,02/03/2025, 02:43:15,844
GEOR20066,Pako Forever,6117,02/03/2025, 03:19:49,844
GEOR20066,Pako Forever,6117,02/03/2025, 04:18:08,844
GEOR20066,Pako Forever,6117,02/03/2025, 05:15:11,844
GEOR20066,Pako Forever,6117,02/03/2025, 06:21:00,844
GEOR20066,Pako Forever,6117,02/03/2025, 07:14:40,844
GEOR20066,Pako Forever,6117,02/03/2025, 08:20:10,844
GEOR20066,Pako Forever,6117,02/03/2025, 09:16:44,844
GEOR20066,Pako Forever,6117,02/03/2025, 10:15:57,844
GEOR20066,Pako Forever,6117,02/03/2025, 11:12:56,844
GEOR20066,Pako Forever,6117,02/03/2025, 12:28:33,844
GEOR20066,Pako Forever,6117,02/03/2025, 13:20:56,844
GEOR20066,Pako Forever,6117,02/03/2025, 14:14:59,844
GEOR20066,Pako Forever,6117,02/03/2025, 15:15:41,844
GEOR20066,Pako Forever,6117,02/03/2025, 16:18:26,844
GEOR20066,Pako Forever,6117,02/03/2025, 17:13:32,844
GEOR20066,Pako Forever,6117,02/03/2025, 18:20:03,844
GEOR20066,Pako Forever,6117,02/03/2025, 19:13:01,844
GEOR20066,Pako Forever,6117,02/03/2025, 20:15:52,844
GEOR20066,Pako Forever,6117,02/03/2025, 21:14:32,844
GEOR20066,Pako Forever,6117,02/03/2025, 22:14:23,844
GEOR20066,Pako Forever,6117,02/03/2025, 23:14:17,844
GEOR20066,Pako Forever,6117,02/04/2025, 01:05:17,844
GEOR20066,Pako Forever,6117,02/04/2025, 02:42:25,844
GEOR20066,Pako Forever,6117,02/04/2025, 03:17:30,844
GEOR20066,Pako Forever,6117,02/04/2025, 04:17:39,844
GEOR20066,Pako Forever,6117,02/04/2025, 05:14:49,844
GEOR20066,Pako Forever,6117,02/04/2025, 06:21:05,844
GEOR20066,Pako Forever,6117,02/04/2025, 07:14:55,844
GEOR20066,Pako Forever,6117,02/04/2025, 08:19:31,844
GEOR20066,Pako Forever,6117,02/04/2025, 09:16:22,844
GEOR20066,Pako Forever,6117,02/04/2025, 10:16:17,844
GEOR20066,Pako Forever,6117,02/04/2025, 11:12:59,844
GEOR20066,Pako Forever,6117,02/04/2025, 12:29:05,844
GEOR20066,Pako Forever,6117,02/04/2025, 13:21:22,844
GEOR20066,Pako Forever,6117,02/04/2025, 14:14:29,844
GEOR20066,Pako Forever,6117,02/04/2025, 15:15:41,844
GEOR20066,Pako Forever,6117,02/04/2025, 16:18:21,844
GEOR20066,Pako Forever,6117,02/04/2025, 17:13:17,844
GEOR20066,Pako Forever,6117,02/04/2025, 18:20:07,844
GEOR20066,Pako Forever,6117,02/04/2025, 19:12:30,844
GEOR20066,Pako Forever,6117,02/04/2025, 20:16:15,844
GEOR20066,Pako Forever,6117,02/04/2025, 21:13:57,844
GEOR20066,Pako Forever,6117,02/04/2025, 22:14:25,844
GEOR20066,Pako Forever,6117,02/04/2025, 23:14:27,844
GEOR20066,Pako Forever,6117,02/05/2025, 01:06:05,844
GEOR20066,Pako Forever,6117,02/05/2025, 02:44:02,844
GEOR20066,Pako Forever,6117,02/05/2025, 03:18:59,844
GEOR20066,Pako Forever,6117,02/05/2025, 04:18:11,844
GEOR20066,Pako Forever,6117,02/05/2025, 05:15:19,844
GEOR20066,Pako Forever,6117,02/05/2025, 06:20:52,844
GEOR20066,Pako Forever,6117,02/05/2025, 07:14:10,844
GEOR20066,Pako Forever,6117,02/05/2025, 08:19:30,844
GEOR20066,Pako Forever,6117,02/05/2025, 09:16:42,844
GEOR20066,Pako Forever,6117,02/05/2025, 10:15:48,844
GEOR20066,Pako Forever,6117,02/05/2025, 11:13:04,844
GEOR20066,Pako Forever,6117,02/05/2025, 12:28:41,844
GEOR20066,Pako Forever,6117,02/05/2025, 13:21:25,844
GEOR20066,Pako Forever,6117,02/05/2025, 14:14:08,844
GEOR20066,Pako Forever,6117,02/05/2025, 15:15:48,844
GEOR20066,Pako Forever,6117,02/05/2025, 16:18:33,844
GEOR20066,Pako Forever,6117,02/05/2025, 17:14:02,844
GEOR20066,Pako Forever,6117,02/05/2025, 18:20:06,844
GEOR20066,Pako Forever,6117,02/05/2025, 19:13:27,844
GEOR20066,Pako Forever,6117,02/05/2025, 20:17:08,844
GEOR20066,Pako Forever,6117,02/05/2025, 21:15:02,844
GEOR20066,Pako Forever,6117,02/05/2025, 22:15:00,844
GEOR20066,Pako Forever,6117,02/05/2025, 23:14:55,844
GEOR20066,Pako Forever,6117,02/06/2025, 01:06:16,844
GEOR20066,Pako Forever,6117,02/06/2025, 02:44:24,844
GEOR20066,Pako Forever,6117,02/06/2025, 03:18:28,844
GEOR20066,Pako Forever,6117,02/06/2025, 04:17:47,844
GEOR20066,Pako Forever,6117,02/06/2025, 05:16:26,844
GEOR20066,Pako Forever,6117,02/06/2025, 06:21:15,844
GEOR20066,Pako Forever,6117,02/06/2025, 07:14:33,844
GEOR20066,Pako Forever,6117,02/06/2025, 08:19:21,844
GEOR20066,Pako Forever,6117,02/06/2025, 09:15:38,844
GEOR20066,Pako Forever,6117,02/06/2025, 10:15:40,844
GEOR20066,Pako Forever,6117,02/06/2025, 11:13:13,844
GEOR20066,Pako Forever,6117,02/06/2025, 12:28:55,844
GEOR20066,Pako Forever,6117,02/06/2025, 13:21:47,844
GEOR20066,Pako Forever,6117,02/06/2025, 14:14:31,844
GEOR20066,Pako Forever,6117,02/06/2025, 15:16:01,844
GEOR20066,Pako Forever,6117,02/06/2025, 16:16:46,844
GEOR20066,Pako Forever,6117,02/06/2025, 17:14:02,844
GEOR20066,Pako Forever,6117,02/06/2025, 18:19:55,844
GEOR20066,Pako Forever,6117,02/06/2025, 19:12:34,844
GEOR20066,Pako Forever,6117,02/06/2025, 20:16:05,844
GEOR20066,Pako Forever,6117,02/06/2025, 21:14:41,844
GEOR20066,Pako Forever,6117,02/06/2025, 22:14:41,844
GEOR20066,Pako Forever,6117,02/06/2025, 23:16:15,844
GEOR20066,Pako Forever,6117,02/07/2025, 01:06:38,844
GEOR20066,Pako Forever,6117,02/07/2025, 02:45:07,844
GEOR20066,Pako Forever,6117,02/07/2025, 03:19:15,844
GEOR20066,Pako Forever,6117,02/07/2025, 04:18:20,844
GEOR20066,Pako Forever,6117,02/07/2025, 05:15:16,844
GEOR20066,Pako Forever,6117,02/07/2025, 06:21:17,844
GEOR20066,Pako Forever,6117,02/07/2025, 07:14:29,844
GEOR20066,Pako Forever,6117,02/07/2025, 08:19:25,844
GEOR20066,Pako Forever,6117,02/07/2025, 09:15:45,844
GEOR20066,Pako Forever,6117,02/07/2025, 10:16:00,844
GEOR20066,Pako Forever,6117,02/07/2025, 11:13:01,844
GEOR20066,Pako Forever,6117,02/07/2025, 12:28:08,844
GEOR20066,Pako Forever,6117,02/07/2025, 13:20:45,844
GEOR20066,Pako Forever,6117,02/07/2025, 14:14:30,844
GEOR20066,Pako Forever,6117,02/07/2025, 15:15:46,844
GEOR20066,Pako Forever,6117,02/07/2025, 16:18:09,844
GEOR20066,Pako Forever,6117,02/07/2025, 17:13:20,844
GEOR20066,Pako Forever,6117,02/07/2025, 18:20:05,844
GEOR20066,Pako Forever,6117,02/07/2025, 19:12:14,844
GEOR20066,Pako Forever,6117,02/07/2025, 20:16:04,844
GEOR20066,Pako Forever,6117,02/07/2025, 21:13:51,844
GEOR20066,Pako Forever,6117,02/07/2025, 22:14:13,844
GEOR20066,Pako Forever,6117,02/07/2025, 23:14:16,844
GEOR20066,Pako Forever,6117,02/08/2025, 01:04:31,844
GEOR20066,Pako Forever,6117,02/08/2025, 02:40:48,844
GEOR20066,Pako Forever,6117,02/08/2025, 03:17:38,844
GEOR20066,Pako Forever,6117,02/08/2025, 04:17:16,844
GEOR20066,Pako Forever,6117,02/08/2025, 05:14:25,844
GEOR20066,Pako Forever,6117,02/08/2025, 06:19:19,844
GEOR20066,Pako Forever,6117,02/08/2025, 07:13:24,844
GEOR20066,Pako Forever,6117,02/08/2025, 08:17:30,844
GEOR20066,Pako Forever,6117,02/08/2025, 09:14:12,844
GEOR20066,Pako Forever,6117,02/08/2025, 10:14:07,844
GEOR20066,Pako Forever,6117,02/08/2025, 11:11:40,844
GEOR20066,Pako Forever,6117,02/08/2025, 12:25:31,844
GEOR20066,Pako Forever,6117,02/08/2025, 13:16:40,844
GEOR20066,Pako Forever,6117,02/08/2025, 14:12:57,844
GEOR20066,Pako Forever,6117,02/08/2025, 15:14:03,844
GEOR20066,Pako Forever,6117,02/08/2025, 16:16:27,844
GEOR20066,Pako Forever,6117,02/08/2025, 17:12:45,844
GEOR20066,Pako Forever,6117,02/08/2025, 18:18:15,844
GEOR20066,Pako Forever,6117,02/08/2025, 19:12:47,844
GEOR20066,Pako Forever,6117,02/08/2025, 20:14:51,844
GEOR20066,Pako Forever,6117,02/08/2025, 21:13:22,844
GEOR20066,Pako Forever,6117,02/08/2025, 22:12:58,844
GEOR20066,Pako Forever,6117,02/08/2025, 23:15:04,844
GEOR20066,Pako Forever,6117,02/09/2025, 01:09:39,844
GEOR20066,Pako Forever,6117,02/09/2025, 02:46:58,844
GEOR20066,Pako Forever,6117,02/09/2025, 03:19:47,844
GEOR20066,Pako Forever,6117,02/09/2025, 04:17:31,844
GEOR20066,Pako Forever,6117,02/09/2025, 05:14:54,844
GEOR20066,Pako Forever,6117,02/09/2025, 06:19:12,844
GEOR20066,Pako Forever,6117,02/09/2025, 07:13:56,844
GEOR20066,Pako Forever,6117,02/09/2025, 08:17:28,844
GEOR20066,Pako Forever,6117,02/09/2025, 09:13:55,844
GEOR20066,Pako Forever,6117,02/09/2025, 10:15:37,844
GEOR20066,Pako Forever,6117,02/09/2025, 11:11:53,844
GEOR20066,Pako Forever,6117,02/09/2025, 12:25:01,844
GEOR20066,Pako Forever,6117,02/09/2025, 13:16:30,844
GEOR20066,Pako Forever,6117,02/09/2025, 14:13:04,844
GEOR20066,Pako Forever,6117,02/09/2025, 15:14:34,844
GEOR20066,Pako Forever,6117,02/09/2025, 16:15:53,844
GEOR20066,Pako Forever,6117,02/09/2025, 17:12:39,844
GEOR20066,Pako Forever,6117,02/09/2025, 18:18:15,844
GEOR20066,Pako Forever,6117,02/09/2025, 19:12:27,844
GEOR20066,Pako Forever,6117,02/09/2025, 20:14:49,844
GEOR20066,Pako Forever,6117,02/09/2025, 21:14:02,844
GEOR20066,Pako Forever,6117,02/09/2025, 22:14:25,844
GEOR20066,Pako Forever,6117,02/09/2025, 23:14:42,844
GEOR20066,Pako Forever,6117,02/10/2025, 01:07:22,844
GEOR20066,Pako Forever,6117,02/10/2025, 02:46:15,844
GEOR20066,Pako Forever,6117,02/10/2025, 03:20:40,844
GEOR20066,Pako Forever,6117,02/10/2025, 04:19:03,844
GEOR20066,Pako Forever,6117,02/10/2025, 05:16:04,844
GEOR20066,Pako Forever,6117,02/10/2025, 06:21:51,844
GEOR20066,Pako Forever,6117,02/10/2025, 07:15:38,844
GEOR20066,Pako Forever,6117,02/10/2025, 08:20:16,844
GEOR20066,Pako Forever,6117,02/10/2025, 09:17:18,844
GEOR20066,Pako Forever,6117,02/10/2025, 10:16:45,844
GEOR20066,Pako Forever,6117,02/10/2025, 11:13:11,844
GEOR20066,Pako Forever,6117,02/10/2025, 12:29:03,844
GEOR20066,Pako Forever,6117,02/10/2025, 13:22:15,844
GEOR20066,Pako Forever,6117,02/10/2025, 14:14:59,844
GEOR20066,Pako Forever,6117,02/10/2025, 15:16:09,844
GEOR20066,Pako Forever,6117,02/10/2025, 16:18:57,844
GEOR20066,Pako Forever,6117,02/10/2025, 17:13:00,844
GEOR20066,Pako Forever,6117,02/10/2025, 18:20:41,844
GEOR20066,Pako Forever,6117,02/10/2025, 19:12:33,844
GEOR20066,Pako Forever,6117,02/10/2025, 20:16:08,844
GEOR20066,Pako Forever,6117,02/10/2025, 21:14:34,844
GEOR20066,Pako Forever,6117,02/10/2025, 22:14:44,844
GEOR20066,Pako Forever,6117,02/10/2025, 23:15:18,844
GEOR20066,Pako Forever,6117,02/11/2025, 01:06:19,844
GEOR20066,Pako Forever,6117,02/11/2025, 02:45:32,844
GEOR20066,Pako Forever,6117,02/11/2025, 03:19:33,844
GEOR20066,Pako Forever,6117,02/11/2025, 04:17:55,844
GEOR20066,Pako Forever,6117,02/11/2025, 05:14:58,844
GEOR20066,Pako Forever,6117,02/11/2025, 06:20:50,844
GEOR20066,Pako Forever,6117,02/11/2025, 07:14:47,844
GEOR20066,Pako Forever,6117,02/11/2025, 08:19:26,844
GEOR20066,Pako Forever,6117,02/11/2025, 09:16:44,844
GEOR20066,Pako Forever,6117,02/11/2025, 10:17:01,844
GEOR20066,Pako Forever,6117,02/11/2025, 11:13:30,844
GEOR20066,Pako Forever,6117,02/11/2025, 12:29:08,844
GEOR20066,Pako Forever,6117,02/11/2025, 13:22:40,844
GEOR20066,Pako Forever,6117,02/11/2025, 14:15:23,844
GEOR20066,Pako Forever,6117,02/11/2025, 15:17:03,844
GEOR20066,Pako Forever,6117,02/11/2025, 16:20:10,844
GEOR20066,Pako Forever,6117,02/11/2025, 17:14:42,844
GEOR20066,Pako Forever,6117,02/11/2025, 18:19:19,844
GEOR20066,Pako Forever,6117,02/11/2025, 19:11:48,844
GEOR20066,Pako Forever,6117,02/11/2025, 20:16:35,844
GEOR20066,Pako Forever,6117,02/11/2025, 21:14:20,844
GEOR20066,Pako Forever,6117,02/11/2025, 22:14:47,844
GEOR20066,Pako Forever,6117,02/11/2025, 23:15:08,844
GEOR20066,Pako Forever,6117,02/12/2025, 01:06:32,844
GEOR20066,Pako Forever,6117,02/12/2025, 02:44:25,844
GEOR20066,Pako Forever,6117,02/12/2025, 03:18:49,844
GEOR20066,Pako Forever,6117,02/12/2025, 04:18:05,844
GEOR20066,Pako Forever,6117,02/12/2025, 05:15:38,844
GEOR20066,Pako Forever,6117,02/12/2025, 06:21:16,844
GEOR20066,Pako Forever,6117,02/12/2025, 07:14:29,844
GEOR20066,Pako Forever,6117,02/12/2025, 08:20:10,844
GEOR20066,Pako Forever,6117,02/12/2025, 09:16:19,844
GEOR20066,Pako Forever,6117,02/12/2025, 10:15:55,844
GEOR20066,Pako Forever,6117,02/12/2025, 11:13:50,844
GEOR20066,Pako Forever,6117,02/12/2025, 12:28:47,844
GEOR20066,Pako Forever,6117,02/12/2025, 13:21:53,844
GEOR20066,Pako Forever,6117,02/12/2025, 14:14:46,844
GEOR20066,Pako Forever,6117,02/12/2025, 15:16:42,844
GEOR20066,Pako Forever,6117,02/12/2025, 16:19:27,844
GEOR20066,Pako Forever,6117,02/12/2025, 17:14:34,844
GEOR20066,Pako Forever,6118,02/12/2025, 18:20:43,844
GEOR20066,Pako Forever,6118,02/12/2025, 19:13:13,844
GEOR20066,Pako Forever,6118,02/12/2025, 20:16:57,844
GEOR20066,Pako Forever,6118,02/12/2025, 21:14:31,844
GEOR20066,Pako Forever,6118,02/12/2025, 22:14:42,844
GEOR20066,Pako Forever,6118,02/12/2025, 23:13:35,844
GEOR20066,Pako Forever,6118,02/13/2025, 01:06:41,844
GEOR20066,Pako Forever,6118,02/13/2025, 02:45:20,844
GEOR20066,Pako Forever,6118,02/13/2025, 03:18:56,844
GEOR20066,Pako Forever,6118,02/13/2025, 04:18:11,844
GEOR20066,Pako Forever,6118,02/13/2025, 05:15:04,844
GEOR20066,Pako Forever,6118,02/13/2025, 06:20:54,844
GEOR20066,Pako Forever,6118,02/13/2025, 07:14:29,844
GEOR20066,Pako Forever,6118,02/13/2025, 08:19:48,844
GEOR20066,Pako Forever,6118,02/13/2025, 09:16:43,844
GEOR20066,Pako Forever,6118,02/13/2025, 10:16:22,844
GEOR20066,Pako Forever,6118,02/13/2025, 11:13:07,844
GEOR20066,Pako Forever,6118,02/13/2025, 12:28:52,844
GEOR20066,Pako Forever,6118,02/13/2025, 13:22:03,844
GEOR20066,Pako Forever,6118,02/13/2025, 14:15:05,844
GEOR20066,Pako Forever,6118,02/13/2025, 15:16:40,844
GEOR20066,Pako Forever,6118,02/13/2025, 16:19:30,844
GEOR20066,Pako Forever,6118,02/13/2025, 17:11:46,844
GEOR20066,Pako Forever,6118,02/13/2025, 18:20:59,844
GEOR20066,Pako Forever,6118,02/13/2025, 19:12:45,844
GEOR20066,Pako Forever,6118,02/13/2025, 20:16:29,844
GEOR20066,Pako Forever,6118,02/13/2025, 21:14:27,844
GEOR20066,Pako Forever,6118,02/13/2025, 22:14:33,844
GEOR20066,Pako Forever,6118,02/13/2025, 23:14:37,844
GEOR20066,Pako Forever,6118,02/14/2025, 01:06:29,844
GEOR20066,Pako Forever,6118,02/14/2025, 02:45:07,844
GEOR20066,Pako Forever,6118,02/14/2025, 03:18:58,844
GEOR20066,Pako Forever,6118,02/14/2025, 04:18:11,844
GEOR20066,Pako Forever,6118,02/14/2025, 05:15:03,844
GEOR20066,Pako Forever,6118,02/14/2025, 06:20:48,844
GEOR20066,Pako Forever,6118,02/14/2025, 07:14:35,844
GEOR20066,Pako Forever,6118,02/14/2025, 08:19:27,844
GEOR20066,Pako Forever,6118,02/14/2025, 09:16:00,844
GEOR20066,Pako Forever,6118,02/14/2025, 10:15:49,844
GEOR20066,Pako Forever,6118,02/14/2025, 11:12:54,844
GEOR20066,Pako Forever,6118,02/14/2025, 12:28:43,844
GEOR20066,Pako Forever,6118,02/14/2025, 13:21:52,844
GEOR20066,Pako Forever,6118,02/14/2025, 14:14:18,844
GEOR20066,Pako Forever,6118,02/14/2025, 15:15:54,844
GEOR20066,Pako Forever,6118,02/14/2025, 16:18:10,844
GEOR20066,Pako Forever,6118,02/14/2025, 17:13:27,844
GEOR20066,Pako Forever,6118,02/14/2025, 18:20:03,844
GEOR20066,Pako Forever,6118,02/14/2025, 19:12:26,844
GEOR20066,Pako Forever,6118,02/14/2025, 20:16:11,844
GEOR20066,Pako Forever,6119,02/14/2025, 21:13:49,844
GEOR20066,Pako Forever,6119,02/14/2025, 22:14:19,844
GEOR20066,Pako Forever,6119,02/14/2025, 23:14:56,844
GEOR20066,Pako Forever,6119,02/15/2025, 01:05:43,844
GEOR20066,Pako Forever,6119,02/15/2025, 02:43:56,844
GEOR20066,Pako Forever,6119,02/15/2025, 03:18:34,844
GEOR20066,Pako Forever,6119,02/15/2025, 04:19:11,844
GEOR20066,Pako Forever,6119,02/15/2025, 05:15:12,844
GEOR20066,Pako Forever,6119,02/15/2025, 06:19:22,844
GEOR20066,Pako Forever,6119,02/15/2025, 07:13:08,844
GEOR20066,Pako Forever,6119,02/15/2025, 08:17:58,844
GEOR20066,Pako Forever,6119,02/15/2025, 09:15:19,844
GEOR20066,Pako Forever,6119,02/15/2025, 10:14:51,844
GEOR20066,Pako Forever,6119,02/15/2025, 11:11:43,844
GEOR20066,Pako Forever,6119,02/15/2025, 12:25:41,844
GEOR20066,Pako Forever,6119,02/15/2025, 13:16:21,844
GEOR20066,Pako Forever,6119,02/15/2025, 14:12:32,844
GEOR20066,Pako Forever,6119,02/15/2025, 15:14:34,844
GEOR20066,Pako Forever,6119,02/15/2025, 16:16:37,844
GEOR20066,Pako Forever,6119,02/15/2025, 17:13:28,844
GEOR20066,Pako Forever,6119,02/15/2025, 18:17:58,844
GEOR20066,Pako Forever,6119,02/15/2025, 19:12:19,844
GEOR20066,Pako Forever,6119,02/15/2025, 20:14:49,844
GEOR20066,Pako Forever,6119,02/15/2025, 21:14:05,844
GEOR20066,Pako Forever,6119,02/15/2025, 22:13:49,844
GEOR20066,Pako Forever,6119,02/15/2025, 23:13:35,844
GEOR20066,Pako Forever,6119,02/16/2025, 01:11:54,844
GEOR20066,Pako Forever,6119,02/16/2025, 02:51:25,844
GEOR20066,Pako Forever,6119,02/16/2025, 03:21:49,844
GEOR20066,Pako Forever,6119,02/16/2025, 04:17:28,844
GEOR20066,Pako Forever,6119,02/16/2025, 05:14:51,844
GEOR20066,Pako Forever,6119,02/16/2025, 06:19:21,844
GEOR20066,Pako Forever,6119,02/16/2025, 07:14:34,844
GEOR20066,Pako Forever,6119,02/16/2025, 08:17:28,844
GEOR20066,Pako Forever,6119,02/16/2025, 09:14:22,844
GEOR20066,Pako Forever,6119,02/16/2025, 10:14:16,844
GEOR20066,Pako Forever,6119,02/16/2025, 11:12:14,844
GEOR20066,Pako Forever,6119,02/16/2025, 12:28:16,844
GEOR20066,Pako Forever,6119,02/16/2025, 13:18:15,844
GEOR20066,Pako Forever,6119,02/16/2025, 14:13:20,844
GEOR20066,Pako Forever,6119,02/16/2025, 15:13:59,844
GEOR20066,Pako Forever,6119,02/16/2025, 16:16:26,844
GEOR20066,Pako Forever,6119,02/16/2025, 18:18:58,844
GEOR20066,Pako Forever,6119,02/16/2025, 19:12:33,844
GEOR20066,Pako Forever,6119,02/16/2025, 20:16:25,844
GEOR20066,Pako Forever,6119,02/16/2025, 21:13:39,844
GEOR20066,Pako Forever,6119,02/16/2025, 22:13:28,844
GEOR20066,Pako Forever,6119,02/16/2025, 23:14:06,844
GEOR20066,Pako Forever,6119,02/17/2025, 01:09:26,844
GEOR20066,Pako Forever,6119,02/17/2025, 02:49:40,844
GEOR20066,Pako Forever,6119,02/17/2025, 03:21:45,844
GEOR20066,Pako Forever,6119,02/17/2025, 04:18:39,844
GEOR20066,Pako Forever,6119,02/17/2025, 05:16:58,844
GEOR20066,Pako Forever,6119,02/17/2025, 06:21:45,844
GEOR20066,Pako Forever,6119,02/17/2025, 07:15:19,844
GEOR20066,Pako Forever,6119,02/17/2025, 08:21:11,844
GEOR20066,Pako Forever,6119,02/17/2025, 09:17:41,844
GEOR20066,Pako Forever,6119,02/17/2025, 10:17:43,844
GEOR20066,Pako Forever,6119,02/17/2025, 11:13:19,844
GEOR20066,Pako Forever,6119,02/17/2025, 12:29:41,844
GEOR20066,Pako Forever,6119,02/17/2025, 13:23:10,844
GEOR20066,Pako Forever,6119,02/17/2025, 14:15:14,844
GEOR20066,Pako Forever,6119,02/17/2025, 15:16:44,844
GEOR20066,Pako Forever,6119,02/17/2025, 16:18:45,844
GEOR20066,Pako Forever,6119,02/17/2025, 17:13:53,844
GEOR20066,Pako Forever,6119,02/17/2025, 18:20:08,844
GEOR20066,Pako Forever,6119,02/17/2025, 19:13:04,844
GEOR20066,Pako Forever,6119,02/17/2025, 20:15:52,844
GEOR20066,Pako Forever,6119,02/17/2025, 21:14:12,844
GEOR20066,Pako Forever,6119,02/17/2025, 22:14:39,844
GEOR20066,Pako Forever,6119,02/17/2025, 23:14:23,844
GEOR20066,Pako Forever,6119,02/18/2025, 01:06:26,844
GEOR20066,Pako Forever,6119,02/18/2025, 02:44:10,844
GEOR20066,Pako Forever,6119,02/18/2025, 03:18:43,844
GEOR20066,Pako Forever,6119,02/18/2025, 04:18:21,844
GEOR20066,Pako Forever,6119,02/18/2025, 05:15:55,844
GEOR20066,Pako Forever,6119,02/18/2025, 06:21:10,844
GEOR20066,Pako Forever,6119,02/18/2025, 07:14:51,844
GEOR20066,Pako Forever,6119,02/18/2025, 08:20:22,844
GEOR20066,Pako Forever,6119,02/18/2025, 09:16:28,844
GEOR20066,Pako Forever,6119,02/18/2025, 10:16:32,844
GEOR20066,Pako Forever,6120,02/18/2025, 11:13:19,844
GEOR20066,Pako Forever,6120,02/18/2025, 12:29:18,844
GEOR20066,Pako Forever,6120,02/18/2025, 13:21:56,844
GEOR20066,Pako Forever,6120,02/18/2025, 14:14:57,844
GEOR20066,Pako Forever,6120,02/18/2025, 15:16:52,844
GEOR20066,Pako Forever,6120,02/18/2025, 16:19:26,844
GEOR20066,Pako Forever,6120,02/18/2025, 17:14:47,844
GEOR20066,Pako Forever,6120,02/18/2025, 18:21:11,844
GEOR20066,Pako Forever,6120,02/18/2025, 19:12:43,844
GEOR20066,Pako Forever,6120,02/18/2025, 20:16:32,844
GEOR20066,Pako Forever,6120,02/18/2025, 21:14:34,844
GEOR20066,Pako Forever,6120,02/18/2025, 22:14:46,844
GEOR20066,Pako Forever,6120,02/18/2025, 23:14:29,844
GEOR20066,Pako Forever,6120,02/19/2025, 01:06:48,844
GEOR20066,Pako Forever,6120,02/19/2025, 02:45:20,844
GEOR20066,Pako Forever,6120,02/19/2025, 03:21:26,844
GEOR20066,Pako Forever,6120,02/19/2025, 04:18:39,844
GEOR20066,Pako Forever,6120,02/19/2025, 05:15:04,844
GEOR20066,Pako Forever,6120,02/19/2025, 06:21:35,844
GEOR20066,Pako Forever,6120,02/19/2025, 07:14:43,844
GEOR20066,Pako Forever,6120,02/19/2025, 08:20:20,844
GEOR20066,Pako Forever,6120,02/19/2025, 09:16:21,844
GEOR20066,Pako Forever,6120,02/19/2025, 10:16:26,844
GEOR20066,Pako Forever,6120,02/19/2025, 11:13:27,844
GEOR20066,Pako Forever,6120,02/19/2025, 12:26:47,844
GEOR20066,Pako Forever,6120,02/19/2025, 13:22:06,844
GEOR20066,Pako Forever,6120,02/19/2025, 14:15:02,844
GEOR20066,Pako Forever,6120,02/19/2025, 15:16:52,844
GEOR20066,Pako Forever,6120,02/19/2025, 16:18:47,844
GEOR20066,Pako Forever,6120,02/19/2025, 17:14:21,844
GEOR20066,Pako Forever,6120,02/19/2025, 18:19:20,844
GEOR20066,Pako Forever,6120,02/19/2025, 19:12:47,844
GEOR20066,Pako Forever,6120,02/19/2025, 20:17:20,844
GEOR20066,Pako Forever,6120,02/19/2025, 21:14:47,844
GEOR20066,Pako Forever,6120,02/19/2025, 22:14:39,844
GEOR20066,Pako Forever,6120,02/19/2025, 23:14:46,844
GEOR20066,Pako Forever,6120,02/20/2025, 01:07:08,844
GEOR20066,Pako Forever,6120,02/20/2025, 02:46:22,844
GEOR20066,Pako Forever,6120,02/20/2025, 03:19:57,844
GEOR20066,Pako Forever,6120,02/20/2025, 04:18:23,844
GEOR20066,Pako Forever,6120,02/20/2025, 05:15:17,844
GEOR20066,Pako Forever,6120,02/20/2025, 07:15:05,844
GEOR20066,Pako Forever,6120,02/20/2025, 08:19:58,844
GEOR20066,Pako Forever,6120,02/20/2025, 09:16:29,844
GEOR20066,Pako Forever,6120,02/20/2025, 10:16:44,844
GEOR20066,Pako Forever,6120,02/20/2025, 11:13:35,844
GEOR20066,Pako Forever,6120,02/20/2025, 12:29:24,844
GEOR20066,Pako Forever,6120,02/20/2025, 13:23:08,844
GEOR20066,Pako Forever,6120,02/20/2025, 14:15:18,844
GEOR20066,Pako Forever,6120,02/20/2025, 15:17:01,844
GEOR20066,Pako Forever,6120,02/20/2025, 16:19:47,844
GEOR20066,Pako Forever,6120,02/20/2025, 17:14:12,844
GEOR20066,Pako Forever,6120,02/20/2025, 18:20:34,844
GEOR20066,Pako Forever,6120,02/20/2025, 19:12:45,844
GEOR20066,Pako Forever,6120,02/20/2025, 20:16:45,844
GEOR20066,Pako Forever,6120,02/20/2025, 21:13:20,844
GEOR20066,Pako Forever,6120,02/20/2025, 22:14:57,844
GEOR20066,Pako Forever,6120,02/20/2025, 23:15:00,844
GEOR20066,Pako Forever,6120,02/21/2025, 01:07:26,844
GEOR20066,Pako Forever,6120,02/21/2025, 03:21:08,844
GEOR20066,Pako Forever,6120,02/21/2025, 04:19:51,844
GEOR20066,Pako Forever,6120,02/21/2025, 08:19:26,844
GEOR20066,Pako Forever,6120,02/21/2025, 09:16:02,844
GEOR20066,Pako Forever,6120,02/21/2025, 10:16:08,844
GEOR20066,Pako Forever,6120,02/21/2025, 11:12:57,844
GEOR20066,Pako Forever,6120,02/21/2025, 12:28:42,844
GEOR20066,Pako Forever,6120,02/21/2025, 13:22:02,844
GEOR20066,Pako Forever,6120,02/21/2025, 14:13:37,844
GEOR20066,Pako Forever,6120,02/21/2025, 15:15:52,844
GEOR20066,Pako Forever,6120,02/21/2025, 16:18:48,844
GEOR20066,Pako Forever,6120,02/21/2025, 17:13:46,844
GEOR20066,Pako Forever,6120,02/21/2025, 18:20:34,844
GEOR20066,Pako Forever,6120,02/21/2025, 19:12:22,844
GEOR20066,Pako Forever,6120,02/21/2025, 20:16:34,844
GEOR20066,Pako Forever,6120,02/21/2025, 21:13:28,844
GEOR20066,Pako Forever,6120,02/21/2025, 22:14:30,844
GEOR20066,Pako Forever,6120,02/21/2025, 23:15:44,844
GEOR20066,Pako Forever,6120,02/22/2025, 01:05:28,844
GEOR20066,Pako Forever,6120,02/22/2025, 02:42:56,844
GEOR20066,Pako Forever,6120,02/22/2025, 03:17:39,844
GEOR20066,Pako Forever,6120,02/22/2025, 04:17:54,844
GEOR20066,Pako Forever,6120,02/22/2025, 05:14:46,844
GEOR20066,Pako Forever,6120,02/22/2025, 06:20:58,844
GEOR20066,Pako Forever,6120,02/22/2025, 07:13:27,844
GEOR20066,Pako Forever,6120,02/22/2025, 08:17:29,844
GEOR20066,Pako Forever,6120,02/22/2025, 09:15:34,844
GEOR20066,Pako Forever,6120,02/22/2025, 10:15:06,844
GEOR20066,Pako Forever,6120,02/22/2025, 11:11:44,844
GEOR20066,Pako Forever,6120,02/22/2025, 12:25:33,844
GEOR20066,Pako Forever,6120,02/22/2025, 13:17:29,844
GEOR20066,Pako Forever,6120,02/22/2025, 14:13:42,844
GEOR20066,Pako Forever,6120,02/22/2025, 15:14:04,844
GEOR20066,Pako Forever,6120,02/22/2025, 16:16:21,844
GEOR20066,Pako Forever,6120,02/22/2025, 17:13:25,844
GEOR20066,Pako Forever,6120,02/22/2025, 18:18:40,844
GEOR20066,Pako Forever,6120,02/22/2025, 19:12:09,844
GEOR20066,Pako Forever,6120,02/22/2025, 20:15:19,844
GEOR20066,Pako Forever,6120,02/22/2025, 21:14:04,844
GEOR20066,Pako Forever,6120,02/22/2025, 22:13:12,844
GEOR20066,Pako Forever,6120,02/22/2025, 23:14:21,844
GEOR20066,Pako Forever,6120,02/23/2025, 01:12:07,844
GEOR20066,Pako Forever,6120,02/23/2025, 02:51:54,844
GEOR20066,Pako Forever,6120,02/23/2025, 03:21:54,844
GEOR20066,Pako Forever,6120,02/23/2025, 04:18:08,844
GEOR20066,Pako Forever,6120,02/23/2025, 05:14:11,844
GEOR20066,Pako Forever,6120,02/23/2025, 06:19:29,844
GEOR20066,Pako Forever,6120,02/23/2025, 07:13:46,844
GEOR20066,Pako Forever,6120,02/23/2025, 08:19:12,844
GEOR20066,Pako Forever,6120,02/23/2025, 09:14:32,844
GEOR20066,Pako Forever,6120,02/23/2025, 10:15:29,844
GEOR20066,Pako Forever,6120,02/23/2025, 11:13:08,844
GEOR20066,Pako Forever,6120,02/23/2025, 12:26:07,844
GEOR20066,Pako Forever,6120,02/23/2025, 13:18:08,844
GEOR20066,Pako Forever,6120,02/23/2025, 14:14:21,844
GEOR20066,Pako Forever,6120,02/23/2025, 15:14:03,844
GEOR20066,Pako Forever,6120,02/23/2025, 16:16:38,844
GEOR20066,Pako Forever,6120,02/23/2025, 17:13:21,844
GEOR20066,Pako Forever,6120,02/23/2025, 18:18:42,844
GEOR20066,Pako Forever,6120,02/23/2025, 19:11:46,844
GEOR20066,Pako Forever,6120,02/23/2025, 20:15:32,844
GEOR20066,Pako Forever,6120,02/23/2025, 21:13:32,844
GEOR20066,Pako Forever,6120,02/23/2025, 22:13:50,844
GEOR20066,Pako Forever,6120,02/23/2025, 23:14:03,844
GEOR20066,Pako Forever,6120,02/24/2025, 01:09:25,844
GEOR20066,Pako Forever,6120,02/24/2025, 02:52:21,844
GEOR20066,Pako Forever,6120,02/24/2025, 03:23:14,844
GEOR20066,Pako Forever,6120,02/24/2025, 04:18:54,844
GEOR20066,Pako Forever,6120,02/24/2025, 05:15:42,844
GEOR20066,Pako Forever,6120,02/24/2025, 06:22:32,844
GEOR20066,Pako Forever,6120,02/24/2025, 07:15:32,844
GEOR20066,Pako Forever,6120,02/24/2025, 08:21:05,844
GEOR20066,Pako Forever,6120,02/24/2025, 09:17:45,844
GEOR20066,Pako Forever,6120,02/24/2025, 10:17:33,844
GEOR20066,Pako Forever,6120,02/24/2025, 11:13:48,844
GEOR20066,Pako Forever,6120,02/24/2025, 12:29:52,844
GEOR20066,Pako Forever,6120,02/24/2025, 13:23:43,844
GEOR20066,Pako Forever,6120,02/24/2025, 14:15:30,844
GEOR20066,Pako Forever,6120,02/24/2025, 15:17:48,844
GEOR20066,Pako Forever,6120,02/24/2025, 16:20:18,844
GEOR20066,Pako Forever,6120,02/24/2025, 17:14:12,844
GEOR20066,Pako Forever,6120,02/24/2025, 18:21:03,844
GEOR20066,Pako Forever,6120,02/24/2025, 19:13:36,844
GEOR20066,Pako Forever,6120,02/24/2025, 20:17:17,844
GEOR20066,Pako Forever,6120,02/24/2025, 21:14:23,844
GEOR20066,Pako Forever,6120,02/24/2025, 22:14:46,844
GEOR20066,Pako Forever,6120,02/24/2025, 23:15:06,844
GEOR20066,Pako Forever,6120,02/25/2025, 01:08:41,844
GEOR20066,Pako Forever,6120,02/25/2025, 02:50:40,844
GEOR20066,Pako Forever,6120,02/25/2025, 03:23:02,844
GEOR20066,Pako Forever,6120,02/25/2025, 04:19:18,844
GEOR20066,Pako Forever,6120,02/25/2025, 05:15:38,844
GEOR20066,Pako Forever,6120,02/25/2025, 06:21:34,844
GEOR20066,Pako Forever,6120,02/25/2025, 07:15:24,844
GEOR20066,Pako Forever,6120,02/25/2025, 08:20:23,844
GEOR20066,Pako Forever,6120,02/25/2025, 09:16:45,844
GEOR20066,Pako Forever,6120,02/25/2025, 10:16:39,844
GEOR20066,Pako Forever,6120,02/25/2025, 11:13:25,844
GEOR20066,Pako Forever,6120,02/25/2025, 12:30:00,844
GEOR20066,Pako Forever,6120,02/25/2025, 13:23:43,844
GEOR20066,Pako Forever,6120,02/25/2025, 14:15:19,844
GEOR20066,Pako Forever,6120,02/25/2025, 15:17:17,844
GEOR20066,Pako Forever,6120,02/25/2025, 16:19:47,844
GEOR20066,Pako Forever,6120,02/25/2025, 17:17:11,844
GEOR20066,Pako Forever,6120,02/25/2025, 18:21:19,844
GEOR20066,Pako Forever,6120,02/25/2025, 19:13:35,844
GEOR20066,Pako Forever,6120,02/25/2025, 20:17:24,844
GEOR20066,Pako Forever,6120,02/25/2025, 21:14:50,844
GEOR20066,Pako Forever,6120,02/25/2025, 22:15:01,844
GEOR20066,Pako Forever,6120,02/25/2025, 23:14:50,844
GEOR20066,Pako Forever,6120,02/26/2025, 01:08:27,844
GEOR20066,Pako Forever,6120,02/26/2025, 02:49:47,844
GEOR20066,Pako Forever,6120,02/26/2025, 03:22:14,844
GEOR20066,Pako Forever,6120,02/26/2025, 04:18:58,844
GEOR20066,Pako Forever,6120,02/26/2025, 05:15:43,844
GEOR20066,Pako Forever,6120,02/26/2025, 06:22:08,844
GEOR20066,Pako Forever,6120,02/26/2025, 07:15:25,844
GEOR20066,Pako Forever,6120,02/26/2025, 08:20:17,844
GEOR20066,Pako Forever,6120,02/26/2025, 09:17:27,844
GEOR20066,Pako Forever,6120,02/26/2025, 10:17:09,844
GEOR20066,Pako Forever,6120,02/26/2025, 11:14:01,844
GEOR20066,Pako Forever,6120,02/26/2025, 12:29:42,844
GEOR20066,Pako Forever,6120,02/26/2025, 13:23:21,844
GEOR20066,Pako Forever,6120,02/26/2025, 14:15:18,844
GEOR20066,Pako Forever,6120,02/26/2025, 15:17:30,844
GEOR20066,Pako Forever,6120,02/26/2025, 16:19:57,844
GEOR20066,Pako Forever,6120,02/26/2025, 17:14:37,844
GEOR20066,Pako Forever,6120,02/26/2025, 18:21:03,844
GEOR20066,Pako Forever,6120,02/26/2025, 19:13:03,844
GEOR20066,Pako Forever,6120,02/26/2025, 20:17:22,844
GEOR20066,Pako Forever,6120,02/26/2025, 21:15:03,844
GEOR20066,Pako Forever,6120,02/26/2025, 22:14:56,844
GEOR20066,Pako Forever,6120,02/26/2025, 23:15:41,844
GEOR20066,Pako Forever,6120,02/27/2025, 01:08:39,844
GEOR20066,Pako Forever,6120,02/27/2025, 02:52:01,844
GEOR20066,Pako Forever,6120,02/27/2025, 03:23:16,844
GEOR20066,Pako Forever,6120,02/27/2025, 04:18:53,844
GEOR20066,Pako Forever,6120,02/27/2025, 05:16:39,844
GEOR20066,Pako Forever,6120,02/27/2025, 06:21:56,844
GEOR20066,Pako Forever,6120,02/27/2025, 07:15:11,844
GEOR20066,Pako Forever,6120,02/27/2025, 08:19:45,844
GEOR20066,Pako Forever,6120,02/27/2025, 09:16:51,844
GEOR20066,Pako Forever,6120,02/27/2025, 10:17:07,844
GEOR20066,Pako Forever,6120,02/27/2025, 11:13:22,844
GEOR20066,Pako Forever,6120,02/27/2025, 12:29:28,844
GEOR20066,Pako Forever,6120,02/27/2025, 13:24:05,844
GEOR20066,Pako Forever,6120,02/27/2025, 14:15:27,844
GEOR20066,Pako Forever,6120,02/27/2025, 15:17:31,844
GEOR20066,Pako Forever,6120,02/27/2025, 16:20:06,844
GEOR20066,Pako Forever,6120,02/27/2025, 17:14:32,844
GEOR20066,Pako Forever,6120,02/27/2025, 18:21:05,844
GEOR20066,Pako Forever,6120,02/27/2025, 19:13:17,844
GEOR20066,Pako Forever,6120,02/27/2025, 20:17:24,844
GEOR20066,Pako Forever,6120,02/27/2025, 21:15:03,844
GEOR20066,Pako Forever,6120,02/27/2025, 22:16:11,844
GEOR20066,Pako Forever,6120,02/27/2025, 23:15:20,844
GEOR20066,Pako Forever,6120,02/28/2025, 01:08:57,844
GEOR20066,Pako Forever,6120,02/28/2025, 02:52:07,844
GEOR20066,Pako Forever,6120,02/28/2025, 03:23:40,844
GEOR20066,Pako Forever,6120,02/28/2025, 04:19:03,844
GEOR20066,Pako Forever,6120,02/28/2025, 05:16:10,844
GEOR20066,Pako Forever,6120,02/28/2025, 06:21:50,844
GEOR20066,Pako Forever,6120,02/28/2025, 07:15:36,844
GEOR20066,Pako Forever,6120,02/28/2025, 08:19:42,844
GEOR20066,Pako Forever,6120,02/28/2025, 09:16:46,844
GEOR20066,Pako Forever,6120,02/28/2025, 10:16:37,844
GEOR20066,Pako Forever,6120,02/28/2025, 11:13:43,844
GEOR20066,Pako Forever,6120,02/28/2025, 12:29:11,844
GEOR20066,Pako Forever,6120,02/28/2025, 13:22:47,844
GEOR20066,Pako Forever,6120,02/28/2025, 14:15:13,844
GEOR20066,Pako Forever,6120,02/28/2025, 15:16:28,844
GEOR20066,Pako Forever,6120,02/28/2025, 16:19:51,844
GEOR20066,Pako Forever,6120,02/28/2025, 17:13:57,844
GEOR20066,Pako Forever,6120,02/28/2025, 18:20:51,844
GEOR20066,Pako Forever,6120,02/28/2025, 19:14:29,844
GEOR20066,Pako Forever,6120,02/28/2025, 20:17:01,844
GEOR20066,Pako Forever,6120,02/28/2025, 21:14:35,844
GEOR20066,Pako Forever,6120,02/28/2025, 22:14:38,844
GEOR20066,Pako Forever,6120,02/28/2025, 23:14:48,844
GEOR20066,Pako Forever,6120,03/01/2025, 01:13:28,844
GEOR20066,Pako Forever,6120,03/01/2025, 02:56:02,844
GEOR20066,Pako Forever,6120,03/01/2025, 03:29:03,844
GEOR20066,Pako Forever,6120,03/01/2025, 04:18:21,844
GEOR20066,Pako Forever,6120,03/01/2025, 05:15:11,844
GEOR20066,Pako Forever,6120,03/01/2025, 06:20:36,844
GEOR20066,Pako Forever,6120,03/01/2025, 07:13:59,844
GEOR20066,Pako Forever,6120,03/01/2025, 08:18:29,844
GEOR20066,Pako Forever,6120,03/01/2025, 09:14:58,844
GEOR20066,Pako Forever,6120,03/01/2025, 10:15:03,844
GEOR20066,Pako Forever,6120,03/01/2025, 11:12:25,844
GEOR20066,Pako Forever,6120,03/01/2025, 12:26:46,844
GEOR20066,Pako Forever,6120,03/01/2025, 13:18:54,844
GEOR20066,Pako Forever,6120,03/01/2025, 14:13:59,844
GEOR20066,Pako Forever,6120,03/01/2025, 15:14:27,844
GEOR20066,Pako Forever,6120,03/01/2025, 16:16:52,844
GEOR20066,Pako Forever,6120,03/01/2025, 17:12:54,844
GEOR20066,Pako Forever,6120,03/01/2025, 18:19:17,844
GEOR20066,Pako Forever,6120,03/01/2025, 19:12:03,844
GEOR20066,Pako Forever,6120,03/01/2025, 20:15:20,844
GEOR20066,Pako Forever,6120,03/01/2025, 21:14:02,844
GEOR20066,Pako Forever,6120,03/01/2025, 22:13:51,844
GEOR20066,Pako Forever,6120,03/01/2025, 23:15:45,844
GEOR20066,Pako Forever,6120,03/02/2025, 01:13:08,844
GEOR20066,Pako Forever,6120,03/02/2025, 02:54:29,844
GEOR20066,Pako Forever,6120,03/02/2025, 03:25:02,844
GEOR20066,Pako Forever,6120,03/02/2025, 04:17:53,844
GEOR20066,Pako Forever,6120,03/02/2025, 05:15:49,844
GEOR20066,Pako Forever,6120,03/02/2025, 06:20:42,844
GEOR20066,Pako Forever,6120,03/02/2025, 07:14:05,844
GEOR20066,Pako Forever,6121,03/02/2025, 08:17:58,844
GEOR20066,Pako Forever,6121,03/02/2025, 09:14:46,844
GEOR20066,Pako Forever,6121,03/02/2025, 10:15:51,844
GEOR20066,Pako Forever,6121,03/02/2025, 11:13:10,844
GEOR20066,Pako Forever,6121,03/02/2025, 12:25:50,844
GEOR20066,Pako Forever,6121,03/02/2025, 13:18:18,844
GEOR20066,Pako Forever,6121,03/02/2025, 14:14:36,844
GEOR20066,Pako Forever,6121,03/02/2025, 15:14:29,844
GEOR20066,Pako Forever,6121,03/02/2025, 16:17:49,844
GEOR20066,Pako Forever,6121,03/02/2025, 17:12:39,844
GEOR20066,Pako Forever,6121,03/02/2025, 18:20:19,844
GEOR20066,Pako Forever,6121,03/02/2025, 19:12:08,844
GEOR20066,Pako Forever,6121,03/02/2025, 20:15:46,844
GEOR20066,Pako Forever,6121,03/02/2025, 21:14:17,844
GEOR20066,Pako Forever,6121,03/02/2025, 22:14:59,844
GEOR20066,Pako Forever,6121,03/02/2025, 23:14:45,844
GEOR20066,Pako Forever,6121,03/03/2025, 01:11:07,844
GEOR20066,Pako Forever,6121,03/03/2025, 02:54:06,844
GEOR20066,Pako Forever,6121,03/03/2025, 03:26:01,844
GEOR20066,Pako Forever,6121,03/03/2025, 04:19:44,844
GEOR20066,Pako Forever,6121,03/03/2025, 05:16:08,844
GEOR20066,Pako Forever,6121,03/03/2025, 06:22:38,844
GEOR20066,Pako Forever,6121,03/03/2025, 07:16:30,844
GEOR20066,Pako Forever,6121,03/03/2025, 08:21:39,844
GEOR20066,Pako Forever,6121,03/03/2025, 09:18:16,844
GEOR20066,Pako Forever,6121,03/03/2025, 10:17:40,844
GEOR20066,Pako Forever,6121,03/03/2025, 11:14:14,844
GEOR20066,Pako Forever,6121,03/03/2025, 12:30:14,844
GEOR20066,Pako Forever,6121,03/03/2025, 13:24:00,844
GEOR20066,Pako Forever,6121,03/03/2025, 14:15:43,844
GEOR20066,Pako Forever,6121,03/03/2025, 15:17:17,844
GEOR20066,Pako Forever,6121,03/03/2025, 16:18:57,844
GEOR20066,Pako Forever,6121,03/03/2025, 17:14:30,844
GEOR20066,Pako Forever,6121,03/03/2025, 18:21:11,844
GEOR20066,Pako Forever,6121,03/03/2025, 19:13:14,844
GEOR20066,Pako Forever,6121,03/03/2025, 20:17:01,844
GEOR20066,Pako Forever,6121,03/03/2025, 21:16:11,844
GEOR20066,Pako Forever,6121,03/03/2025, 22:14:56,844
GEOR20066,Pako Forever,6121,03/03/2025, 23:15:05,844
GEOR20066,Pako Forever,6121,03/04/2025, 01:09:35,844
GEOR20066,Pako Forever,6121,03/04/2025, 02:53:22,844
GEOR20066,Pako Forever,6121,03/04/2025, 03:25:47,844
GEOR20066,Pako Forever,6121,03/04/2025, 04:18:41,844
GEOR20066,Pako Forever,6121,03/04/2025, 05:15:33,844
GEOR20066,Pako Forever,6121,03/04/2025, 06:21:33,844
GEOR20066,Pako Forever,6121,03/04/2025, 07:16:20,844
GEOR20066,Pako Forever,6121,03/04/2025, 08:19:06,844
GEOR20066,Pako Forever,6121,03/04/2025, 09:17:14,844
GEOR20066,Pako Forever,6121,03/04/2025, 10:17:27,844
GEOR20066,Pako Forever,6121,03/04/2025, 11:14:07,844
GEOR20066,Pako Forever,6121,03/04/2025, 12:29:57,844
GEOR20066,Pako Forever,6121,03/04/2025, 13:23:37,844
GEOR20066,Pako Forever,6121,03/04/2025, 14:15:15,844
GEOR20066,Pako Forever,6121,03/04/2025, 15:17:22,844
GEOR20066,Pako Forever,6121,03/04/2025, 16:19:49,844
GEOR20066,Pako Forever,6121,03/04/2025, 17:15:16,844
GEOR20066,Pako Forever,6121,03/04/2025, 18:21:24,844
GEOR20066,Pako Forever,6121,03/04/2025, 19:13:02,844
GEOR20066,Pako Forever,6121,03/04/2025, 20:17:13,844
GEOR20066,Pako Forever,6121,03/04/2025, 21:15:20,844
GEOR20066,Pako Forever,6121,03/04/2025, 22:14:21,844
GEOR20066,Pako Forever,6121,03/04/2025, 23:15:08,844
GEOR20066,Pako Forever,6121,03/05/2025, 01:09:43,844
GEOR20066,Pako Forever,6121,03/05/2025, 02:52:37,844
GEOR20066,Pako Forever,6121,03/05/2025, 03:24:21,844
GEOR20066,Pako Forever,6121,03/05/2025, 04:19:03,844
GEOR20066,Pako Forever,6121,03/05/2025, 05:15:54,844
GEOR20066,Pako Forever,6121,03/05/2025, 06:22:06,844
GEOR20066,Pako Forever,6121,03/05/2025, 07:15:40,844
GEOR20066,Pako Forever,6121,03/05/2025, 08:20:28,844
GEOR20066,Pako Forever,6121,03/05/2025, 09:17:19,844
GEOR20066,Pako Forever,6121,03/05/2025, 10:17:19,844
GEOR20066,Pako Forever,6121,03/05/2025, 11:13:50,844
GEOR20066,Pako Forever,6121,03/05/2025, 12:30:09,844
GEOR20066,Pako Forever,6121,03/05/2025, 13:24:12,844
GEOR20066,Pako Forever,6121,03/05/2025, 14:15:26,844
GEOR20066,Pako Forever,6121,03/05/2025, 15:17:47,844
GEOR20066,Pako Forever,6121,03/05/2025, 16:25:03,844
GEOR20066,Pako Forever,6121,03/05/2025, 17:15:01,844
GEOR20066,Pako Forever,6121,03/05/2025, 18:22:12,844
GEOR20066,Pako Forever,6121,03/05/2025, 19:13:27,844
GEOR20066,Pako Forever,6121,03/05/2025, 20:17:45,844
GEOR20066,Pako Forever,6121,03/05/2025, 21:15:00,844
GEOR20066,Pako Forever,6121,03/05/2025, 22:15:15,844
GEOR20066,Pako Forever,6121,03/05/2025, 23:15:44,844
GEOR20066,Pako Forever,6121,03/06/2025, 01:09:27,844
GEOR20066,Pako Forever,6121,03/06/2025, 02:53:47,844
GEOR20066,Pako Forever,6121,03/06/2025, 03:25:08,844
GEOR20066,Pako Forever,6121,03/06/2025, 04:18:46,844
GEOR20066,Pako Forever,6121,03/06/2025, 05:16:04,844
GEOR20066,Pako Forever,6121,03/06/2025, 06:22:14,844
GEOR20066,Pako Forever,6121,03/06/2025, 07:17:02,844
GEOR20066,Pako Forever,6121,03/06/2025, 08:20:10,844
GEOR20066,Pako Forever,6121,03/06/2025, 09:17:07,844
GEOR20066,Pako Forever,6121,03/06/2025, 10:16:58,844
GEOR20066,Pako Forever,6121,03/06/2025, 11:14:08,844
GEOR20066,Pako Forever,6121,03/06/2025, 12:30:13,844
GEOR20066,Pako Forever,6121,03/06/2025, 13:23:52,844
GEOR20066,Pako Forever,6121,03/06/2025, 14:15:23,844
GEOR20066,Pako Forever,6121,03/06/2025, 15:17:14,844
GEOR20066,Pako Forever,6121,03/06/2025, 16:19:53,844
GEOR20066,Pako Forever,6121,03/06/2025, 17:15:00,844
GEOR20066,Pako Forever,6121,03/06/2025, 18:21:16,844
GEOR20066,Pako Forever,6121,03/06/2025, 19:13:13,844
GEOR20066,Pako Forever,6121,03/06/2025, 20:17:37,844
GEOR20066,Pako Forever,6121,03/06/2025, 21:15:27,844
GEOR20066,Pako Forever,6121,03/06/2025, 22:15:14,844
GEOR20066,Pako Forever,6121,03/06/2025, 23:15:33,844
GEOR20066,Pako Forever,6121,03/07/2025, 01:10:21,844
GEOR20066,Pako Forever,6121,03/07/2025, 02:54:33,844
GEOR20066,Pako Forever,6121,03/07/2025, 03:26:09,844
GEOR20066,Pako Forever,6121,03/07/2025, 04:19:09,844
GEOR20066,Pako Forever,6121,03/07/2025, 05:16:01,844
GEOR20066,Pako Forever,6121,03/07/2025, 06:21:45,844
GEOR20066,Pako Forever,6121,03/07/2025, 07:15:22,844
GEOR20066,Pako Forever,6121,03/07/2025, 08:19:55,844
GEOR20066,Pako Forever,6121,03/07/2025, 09:16:55,844
GEOR20066,Pako Forever,6121,03/07/2025, 10:17:04,844
GEOR20066,Pako Forever,6121,03/07/2025, 11:13:45,844
GEOR20066,Pako Forever,6121,03/07/2025, 12:29:18,844
GEOR20066,Pako Forever,6121,03/07/2025, 13:23:25,844
GEOR20066,Pako Forever,6121,03/07/2025, 14:15:16,844
GEOR20066,Pako Forever,6121,03/07/2025, 15:16:36,844
GEOR20066,Pako Forever,6121,03/07/2025, 16:19:11,844
GEOR20066,Pako Forever,6121,03/07/2025, 17:14:01,844
GEOR20066,Pako Forever,6121,03/07/2025, 18:20:50,844
GEOR20066,Pako Forever,6121,03/07/2025, 19:12:57,844
GEOR20066,Pako Forever,6121,03/07/2025, 20:17:41,844
GEOR20066,Pako Forever,6121,03/07/2025, 21:13:38,844
GEOR20066,Pako Forever,6121,03/07/2025, 22:13:15,844
GEOR20066,Pako Forever,6121,03/07/2025, 23:12:54,844
GEOR20066,Pako Forever,6121,03/08/2025, 00:56:28,844
GEOR20066,Pako Forever,6121,03/08/2025, 01:56:21,844
GEOR20066,Pako Forever,6121,03/08/2025, 02:28:06,844
GEOR20066,Pako Forever,6121,03/08/2025, 03:14:55,844
GEOR20066,Pako Forever,6121,03/08/2025, 04:15:28,844
GEOR20066,Pako Forever,6121,03/08/2025, 05:13:01,844
GEOR20066,Pako Forever,6121,03/08/2025, 06:17:48,844
GEOR20066,Pako Forever,6121,03/08/2025, 07:11:39,844
GEOR20066,Pako Forever,6121,03/08/2025, 08:16:19,844
GEOR20066,Pako Forever,6122,03/08/2025, 09:14:06,844
GEOR20066,Pako Forever,6122,03/08/2025, 10:13:49,844
GEOR20066,Pako Forever,6122,03/08/2025, 11:11:38,844
GEOR20066,Pako Forever,6122,03/08/2025, 12:21:57,844
GEOR20066,Pako Forever,6122,03/08/2025, 13:14:14,844
GEOR20066,Pako Forever,6123,03/08/2025, 14:11:39,844
GEOR20066,Pako Forever,6123,03/08/2025, 15:13:21,844
GEOR20066,Pako Forever,6123,03/08/2025, 16:15:05,844
GEOR20066,Pako Forever,6123,03/08/2025, 17:12:14,844
GEOR20066,Pako Forever,6123,03/08/2025, 18:17:04,844
GEOR20066,Pako Forever,6123,03/08/2025, 19:12:07,844
GEOR20066,Pako Forever,6123,03/08/2025, 20:12:58,844
GEOR20066,Pako Forever,6123,03/08/2025, 21:12:57,844
GEOR20066,Pako Forever,6123,03/08/2025, 22:12:30,844
GEOR20066,Pako Forever,6123,03/08/2025, 23:14:15,844
GEOR20066,Pako Forever,6123,03/09/2025, 01:00:59,844
GEOR20066,Pako Forever,6123,03/09/2025, 02:05:37,844
GEOR20066,Pako Forever,6123,03/09/2025, 03:15:28,844
GEOR20066,Pako Forever,6123,03/09/2025, 04:15:51,844
GEOR20066,Pako Forever,6123,03/09/2025, 05:13:15,844
GEOR20066,Pako Forever,6123,03/09/2025, 06:17:22,844
GEOR20066,Pako Forever,6123,03/09/2025, 07:12:40,844
GEOR20066,Pako Forever,6123,03/09/2025, 08:16:48,844
GEOR20066,Pako Forever,6123,03/09/2025, 09:12:32,844
GEOR20066,Pako Forever,6123,03/09/2025, 10:14:14,844
GEOR20066,Pako Forever,6123,03/09/2025, 11:11:24,844
GEOR20066,Pako Forever,6123,03/09/2025, 12:21:37,844
GEOR20066,Pako Forever,6123,03/09/2025, 13:14:06,844
GEOR20066,Pako Forever,6123,03/09/2025, 14:12:17,844
GEOR20066,Pako Forever,6123,03/09/2025, 15:14:16,844
GEOR20066,Pako Forever,6123,03/09/2025, 16:14:53,844
GEOR20066,Pako Forever,6125,03/09/2025, 17:11:23,844
GEOR20066,Pako Forever,6125,03/09/2025, 18:16:00,844
GEOR20066,Pako Forever,6125,03/09/2025, 19:10:19,844
GEOR20066,Pako Forever,6125,03/09/2025, 20:14:28,844
GEOR20066,Pako Forever,6125,03/09/2025, 21:13:03,844
GEOR20066,Pako Forever,6125,03/09/2025, 22:13:13,844
GEOR20066,Pako Forever,6125,03/09/2025, 23:12:25,844
GEOR20066,Pako Forever,6125,03/10/2025, 00:59:28,844
GEOR20066,Pako Forever,6125,03/10/2025, 02:05:00,844
GEOR20066,Pako Forever,6125,03/10/2025, 03:16:43,844
GEOR20066,Pako Forever,6125,03/10/2025, 04:15:54,844
GEOR20066,Pako Forever,6125,03/10/2025, 05:14:15,844
GEOR20066,Pako Forever,6125,03/10/2025, 06:19:07,844
GEOR20066,Pako Forever,6125,03/10/2025, 07:14:52,844
GEOR20066,Pako Forever,6125,03/10/2025, 08:18:08,844
GEOR20066,Pako Forever,6125,03/10/2025, 09:14:59,844
GEOR20066,Pako Forever,6125,03/10/2025, 10:15:08,844
GEOR20066,Pako Forever,6125,03/10/2025, 11:11:37,844
GEOR20066,Pako Forever,6125,03/10/2025, 12:31:00,844
GEOR20066,Pako Forever,6125,03/10/2025, 13:25:23,844
GEOR20066,Pako Forever,6125,03/10/2025, 14:16:18,844
GEOR20066,Pako Forever,6125,03/10/2025, 15:18:24,844
GEOR20066,Pako Forever,6125,03/10/2025, 16:18:04,844
GEOR20066,Pako Forever,6125,03/10/2025, 17:15:35,844
GEOR20066,Pako Forever,6125,03/10/2025, 18:20:27,844
GEOR20066,Pako Forever,6125,03/10/2025, 19:14:18,844
GEOR20066,Pako Forever,6125,03/10/2025, 20:17:53,844
GEOR20066,Pako Forever,6125,03/10/2025, 21:14:53,844
GEOR20066,Pako Forever,6125,03/10/2025, 22:15:19,844
GEOR20066,Pako Forever,6125,03/10/2025, 23:15:07,844
GEOR20066,Pako Forever,6125,03/11/2025, 01:10:21,844
GEOR20066,Pako Forever,6125,03/11/2025, 02:54:35,844
GEOR20066,Pako Forever,6125,03/11/2025, 03:26:19,844
GEOR20066,Pako Forever,6125,03/11/2025, 04:19:48,844
GEOR20066,Pako Forever,6125,03/11/2025, 05:16:01,844
GEOR20066,Pako Forever,6125,03/11/2025, 06:22:10,844
GEOR20066,Pako Forever,6125,03/11/2025, 07:15:36,844
GEOR20066,Pako Forever,6125,03/11/2025, 08:20:40,844
GEOR20066,Pako Forever,6125,03/11/2025, 09:17:29,844
GEOR20066,Pako Forever,6125,03/11/2025, 10:17:53,844
GEOR20066,Pako Forever,6125,03/11/2025, 11:14:14,844
GEOR20066,Pako Forever,6125,03/11/2025, 12:31:00,844
GEOR20066,Pako Forever,6125,03/11/2025, 13:24:55,844
GEOR20066,Pako Forever,6125,03/11/2025, 14:16:28,844
GEOR20066,Pako Forever,6125,03/11/2025, 15:17:55,844
GEOR20066,Pako Forever,6125,03/11/2025, 16:20:27,844
GEOR20066,Pako Forever,6125,03/11/2025, 17:15:08,844
GEOR20066,Pako Forever,6125,03/11/2025, 18:21:58,844
GEOR20066,Pako Forever,6125,03/11/2025, 19:13:32,844
GEOR20066,Pako Forever,6125,03/11/2025, 20:17:27,844
GEOR20066,Pako Forever,6125,03/11/2025, 21:13:03,844
GEOR20066,Pako Forever,6125,03/11/2025, 22:15:08,844
GEOR20066,Pako Forever,6125,03/11/2025, 23:14:57,844
GEOR20066,Pako Forever,6125,03/12/2025, 01:09:24,844
GEOR20066,Pako Forever,6125,03/12/2025, 02:53:37,844
GEOR20066,Pako Forever,6125,03/12/2025, 03:25:14,844
GEOR20066,Pako Forever,6125,03/12/2025, 04:18:43,844
GEOR20066,Pako Forever,6125,03/12/2025, 05:16:09,844
GEOR20066,Pako Forever,6125,03/12/2025, 06:22:02,844
GEOR20066,Pako Forever,6125,03/12/2025, 07:15:43,844
GEOR20066,Pako Forever,6125,03/12/2025, 08:21:36,844
GEOR20066,Pako Forever,6125,03/12/2025, 09:17:14,844
GEOR20066,Pako Forever,6125,03/12/2025, 10:17:17,844
GEOR20066,Pako Forever,6126,03/12/2025, 11:13:53,844
GEOR20066,Pako Forever,6126,03/12/2025, 12:30:38,844
GEOR20066,Pako Forever,6126,03/12/2025, 13:24:51,844
GEOR20066,Pako Forever,6126,03/12/2025, 14:15:52,844
GEOR20066,Pako Forever,6126,03/12/2025, 15:17:36,844
GEOR20066,Pako Forever,6126,03/12/2025, 16:20:07,844
GEOR20066,Pako Forever,6126,03/12/2025, 17:15:12,844
GEOR20066,Pako Forever,6126,03/12/2025, 18:22:07,844
GEOR20066,Pako Forever,6126,03/12/2025, 19:13:29,844
GEOR20066,Pako Forever,6126,03/12/2025, 20:17:40,844
GEOR20066,Pako Forever,6126,03/12/2025, 21:15:20,844
GEOR20066,Pako Forever,6126,03/12/2025, 22:15:43,844
GEOR20066,Pako Forever,6126,03/12/2025, 23:15:45,844
GEOR20066,Pako Forever,6126,03/13/2025, 01:10:55,844
GEOR20066,Pako Forever,6126,03/13/2025, 02:55:24,844
GEOR20066,Pako Forever,6126,03/13/2025, 03:27:25,844
GEOR20066,Pako Forever,6126,03/13/2025, 04:19:29,844
GEOR20066,Pako Forever,6126,03/13/2025, 05:15:55,844
GEOR20066,Pako Forever,6126,03/13/2025, 06:21:54,844
GEOR20066,Pako Forever,6126,03/13/2025, 07:15:30,844
GEOR20066,Pako Forever,6126,03/13/2025, 08:21:37,844
GEOR20066,Pako Forever,6126,03/13/2025, 09:17:22,844
GEOR20066,Pako Forever,6126,03/13/2025, 10:17:58,844
GEOR20066,Pako Forever,6126,03/13/2025, 11:14:20,844
GEOR20066,Pako Forever,6126,03/13/2025, 12:30:39,844
GEOR20066,Pako Forever,6126,03/13/2025, 13:25:10,844
GEOR20066,Pako Forever,6126,03/13/2025, 14:15:54,844
GEOR20066,Pako Forever,6126,03/13/2025, 15:18:20,844
GEOR20066,Pako Forever,6126,03/13/2025, 16:20:45,844
GEOR20066,Pako Forever,6126,03/13/2025, 17:13:15,844
GEOR20066,Pako Forever,6126,03/13/2025, 18:21:42,844
GEOR20066,Pako Forever,6126,03/13/2025, 19:13:27,844
GEOR20066,Pako Forever,6126,03/13/2025, 20:17:44,844
GEOR20066,Pako Forever,6126,03/13/2025, 21:15:26,844
GEOR20066,Pako Forever,6126,03/13/2025, 22:14:49,844
GEOR20066,Pako Forever,6126,03/13/2025, 23:15:11,844
GEOR20066,Pako Forever,6126,03/14/2025, 01:09:30,844
GEOR20066,Pako Forever,6126,03/14/2025, 02:53:24,844
GEOR20066,Pako Forever,6126,03/14/2025, 03:26:25,844
GEOR20066,Pako Forever,6126,03/14/2025, 04:19:00,844
GEOR20066,Pako Forever,6126,03/14/2025, 05:15:47,844
GEOR20066,Pako Forever,6126,03/14/2025, 06:22:08,844
GEOR20066,Pako Forever,6127,03/14/2025, 07:15:36,844
GEOR20066,Pako Forever,6127,03/14/2025, 08:20:13,844
GEOR20066,Pako Forever,6127,03/14/2025, 09:17:40,844
GEOR20066,Pako Forever,6127,03/14/2025, 10:17:24,844
GEOR20066,Pako Forever,6127,03/14/2025, 11:13:39,844
GEOR20066,Pako Forever,6127,03/14/2025, 12:29:16,844
GEOR20066,Pako Forever,6127,03/14/2025, 13:22:45,844
GEOR20066,Pako Forever,6127,03/14/2025, 14:14:49,844
GEOR20066,Pako Forever,6127,03/14/2025, 15:16:19,844
GEOR20066,Pako Forever,6127,03/14/2025, 16:19:22,844
GEOR20066,Pako Forever,6127,03/14/2025, 17:13:07,844
GEOR20066,Pako Forever,6127,03/14/2025, 18:21:10,844
GEOR20066,Pako Forever,6127,03/14/2025, 19:13:36,844
GEOR20066,Pako Forever,6127,03/14/2025, 20:16:44,844
GEOR20066,Pako Forever,6127,03/14/2025, 21:15:16,844
GEOR20066,Pako Forever,6127,03/14/2025, 22:15:07,844
GEOR20066,Pako Forever,6127,03/14/2025, 23:16:11,844
GEOR20066,Pako Forever,6127,03/15/2025, 01:08:58,844
GEOR20066,Pako Forever,6127,03/15/2025, 02:50:53,844
GEOR20066,Pako Forever,6127,03/15/2025, 03:23:13,844
GEOR20066,Pako Forever,6127,03/15/2025, 04:18:09,844
GEOR20066,Pako Forever,6127,03/15/2025, 05:14:59,844
GEOR20066,Pako Forever,6127,03/15/2025, 06:20:50,844
GEOR20066,Pako Forever,6127,03/15/2025, 07:15:05,844
GEOR20066,Pako Forever,6127,03/15/2025, 08:18:37,844
GEOR20066,Pako Forever,6127,03/15/2025, 09:15:04,844
GEOR20066,Pako Forever,6127,03/15/2025, 10:16:18,844
GEOR20066,Pako Forever,6127,03/15/2025, 11:12:14,844
GEOR20066,Pako Forever,6127,03/15/2025, 12:27:37,844
GEOR20066,Pako Forever,6127,03/15/2025, 13:19:29,844
GEOR20066,Pako Forever,6127,03/15/2025, 14:15:08,844
GEOR20066,Pako Forever,6127,03/15/2025, 15:14:39,844
GEOR20066,Pako Forever,6127,03/15/2025, 16:17:11,844
GEOR20066,Pako Forever,6127,03/15/2025, 17:13:12,844
GEOR20066,Pako Forever,6127,03/15/2025, 18:19:28,844
GEOR20066,Pako Forever,6127,03/15/2025, 19:11:43,844
GEOR20066,Pako Forever,6127,03/15/2025, 20:15:36,844
GEOR20066,Pako Forever,6127,03/15/2025, 21:14:48,844
GEOR20066,Pako Forever,6127,03/15/2025, 22:14:49,844
GEOR20066,Pako Forever,6127,03/15/2025, 23:14:17,844
GEOR20066,Pako Forever,6127,03/16/2025, 01:15:22,844
GEOR20066,Pako Forever,6127,03/16/2025, 02:58:41,844
GEOR20066,Pako Forever,6127,03/16/2025, 03:31:59,844
GEOR20066,Pako Forever,6127,03/16/2025, 04:18:24,844
GEOR20066,Pako Forever,6127,03/16/2025, 05:14:49,844
GEOR20066,Pako Forever,6127,03/16/2025, 06:20:04,844
GEOR20066,Pako Forever,6127,03/16/2025, 07:14:13,844
GEOR20066,Pako Forever,6127,03/16/2025, 08:18:39,844
GEOR20066,Pako Forever,6127,03/16/2025, 09:15:06,844
GEOR20066,Pako Forever,6127,03/16/2025, 10:15:28,844
GEOR20066,Pako Forever,6127,03/16/2025, 11:14:02,844
GEOR20066,Pako Forever,6127,03/16/2025, 12:26:54,844
GEOR20066,Pako Forever,6127,03/16/2025, 13:20:44,844
GEOR20066,Pako Forever,6127,03/16/2025, 14:13:29,844
GEOR20066,Pako Forever,6127,03/16/2025, 15:15:22,844
GEOR20066,Pako Forever,6127,03/16/2025, 16:17:45,844
GEOR20066,Pako Forever,6127,03/16/2025, 17:13:34,844
GEOR20066,Pako Forever,6127,03/16/2025, 18:20:04,844
GEOR20066,Pako Forever,6127,03/16/2025, 19:12:25,844
GEOR20066,Pako Forever,6127,03/16/2025, 20:16:55,844
GEOR20066,Pako Forever,6127,03/16/2025, 21:14:12,844
GEOR20066,Pako Forever,6127,03/16/2025, 22:14:20,844
GEOR20066,Pako Forever,6127,03/16/2025, 23:15:20,844
GEOR20066,Pako Forever,6127,03/17/2025, 01:12:49,844
GEOR20066,Pako Forever,6127,03/17/2025, 02:58:01,844
GEOR20066,Pako Forever,6127,03/17/2025, 03:30:17,844
GEOR20066,Pako Forever,6127,03/17/2025, 04:19:23,844
GEOR20066,Pako Forever,6127,03/17/2025, 05:16:25,844
GEOR20066,Pako Forever,6127,03/17/2025, 06:22:46,844
GEOR20066,Pako Forever,6127,03/17/2025, 07:16:19,844
GEOR20066,Pako Forever,6127,03/17/2025, 08:22:18,844
GEOR20066,Pako Forever,6127,03/17/2025, 09:19:11,844
GEOR20066,Pako Forever,6127,03/17/2025, 10:18:13,844
GEOR20066,Pako Forever,6127,03/17/2025, 11:13:56,844
GEOR20066,Pako Forever,6127,03/17/2025, 12:31:38,844
GEOR20066,Pako Forever,6127,03/17/2025, 13:25:54,844
GEOR20066,Pako Forever,6127,03/17/2025, 14:16:40,844
GEOR20066,Pako Forever,6127,03/17/2025, 15:17:26,844
GEOR20066,Pako Forever,6127,03/17/2025, 16:20:38,844
GEOR20066,Pako Forever,6127,03/17/2025, 17:15:19,844
GEOR20066,Pako Forever,6127,03/17/2025, 18:22:08,844
GEOR20066,Pako Forever,6127,03/17/2025, 19:13:26,844
GEOR20066,Pako Forever,6127,03/17/2025, 20:17:59,844
GEOR20066,Pako Forever,6127,03/17/2025, 21:15:14,844
GEOR20066,Pako Forever,6127,03/17/2025, 22:16:10,844
GEOR20066,Pako Forever,6127,03/17/2025, 23:15:22,844
GEOR20066,Pako Forever,6127,03/18/2025, 01:10:40,844
GEOR20066,Pako Forever,6127,03/18/2025, 02:57:09,844
GEOR20066,Pako Forever,6127,03/18/2025, 03:28:40,844
GEOR20066,Pako Forever,6127,03/18/2025, 04:19:11,844
GEOR20066,Pako Forever,6127,03/18/2025, 05:16:15,844
GEOR20066,Pako Forever,6127,03/18/2025, 06:21:58,844
GEOR20066,Pako Forever,6127,03/18/2025, 07:16:34,844
GEOR20066,Pako Forever,6127,03/18/2025, 08:21:07,844
GEOR20066,Pako Forever,6127,03/18/2025, 09:17:40,844
GEOR20066,Pako Forever,6127,03/18/2025, 10:17:22,844
GEOR20066,Pako Forever,6127,03/18/2025, 11:14:06,844
GEOR20066,Pako Forever,6127,03/18/2025, 12:30:44,844
GEOR20066,Pako Forever,6127,03/18/2025, 13:25:12,844
GEOR20066,Pako Forever,6127,03/18/2025, 14:15:51,844
GEOR20066,Pako Forever,6127,03/18/2025, 15:17:47,844
GEOR20066,Pako Forever,6127,03/18/2025, 16:20:22,844
GEOR20066,Pako Forever,6128,03/18/2025, 17:15:07,844
GEOR20066,Pako Forever,6128,03/18/2025, 18:22:10,844
GEOR20066,Pako Forever,6128,03/18/2025, 19:13:25,844
GEOR20066,Pako Forever,6128,03/18/2025, 20:16:59,844
GEOR20066,Pako Forever,6128,03/18/2025, 21:15:05,844
GEOR20066,Pako Forever,6128,03/18/2025, 22:15:21,844
GEOR20066,Pako Forever,6128,03/18/2025, 23:14:57,844
GEOR20066,Pako Forever,6128,03/19/2025, 01:11:25,844
GEOR20066,Pako Forever,6128,03/19/2025, 02:56:06,844
GEOR20066,Pako Forever,6128,03/19/2025, 03:28:21,844
GEOR20066,Pako Forever,6128,03/19/2025, 04:19:11,844
GEOR20066,Pako Forever,6128,03/19/2025, 05:16:01,844
GEOR20066,Pako Forever,6128,03/19/2025, 06:22:11,844
GEOR20066,Pako Forever,6128,03/19/2025, 07:16:01,844
GEOR20066,Pako Forever,6128,03/19/2025, 08:21:17,844
GEOR20066,Pako Forever,6128,03/19/2025, 09:17:37,844
GEOR20066,Pako Forever,6128,03/19/2025, 10:18:19,844
GEOR20066,Pako Forever,6128,03/19/2025, 11:14:25,844
GEOR20066,Pako Forever,6128,03/19/2025, 12:30:45,844
GEOR20066,Pako Forever,6128,03/19/2025, 13:25:16,844
GEOR20066,Pako Forever,6128,03/19/2025, 14:16:08,844
GEOR20066,Pako Forever,6128,03/19/2025, 15:17:18,844
GEOR20066,Pako Forever,6128,03/19/2025, 16:20:08,844
GEOR20066,Pako Forever,6128,03/19/2025, 17:15:17,844
GEOR20066,Pako Forever,6128,03/19/2025, 18:22:27,844
GEOR20066,Pako Forever,6128,03/19/2025, 19:13:38,844
GEOR20066,Pako Forever,6128,03/19/2025, 20:17:49,844
GEOR20066,Pako Forever,6128,03/19/2025, 21:15:42,844
GEOR20066,Pako Forever,6128,03/19/2025, 22:15:24,844
GEOR20066,Pako Forever,6128,03/19/2025, 23:16:10,844
GEOR20066,Pako Forever,6128,03/20/2025, 01:09:54,844
GEOR20066,Pako Forever,6128,03/20/2025, 02:55:06,844
GEOR20066,Pako Forever,6128,03/20/2025, 03:27:42,844
GEOR20066,Pako Forever,6128,03/20/2025, 04:19:24,844
GEOR20066,Pako Forever,6128,03/20/2025, 05:15:57,844
GEOR20066,Pako Forever,6128,03/20/2025, 06:22:19,844
GEOR20066,Pako Forever,6128,03/20/2025, 07:16:06,844
GEOR20066,Pako Forever,6128,03/20/2025, 08:21:21,844
GEOR20066,Pako Forever,6128,03/20/2025, 09:17:22,844
GEOR20066,Pako Forever,6128,03/20/2025, 10:17:18,844
GEOR20066,Pako Forever,6128,03/20/2025, 11:13:50,844
GEOR20066,Pako Forever,6128,03/20/2025, 12:29:32,844
GEOR20066,Pako Forever,6128,03/20/2025, 13:24:05,844
GEOR20066,Pako Forever,6128,03/20/2025, 14:16:24,844
GEOR20066,Pako Forever,6128,03/20/2025, 15:18:01,844
GEOR20066,Pako Forever,6128,03/20/2025, 16:20:42,844
GEOR20066,Pako Forever,6128,03/20/2025, 17:15:30,844
GEOR20066,Pako Forever,6128,03/20/2025, 18:22:07,844
GEOR20066,Pako Forever,6128,03/20/2025, 19:13:33,844
GEOR20066,Pako Forever,6128,03/20/2025, 20:17:29,844
GEOR20066,Pako Forever,6128,03/20/2025, 21:15:14,844
GEOR20066,Pako Forever,6128,03/20/2025, 22:15:03,844
GEOR20066,Pako Forever,6128,03/20/2025, 23:15:29,844
GEOR20066,Pako Forever,6128,03/21/2025, 01:11:21,844
GEOR20066,Pako Forever,6128,03/21/2025, 02:57:04,844
GEOR20066,Pako Forever,6128,03/21/2025, 03:29:09,844
GEOR20066,Pako Forever,6128,03/21/2025, 04:18:56,844
GEOR20066,Pako Forever,6128,03/21/2025, 05:15:57,844
GEOR20066,Pako Forever,6128,03/21/2025, 06:24:05,844
GEOR20066,Pako Forever,6128,03/21/2025, 07:15:49,844
GEOR20066,Pako Forever,6128,03/21/2025, 08:20:12,844
GEOR20066,Pako Forever,6128,03/21/2025, 09:16:51,844
GEOR20066,Pako Forever,6128,03/21/2025, 10:17:03,844
GEOR20066,Pako Forever,6128,03/21/2025, 11:14:19,844
GEOR20066,Pako Forever,6128,03/21/2025, 12:29:58,844
GEOR20066,Pako Forever,6128,03/21/2025, 13:24:40,844
GEOR20066,Pako Forever,6128,03/21/2025, 14:15:28,844
GEOR20066,Pako Forever,6128,03/21/2025, 15:16:51,844
GEOR20066,Pako Forever,6128,03/21/2025, 16:20:01,844
GEOR20066,Pako Forever,6128,03/21/2025, 17:14:27,844
GEOR20066,Pako Forever,6128,03/21/2025, 18:21:06,844
GEOR20066,Pako Forever,6128,03/21/2025, 19:12:36,844
GEOR20066,Pako Forever,6128,03/21/2025, 20:17:33,844
GEOR20066,Pako Forever,6128,03/21/2025, 21:14:38,844
GEOR20066,Pako Forever,6128,03/21/2025, 22:15:42,844
GEOR20066,Pako Forever,6128,03/21/2025, 23:14:56,844
GEOR20066,Pako Forever,6128,03/22/2025, 01:10:03,844
GEOR20066,Pako Forever,6128,03/22/2025, 02:53:10,844
GEOR20066,Pako Forever,6128,03/22/2025, 03:28:54,844
GEOR20066,Pako Forever,6128,03/22/2025, 04:18:45,844
GEOR20066,Pako Forever,6128,03/22/2025, 05:15:25,844
GEOR20066,Pako Forever,6128,03/22/2025, 06:20:13,844
GEOR20066,Pako Forever,6128,03/22/2025, 07:14:42,844
GEOR20066,Pako Forever,6128,03/22/2025, 08:19:09,844
GEOR20066,Pako Forever,6128,03/22/2025, 09:16:08,844
GEOR20066,Pako Forever,6128,03/22/2025, 10:16:39,844
GEOR20066,Pako Forever,6128,03/22/2025, 11:13:36,844
GEOR20066,Pako Forever,6128,03/22/2025, 12:27:29,844
GEOR20066,Pako Forever,6128,03/22/2025, 13:19:43,844
GEOR20066,Pako Forever,6128,03/22/2025, 14:15:06,844
GEOR20066,Pako Forever,6128,03/22/2025, 15:14:46,844
GEOR20066,Pako Forever,6128,03/22/2025, 16:17:27,844
GEOR20066,Pako Forever,6128,03/22/2025, 17:13:02,844
GEOR20066,Pako Forever,6128,03/22/2025, 18:19:55,844
GEOR20066,Pako Forever,6128,03/22/2025, 19:12:40,844
GEOR20066,Pako Forever,6128,03/22/2025, 20:16:05,844
GEOR20066,Pako Forever,6128,03/22/2025, 21:14:20,844
GEOR20066,Pako Forever,6128,03/22/2025, 22:14:06,844
GEOR20066,Pako Forever,6128,03/22/2025, 23:15:12,844
GEOR20066,Pako Forever,6128,03/23/2025, 01:15:44,844
GEOR20066,Pako Forever,6128,03/23/2025, 03:01:36,844
GEOR20066,Pako Forever,6128,03/23/2025, 03:37:08,844
GEOR20066,Pako Forever,6128,03/23/2025, 04:18:37,844
GEOR20066,Pako Forever,6128,03/23/2025, 05:14:48,844
GEOR20066,Pako Forever,6128,03/23/2025, 06:20:18,844
GEOR20066,Pako Forever,6128,03/23/2025, 07:14:34,844
GEOR20066,Pako Forever,6128,03/23/2025, 08:19:00,844
GEOR20066,Pako Forever,6128,03/23/2025, 09:15:04,844
GEOR20066,Pako Forever,6128,03/23/2025, 10:15:31,844
GEOR20066,Pako Forever,6128,03/23/2025, 11:13:21,844
GEOR20066,Pako Forever,6128,03/23/2025, 12:27:35,844
GEOR20066,Pako Forever,6128,03/23/2025, 13:20:25,844
GEOR20066,Pako Forever,6128,03/23/2025, 14:13:40,844
GEOR20066,Pako Forever,6128,03/23/2025, 15:15:00,844
GEOR20066,Pako Forever,6128,03/23/2025, 16:17:31,844
GEOR20066,Pako Forever,6128,03/23/2025, 17:13:09,844
GEOR20066,Pako Forever,6128,03/23/2025, 18:19:14,844
GEOR20066,Pako Forever,6128,03/23/2025, 19:13:46,844
GEOR20066,Pako Forever,6128,03/23/2025, 20:16:16,844
GEOR20066,Pako Forever,6128,03/23/2025, 21:13:58,844
GEOR20066,Pako Forever,6128,03/23/2025, 22:15:40,844
GEOR20066,Pako Forever,6128,03/23/2025, 23:14:43,844
GEOR20066,Pako Forever,6128,03/24/2025, 01:13:06,844
GEOR20066,Pako Forever,6128,03/24/2025, 03:01:24,844
GEOR20066,Pako Forever,6128,03/24/2025, 03:38:53,844
GEOR20066,Pako Forever,6128,03/24/2025, 04:19:40,844
GEOR20066,Pako Forever,6128,03/24/2025, 05:16:38,844
GEOR20066,Pako Forever,6128,03/24/2025, 06:23:03,844
GEOR20066,Pako Forever,6128,03/24/2025, 07:16:50,844
GEOR20066,Pako Forever,6128,03/24/2025, 08:21:59,844
GEOR20066,Pako Forever,6128,03/24/2025, 09:19:04,844
GEOR20066,Pako Forever,6128,03/24/2025, 10:18:12,844
GEOR20066,Pako Forever,6128,03/24/2025, 11:14:10,844
GEOR20066,Pako Forever,6128,03/24/2025, 12:32:18,844
GEOR20066,Pako Forever,6128,03/24/2025, 13:26:16,844
GEOR20066,Pako Forever,6128,03/24/2025, 14:16:31,844
GEOR20066,Pako Forever,6128,03/24/2025, 15:17:59,844
GEOR20066,Pako Forever,6128,03/24/2025, 16:21:25,844
GEOR20066,Pako Forever,6128,03/24/2025, 17:15:24,844
GEOR20066,Pako Forever,6128,03/24/2025, 18:22:11,844
GEOR20066,Pako Forever,6128,03/24/2025, 19:13:57,844
GEOR20066,Pako Forever,6128,03/24/2025, 20:16:25,844
GEOR20066,Pako Forever,6128,03/24/2025, 21:14:53,844
GEOR20066,Pako Forever,6128,03/24/2025, 22:15:34,844
GEOR20066,Pako Forever,6128,03/24/2025, 23:15:53,844
GEOR20066,Pako Forever,6128,03/25/2025, 01:12:00,844
GEOR20066,Pako Forever,6128,03/25/2025, 02:58:23,844
GEOR20066,Pako Forever,6128,03/25/2025, 03:31:58,844
GEOR20066,Pako Forever,6128,03/25/2025, 04:19:08,844
GEOR20066,Pako Forever,6128,03/25/2025, 05:17:23,844
GEOR20066,Pako Forever,6129,03/25/2025, 06:22:50,844
GEOR20066,Pako Forever,6130,03/25/2025, 07:18:18,844
GEOR20066,Pako Forever,6130,03/25/2025, 08:21:14,844
GEOR20066,Pako Forever,6130,03/25/2025, 09:17:22,844
GEOR20066,Pako Forever,6130,03/25/2025, 10:17:27,844
GEOR20066,Pako Forever,6130,03/25/2025, 11:14:13,844
GEOR20066,Pako Forever,6130,03/25/2025, 12:31:11,844
GEOR20066,Pako Forever,6130,03/25/2025, 13:26:30,844
GEOR20066,Pako Forever,6130,03/25/2025, 14:16:52,844
GEOR20066,Pako Forever,6130,03/25/2025, 15:18:10,844
GEOR20066,Pako Forever,6130,03/25/2025, 16:19:03,844
GEOR20066,Pako Forever,6130,03/25/2025, 17:15:30,844
GEOR20066,Pako Forever,6130,03/25/2025, 18:21:50,844
GEOR20066,Pako Forever,6130,03/25/2025, 19:13:37,844
GEOR20066,Pako Forever,6130,03/25/2025, 20:17:59,844
GEOR20066,Pako Forever,6130,03/25/2025, 21:15:24,844
GEOR20066,Pako Forever,6130,03/25/2025, 22:15:45,844
GEOR20066,Pako Forever,6130,03/25/2025, 23:15:11,844
GEOR20066,Pako Forever,6130,03/26/2025, 01:11:29,844
GEOR20066,Pako Forever,6130,03/26/2025, 02:57:09,844
GEOR20066,Pako Forever,6130,03/26/2025, 03:29:16,844
GEOR20066,Pako Forever,6130,03/26/2025, 04:19:13,844
GEOR20066,Pako Forever,6130,03/26/2025, 05:16:07,844
GEOR20066,Pako Forever,6130,03/26/2025, 06:22:15,844
GEOR20066,Pako Forever,6130,03/26/2025, 07:16:15,844
GEOR20066,Pako Forever,6130,03/26/2025, 08:20:56,844
GEOR20066,Pako Forever,6130,03/26/2025, 09:17:26,844
GEOR20066,Pako Forever,6130,03/26/2025, 10:17:28,844
GEOR20066,Pako Forever,6130,03/26/2025, 11:13:56,844
GEOR20066,Pako Forever,6130,03/26/2025, 12:30:53,844
GEOR20066,Pako Forever,6130,03/26/2025, 13:25:56,844
GEOR20066,Pako Forever,6130,03/26/2025, 14:16:42,844
GEOR20066,Pako Forever,6130,03/26/2025, 15:18:11,844
GEOR20066,Pako Forever,6130,03/26/2025, 16:20:45,844
GEOR20066,Pako Forever,6130,03/26/2025, 17:15:16,844
GEOR20066,Pako Forever,6130,03/26/2025, 18:22:04,844
GEOR20066,Pako Forever,6130,03/26/2025, 19:13:50,844
GEOR20066,Pako Forever,6130,03/26/2025, 20:18:03,844
GEOR20066,Pako Forever,6130,03/26/2025, 21:15:16,844
GEOR20066,Pako Forever,6130,03/26/2025, 22:15:21,844
GEOR20066,Pako Forever,6130,03/26/2025, 23:15:51,844
GEOR20066,Pako Forever,6130,03/27/2025, 01:11:16,844
GEOR20066,Pako Forever,6130,03/27/2025, 02:57:08,844
GEOR20066,Pako Forever,6130,03/27/2025, 03:31:53,844
GEOR20066,Pako Forever,6130,03/27/2025, 04:18:59,844
GEOR20066,Pako Forever,6130,03/27/2025, 05:16:27,844
GEOR20066,Pako Forever,6130,03/27/2025, 06:22:24,844
GEOR20066,Pako Forever,6130,03/27/2025, 07:16:34,844
GEOR20066,Pako Forever,6130,03/27/2025, 08:21:14,844
GEOR20066,Pako Forever,6130,03/27/2025, 09:18:21,844
GEOR20066,Pako Forever,6130,03/27/2025, 10:17:24,844
GEOR20066,Pako Forever,6130,03/27/2025, 11:13:58,844
GEOR20066,Pako Forever,6130,03/27/2025, 12:31:28,844
GEOR20066,Pako Forever,6130,03/27/2025, 13:25:45,844
GEOR20066,Pako Forever,6130,03/27/2025, 14:16:24,844
GEOR20066,Pako Forever,6130,03/27/2025, 15:17:33,844
GEOR20066,Pako Forever,6130,03/27/2025, 16:20:27,844
GEOR20066,Pako Forever,6131,03/27/2025, 17:15:00,844
GEOR20066,Pako Forever,6131,03/27/2025, 18:21:48,844
GEOR20066,Pako Forever,6131,03/27/2025, 19:13:29,844
GEOR20066,Pako Forever,6131,03/27/2025, 20:17:30,844
GEOR20066,Pako Forever,6131,03/27/2025, 21:16:07,844
GEOR20066,Pako Forever,6131,03/27/2025, 22:15:01,844
GEOR20066,Pako Forever,6131,03/27/2025, 23:16:01,844
GEOR20066,Pako Forever,6131,03/28/2025, 01:11:11,844
GEOR20066,Pako Forever,6131,03/28/2025, 02:58:50,844
GEOR20066,Pako Forever,6131,03/28/2025, 03:33:40,844
GEOR20066,Pako Forever,6131,03/28/2025, 04:19:49,844
GEOR20066,Pako Forever,6131,03/28/2025, 05:16:33,844
GEOR20066,Pako Forever,6131,03/28/2025, 06:22:55,844
GEOR20066,Pako Forever,6131,03/28/2025, 07:16:34,844
GEOR20066,Pako Forever,6131,03/28/2025, 08:20:59,844
GEOR20066,Pako Forever,6131,03/28/2025, 09:17:32,844
GEOR20066,Pako Forever,6131,03/28/2025, 10:17:02,844
GEOR20066,Pako Forever,6131,03/28/2025, 11:13:52,844
GEOR20066,Pako Forever,6131,03/28/2025, 12:30:19,844
GEOR20066,Pako Forever,6131,03/28/2025, 13:24:58,844
GEOR20066,Pako Forever,6131,03/28/2025, 14:15:44,844
GEOR20066,Pako Forever,6131,03/28/2025, 15:16:46,844
GEOR20066,Pako Forever,6131,03/28/2025, 16:19:56,844
GEOR20066,Pako Forever,6131,03/28/2025, 17:15:19,844
GEOR20066,Pako Forever,6131,03/28/2025, 18:22:04,844
GEOR20066,Pako Forever,6131,03/28/2025, 19:14:08,844
GEOR20066,Pako Forever,6131,03/28/2025, 20:18:02,844
GEOR20066,Pako Forever,6131,03/28/2025, 21:15:11,844
GEOR20066,Pako Forever,6131,03/28/2025, 22:15:53,844
GEOR20066,Pako Forever,6131,03/28/2025, 23:15:24,844
GEOR20066,Pako Forever,6131,03/29/2025, 01:10:35,844
GEOR20066,Pako Forever,6131,03/29/2025, 02:55:43,844
GEOR20066,Pako Forever,6131,03/29/2025, 03:27:47,844
GEOR20066,Pako Forever,6131,03/29/2025, 04:19:58,844
GEOR20066,Pako Forever,6131,03/29/2025, 05:14:57,844
GEOR20066,Pako Forever,6131,03/29/2025, 06:20:42,844
GEOR20066,Pako Forever,6131,03/29/2025, 07:14:43,844
GEOR20066,Pako Forever,6131,03/29/2025, 08:19:15,844
GEOR20066,Pako Forever,6131,03/29/2025, 09:16:00,844
GEOR20066,Pako Forever,6131,03/29/2025, 10:15:42,844
GEOR20066,Pako Forever,6131,03/29/2025, 11:13:27,844
GEOR20066,Pako Forever,6131,03/29/2025, 12:27:38,844
GEOR20066,Pako Forever,6131,03/29/2025, 13:21:12,844
GEOR20066,Pako Forever,6131,03/29/2025, 14:14:53,844
GEOR20066,Pako Forever,6131,03/29/2025, 15:16:43,844
GEOR20066,Pako Forever,6132,03/29/2025, 16:18:08,844
GEOR20066,Pako Forever,6132,03/29/2025, 17:13:13,844
GEOR20066,Pako Forever,6132,03/29/2025, 18:19:35,844
GEOR20066,Pako Forever,6132,03/29/2025, 19:12:59,844
GEOR20066,Pako Forever,6132,03/29/2025, 20:16:20,844
GEOR20066,Pako Forever,6132,03/29/2025, 21:14:23,844
GEOR20066,Pako Forever,6132,03/29/2025, 22:14:19,844
GEOR20066,Pako Forever,6132,03/29/2025, 23:14:55,844
GEOR20066,Pako Forever,6132,03/30/2025, 01:17:09,844
GEOR20066,Pako Forever,6132,03/30/2025, 03:04:19,844
GEOR20066,Pako Forever,6132,03/30/2025, 04:18:51,844
GEOR20066,Pako Forever,6132,03/30/2025, 05:15:09,844
GEOR20066,Pako Forever,6132,03/30/2025, 06:20:46,844
GEOR20066,Pako Forever,6132,03/30/2025, 07:15:09,844
GEOR20066,Pako Forever,6132,03/30/2025, 08:18:55,844
GEOR20066,Pako Forever,6132,03/30/2025, 09:15:18,844
GEOR20066,Pako Forever,6132,03/30/2025, 10:15:36,844
GEOR20066,Pako Forever,6132,03/30/2025, 11:14:00,844
GEOR20066,Pako Forever,6132,03/30/2025, 12:28:17,844
GEOR20066,Pako Forever,6132,03/30/2025, 13:21:23,844
GEOR20066,Pako Forever,6132,03/30/2025, 14:15:07,844
GEOR20066,Pako Forever,6132,03/30/2025, 15:15:44,844
GEOR20066,Pako Forever,6132,03/30/2025, 16:17:47,844
GEOR20066,Pako Forever,6132,03/30/2025, 17:13:31,844
GEOR20066,Pako Forever,6132,03/30/2025, 18:19:54,844
GEOR20066,Pako Forever,6132,03/30/2025, 19:12:52,844
GEOR20066,Pako Forever,6132,03/30/2025, 20:16:56,844
GEOR20066,Pako Forever,6132,03/30/2025, 21:15:26,844
GEOR20066,Pako Forever,6132,03/30/2025, 22:14:39,844
GEOR20066,Pako Forever,6132,03/30/2025, 23:15:38,844
GEOR20066,Pako Forever,6132,03/31/2025, 01:15:49,844
GEOR20066,Pako Forever,6132,03/31/2025, 03:04:21,844
GEOR20066,Pako Forever,6132,03/31/2025, 04:19:41,844
GEOR20066,Pako Forever,6132,03/31/2025, 05:17:19,844
GEOR20066,Pako Forever,6132,03/31/2025, 06:23:28,844
GEOR20066,Pako Forever,6132,03/31/2025, 07:17:12,844
GEOR20066,Pako Forever,6132,03/31/2025, 08:22:21,844
GEOR20066,Pako Forever,6132,03/31/2025, 09:18:34,844
GEOR20066,Pako Forever,6132,03/31/2025, 10:18:02,844
GEOR20066,Pako Forever,6132,03/31/2025, 11:14:19,844
GEOR20066,Pako Forever,6132,03/31/2025, 12:31:24,844
GEOR20066,Pako Forever,6132,03/31/2025, 13:26:46,844
GEOR20066,Pako Forever,6132,03/31/2025, 14:16:32,844
GEOR20066,Pako Forever,6132,03/31/2025, 15:17:47,844
GEOR20066,Pako Forever,6132,03/31/2025, 16:20:35,844
GEOR20066,Pako Forever,6132,03/31/2025, 17:14:50,844
GEOR20066,Pako Forever,6132,03/31/2025, 18:21:54,844
GEOR20066,Pako Forever,6132,03/31/2025, 19:14:09,844
GEOR20066,Pako Forever,6132,03/31/2025, 20:18:39,844
GEOR20066,Pako Forever,6132,03/31/2025, 21:15:39,844
GEOR20066,Pako Forever,6132,03/31/2025, 22:16:27,844
GEOR20066,Pako Forever,6132,03/31/2025, 23:15:23,844
GEOR20066,Pako Forever,6132,04/01/2025, 01:20:24,844
GEOR20066,Pako Forever,6132,04/01/2025, 03:11:31,844
GEOR20066,Pako Forever,6132,04/01/2025, 04:19:46,844
GEOR20066,Pako Forever,6132,04/01/2025, 05:16:43,844
GEOR20066,Pako Forever,6132,04/01/2025, 06:23:37,844
GEOR20066,Pako Forever,6132,04/01/2025, 07:16:51,844
GEOR20066,Pako Forever,6132,04/01/2025, 08:21:51,844
GEOR20066,Pako Forever,6132,04/01/2025, 09:18:33,844
GEOR20066,Pako Forever,6132,04/01/2025, 10:17:50,844
GEOR20066,Pako Forever,6132,04/01/2025, 11:14:26,844
GEOR20066,Pako Forever,6132,04/01/2025, 12:32:38,844
GEOR20066,Pako Forever,6132,04/01/2025, 13:27:45,844
GEOR20066,Pako Forever,6132,04/01/2025, 14:16:32,844
GEOR20066,Pako Forever,6132,04/01/2025, 15:17:34,844
GEOR20066,Pako Forever,6132,04/01/2025, 16:19:51,844
GEOR20066,Pako Forever,6132,04/01/2025, 17:16:10,844
GEOR20066,Pako Forever,6132,04/01/2025, 18:21:47,844
GEOR20066,Pako Forever,6132,04/01/2025, 19:14:09,844
GEOR20066,Pako Forever,6132,04/01/2025, 20:18:26,844
GEOR20066,Pako Forever,6132,04/01/2025, 21:15:33,844
GEOR20066,Pako Forever,6132,04/01/2025, 22:15:37,844
GEOR20066,Pako Forever,6132,04/01/2025, 23:15:39,844
GEOR20066,Pako Forever,6132,04/02/2025, 01:13:07,844
GEOR20066,Pako Forever,6132,04/02/2025, 03:00:16,844
GEOR20066,Pako Forever,6132,04/02/2025, 03:37:14,844
GEOR20066,Pako Forever,6132,04/02/2025, 04:19:31,844
GEOR20066,Pako Forever,6132,04/02/2025, 05:17:30,844
GEOR20066,Pako Forever,6132,04/02/2025, 06:22:40,844
GEOR20066,Pako Forever,6132,04/02/2025, 07:16:34,844
GEOR20066,Pako Forever,6132,04/02/2025, 08:22:16,844
GEOR20066,Pako Forever,6132,04/02/2025, 09:17:28,844
GEOR20066,Pako Forever,6132,04/02/2025, 10:17:57,844
GEOR20066,Pako Forever,6132,04/02/2025, 11:14:23,844
GEOR20066,Pako Forever,6132,04/02/2025, 12:32:03,844
GEOR20066,Pako Forever,6132,04/02/2025, 13:26:44,844
GEOR20066,Pako Forever,6132,04/02/2025, 14:16:05,844
GEOR20066,Pako Forever,6132,04/02/2025, 15:17:15,844
GEOR20066,Pako Forever,6132,04/02/2025, 16:20:55,844
GEOR20066,Pako Forever,6132,04/02/2025, 17:14:54,844
GEOR20066,Pako Forever,6132,04/02/2025, 18:22:59,844
GEOR20066,Pako Forever,6132,04/02/2025, 19:13:53,844
GEOR20066,Pako Forever,6132,04/02/2025, 20:17:58,844
GEOR20066,Pako Forever,6132,04/02/2025, 21:15:33,844
GEOR20066,Pako Forever,6132,04/02/2025, 22:15:07,844
GEOR20066,Pako Forever,6132,04/02/2025, 23:15:27,844
GEOR20066,Pako Forever,6132,04/03/2025, 01:12:15,844
GEOR20066,Pako Forever,6132,04/03/2025, 02:58:24,844
GEOR20066,Pako Forever,6132,04/03/2025, 03:34:48,844
GEOR20066,Pako Forever,6132,04/03/2025, 04:20:30,844
GEOR20066,Pako Forever,6132,04/03/2025, 05:16:52,844
GEOR20066,Pako Forever,6132,04/03/2025, 06:23:23,844
GEOR20066,Pako Forever,6132,04/03/2025, 07:16:28,844
GEOR20066,Pako Forever,6132,04/03/2025, 08:21:08,844
GEOR20066,Pako Forever,6132,04/03/2025, 09:17:57,844
GEOR20066,Pako Forever,6132,04/03/2025, 10:17:47,844
GEOR20066,Pako Forever,6133,04/03/2025, 11:15:04,844
GEOR20066,Pako Forever,6133,04/03/2025, 12:31:16,844
GEOR20066,Pako Forever,6133,04/03/2025, 13:26:09,844
GEOR20066,Pako Forever,6133,04/03/2025, 14:16:14,844
GEOR20066,Pako Forever,6133,04/03/2025, 15:16:07,844
GEOR20066,Pako Forever,6133,04/03/2025, 16:19:54,844
GEOR20066,Pako Forever,6133,04/03/2025, 17:15:07,844
GEOR20066,Pako Forever,6133,04/03/2025, 18:21:42,844
GEOR20066,Pako Forever,6133,04/03/2025, 19:14:04,844
GEOR20066,Pako Forever,6133,04/03/2025, 20:18:03,844
GEOR20066,Pako Forever,6133,04/03/2025, 21:15:27,844
GEOR20066,Pako Forever,6133,04/03/2025, 22:15:13,844
GEOR20066,Pako Forever,6133,04/03/2025, 23:16:50,844
GEOR20066,Pako Forever,6133,04/04/2025, 01:11:48,844
GEOR20066,Pako Forever,6133,04/04/2025, 02:58:31,844
GEOR20066,Pako Forever,6133,04/04/2025, 03:32:38,844
GEOR20066,Pako Forever,6133,04/04/2025, 04:19:18,844
GEOR20066,Pako Forever,6133,04/04/2025, 05:17:09,844
GEOR20066,Pako Forever,6133,04/04/2025, 06:22:37,844
GEOR20066,Pako Forever,6133,04/04/2025, 07:16:06,844
GEOR20066,Pako Forever,6133,04/04/2025, 08:20:59,844
GEOR20066,Pako Forever,6133,04/04/2025, 09:17:43,844
GEOR20066,Pako Forever,6133,04/04/2025, 10:17:29,844
GEOR20066,Pako Forever,6133,04/04/2025, 11:15:35,844
GEOR20066,Pako Forever,6133,04/04/2025, 12:30:35,844
GEOR20066,Pako Forever,6133,04/04/2025, 13:25:22,844
GEOR20066,Pako Forever,6133,04/04/2025, 14:15:37,844
GEOR20066,Pako Forever,6133,04/04/2025, 15:17:10,844
GEOR20066,Pako Forever,6133,04/04/2025, 16:19:33,844
GEOR20066,Pako Forever,6133,04/04/2025, 17:14:44,844
GEOR20066,Pako Forever,6133,04/04/2025, 18:21:30,844
GEOR20066,Pako Forever,6133,04/04/2025, 19:14:57,844
GEOR20066,Pako Forever,6133,04/04/2025, 20:17:36,844
GEOR20066,Pako Forever,6133,04/04/2025, 21:15:10,844
GEOR20066,Pako Forever,6133,04/04/2025, 22:15:15,844
GEOR20066,Pako Forever,6133,04/04/2025, 23:15:28,844
GEOR20066,Pako Forever,6133,04/05/2025, 01:10:44,844
GEOR20066,Pako Forever,6133,04/05/2025, 02:56:27,844
GEOR20066,Pako Forever,6133,04/05/2025, 03:29:07,844
GEOR20066,Pako Forever,6133,04/05/2025, 04:18:29,844
GEOR20066,Pako Forever,6133,04/05/2025, 05:16:55,844
GEOR20066,Pako Forever,6133,04/05/2025, 06:20:41,844
GEOR20066,Pako Forever,6133,04/05/2025, 07:14:40,844
GEOR20066,Pako Forever,6133,04/05/2025, 08:18:47,844
GEOR20066,Pako Forever,6133,04/05/2025, 09:15:32,844
GEOR20066,Pako Forever,6133,04/05/2025, 10:15:39,844
GEOR20066,Pako Forever,6133,04/05/2025, 11:13:18,844
GEOR20066,Pako Forever,6133,04/05/2025, 12:28:14,844
GEOR20066,Pako Forever,6133,04/05/2025, 13:21:06,844
GEOR20066,Pako Forever,6133,04/05/2025, 14:13:45,844
GEOR20066,Pako Forever,6133,04/05/2025, 15:14:41,844
GEOR20066,Pako Forever,6133,04/05/2025, 16:18:33,844
GEOR20066,Pako Forever,6133,04/05/2025, 17:13:06,844
GEOR20066,Pako Forever,6133,04/05/2025, 18:19:38,844
GEOR20066,Pako Forever,6133,04/05/2025, 19:12:05,844
GEOR20066,Pako Forever,6133,04/05/2025, 20:15:57,844
GEOR20066,Pako Forever,6133,04/05/2025, 21:15:13,844
GEOR20066,Pako Forever,6133,04/05/2025, 22:15:10,844
GEOR20066,Pako Forever,6133,04/05/2025, 23:16:20,844
GEOR20066,Pako Forever,6133,04/06/2025, 01:16:21,844
GEOR20066,Pako Forever,6133,04/06/2025, 03:02:46,844
GEOR20066,Pako Forever,6133,04/06/2025, 04:19:38,844
GEOR20066,Pako Forever,6133,04/06/2025, 05:15:43,844
GEOR20066,Pako Forever,6133,04/06/2025, 06:21:52,844
GEOR20066,Pako Forever,6133,04/06/2025, 07:14:40,844
GEOR20066,Pako Forever,6133,04/06/2025, 08:18:54,844
GEOR20066,Pako Forever,6133,04/06/2025, 09:15:41,844
GEOR20066,Pako Forever,6133,04/06/2025, 10:16:42,844
GEOR20066,Pako Forever,6133,04/06/2025, 11:12:32,844
GEOR20066,Pako Forever,6133,04/06/2025, 12:27:55,844
GEOR20066,Pako Forever,6133,04/06/2025, 13:22:14,844
GEOR20066,Pako Forever,6133,04/06/2025, 14:14:18,844
GEOR20066,Pako Forever,6133,04/06/2025, 15:15:05,844
GEOR20066,Pako Forever,6133,04/06/2025, 16:17:24,844
GEOR20066,Pako Forever,6133,04/06/2025, 17:13:47,844
GEOR20066,Pako Forever,6133,04/06/2025, 18:20:07,844
GEOR20066,Pako Forever,6133,04/06/2025, 19:12:26,844
GEOR20066,Pako Forever,6133,04/06/2025, 20:16:29,844
GEOR20066,Pako Forever,6133,04/06/2025, 21:15:01,844
GEOR20066,Pako Forever,6133,04/06/2025, 22:14:47,844
GEOR20066,Pako Forever,6133,04/06/2025, 23:15:01,844
GEOR20066,Pako Forever,6133,04/07/2025, 01:14:46,844
GEOR20066,Pako Forever,6133,04/07/2025, 03:02:48,844
GEOR20066,Pako Forever,6133,04/07/2025, 04:20:29,844
GEOR20066,Pako Forever,6133,04/07/2025, 05:17:35,844
GEOR20066,Pako Forever,6133,04/07/2025, 06:23:31,844
GEOR20066,Pako Forever,6133,04/07/2025, 07:17:14,844
GEOR20066,Pako Forever,6133,04/07/2025, 08:22:05,844
GEOR20066,Pako Forever,6133,04/07/2025, 09:18:47,844
GEOR20066,Pako Forever,6133,04/07/2025, 10:19:09,844
GEOR20066,Pako Forever,6133,04/07/2025, 11:14:19,844
GEOR20066,Pako Forever,6133,04/07/2025, 12:32:29,844
GEOR20066,Pako Forever,6133,04/07/2025, 13:26:55,844
GEOR20066,Pako Forever,6133,04/07/2025, 14:16:56,844
GEOR20066,Pako Forever,6133,04/07/2025, 15:17:48,844
GEOR20066,Pako Forever,6133,04/07/2025, 16:20:01,844
GEOR20066,Pako Forever,6133,04/07/2025, 17:15:21,844
GEOR20066,Pako Forever,6133,04/07/2025, 18:21:53,844
GEOR20066,Pako Forever,6133,04/07/2025, 19:13:57,844
GEOR20066,Pako Forever,6133,04/07/2025, 20:18:01,844
GEOR20066,Pako Forever,6133,04/07/2025, 21:15:35,844
GEOR20066,Pako Forever,6133,04/07/2025, 22:15:59,844
GEOR20066,Pako Forever,6133,04/07/2025, 23:16:44,844
GEOR20066,Pako Forever,6133,04/08/2025, 01:12:11,844
GEOR20066,Pako Forever,6133,04/08/2025, 02:59:07,844
GEOR20066,Pako Forever,6133,04/08/2025, 03:34:18,844
GEOR20066,Pako Forever,6133,04/08/2025, 04:19:28,844
GEOR20066,Pako Forever,6133,04/08/2025, 05:16:38,844
GEOR20066,Pako Forever,6133,04/08/2025, 06:22:46,844
GEOR20066,Pako Forever,6133,04/08/2025, 07:16:45,844
GEOR20066,Pako Forever,6133,04/08/2025, 08:22:25,844
GEOR20066,Pako Forever,6133,04/08/2025, 09:18:16,844
GEOR20066,Pako Forever,6133,04/08/2025, 10:18:11,844
GEOR20066,Pako Forever,6133,04/08/2025, 11:14:23,844
GEOR20066,Pako Forever,6133,04/08/2025, 12:31:52,844
GEOR20066,Pako Forever,6133,04/08/2025, 13:27:06,844
GEOR20066,Pako Forever,6133,04/08/2025, 14:17:10,844
GEOR20066,Pako Forever,6133,04/08/2025, 15:18:05,844
GEOR20066,Pako Forever,6133,04/08/2025, 16:20:48,844
GEOR20066,Pako Forever,6133,04/08/2025, 17:15:29,844
GEOR20066,Pako Forever,6133,04/08/2025, 18:21:41,844
GEOR20066,Pako Forever,6133,04/08/2025, 19:14:48,844
GEOR20066,Pako Forever,6133,04/08/2025, 20:18:12,844
GEOR20066,Pako Forever,6133,04/08/2025, 21:15:32,844
GEOR20066,Pako Forever,6133,04/08/2025, 22:16:02,844
GEOR20066,Pako Forever,6133,04/08/2025, 23:15:33,844
GEOR20066,Pako Forever,6133,04/09/2025, 01:12:28,844
GEOR20066,Pako Forever,6133,04/09/2025, 03:00:19,844
GEOR20066,Pako Forever,6133,04/09/2025, 03:36:29,844
GEOR20066,Pako Forever,6133,04/09/2025, 04:19:38,844
GEOR20066,Pako Forever,6133,04/09/2025, 05:16:45,844
GEOR20066,Pako Forever,6133,04/09/2025, 06:23:24,844
GEOR20066,Pako Forever,6133,04/09/2025, 07:16:54,844
GEOR20066,Pako Forever,6133,04/09/2025, 08:22:52,844
GEOR20066,Pako Forever,6133,04/09/2025, 09:18:18,844
GEOR20066,Pako Forever,6133,04/09/2025, 10:19:46,844
GEOR20066,Pako Forever,6133,04/09/2025, 11:14:51,844
GEOR20066,Pako Forever,6133,04/09/2025, 12:31:55,844
GEOR20066,Pako Forever,6133,04/09/2025, 13:27:54,844
GEOR20066,Pako Forever,6133,04/09/2025, 14:17:23,844
GEOR20066,Pako Forever,6133,04/09/2025, 15:20:20,844
GEOR20066,Pako Forever,6133,04/09/2025, 16:20:55,844
GEOR20066,Pako Forever,6133,04/09/2025, 17:15:26,844
GEOR20066,Pako Forever,6133,04/09/2025, 18:22:27,844
GEOR20066,Pako Forever,6133,04/09/2025, 19:14:18,844
GEOR20066,Pako Forever,6134,04/09/2025, 20:17:35,844
GEOR20066,Pako Forever,6134,04/09/2025, 21:14:09,844
GEOR20066,Pako Forever,6134,04/09/2025, 22:15:25,844
GEOR20066,Pako Forever,6134,04/09/2025, 23:15:22,844
GEOR20066,Pako Forever,6134,04/10/2025, 01:12:49,844
GEOR20066,Pako Forever,6134,04/10/2025, 02:59:48,844
GEOR20066,Pako Forever,6134,04/10/2025, 03:35:52,844
GEOR20066,Pako Forever,6134,04/10/2025, 04:19:59,844
GEOR20066,Pako Forever,6134,04/10/2025, 05:16:58,844
GEOR20066,Pako Forever,6134,04/10/2025, 06:23:20,844
GEOR20066,Pako Forever,6134,04/10/2025, 07:16:28,844
GEOR20066,Pako Forever,6134,04/10/2025, 08:21:56,844
GEOR20066,Pako Forever,6134,04/10/2025, 09:17:55,844
GEOR20066,Pako Forever,6134,04/10/2025, 10:18:53,844
GEOR20066,Pako Forever,6134,04/10/2025, 11:14:29,844
GEOR20066,Pako Forever,6134,04/10/2025, 12:32:15,844
GEOR20066,Pako Forever,6134,04/10/2025, 13:26:59,844
GEOR20066,Pako Forever,6134,04/10/2025, 14:16:45,844
GEOR20066,Pako Forever,6134,04/10/2025, 15:18:05,844
GEOR20066,Pako Forever,6134,04/10/2025, 16:20:43,844
GEOR20066,Pako Forever,6134,04/10/2025, 17:15:09,844
GEOR20066,Pako Forever,6134,04/10/2025, 18:21:20,844
GEOR20066,Pako Forever,6134,04/10/2025, 19:13:43,844
GEOR20066,Pako Forever,6134,04/10/2025, 20:18:03,844
GEOR20066,Pako Forever,6134,04/10/2025, 21:15:27,844
GEOR20066,Pako Forever,6134,04/10/2025, 22:16:56,844
GEOR20066,Pako Forever,6134,04/10/2025, 23:16:22,844
GEOR20066,Pako Forever,6134,04/11/2025, 01:12:50,844
GEOR20066,Pako Forever,6134,04/11/2025, 03:00:49,844
GEOR20066,Pako Forever,6134,04/11/2025, 03:37:14,844
GEOR20066,Pako Forever,6134,04/11/2025, 04:20:24,844
GEOR20066,Pako Forever,6134,04/11/2025, 05:17:56,844
GEOR20066,Pako Forever,6134,04/11/2025, 06:23:05,844
GEOR20066,Pako Forever,6134,04/11/2025, 07:16:19,844
GEOR20066,Pako Forever,6134,04/11/2025, 08:22:07,844
GEOR20066,Pako Forever,6134,04/11/2025, 09:17:58,844
GEOR20066,Pako Forever,6134,04/11/2025, 10:17:08,844
GEOR20066,Pako Forever,6134,04/11/2025, 11:13:53,844
GEOR20066,Pako Forever,6134,04/11/2025, 12:31:44,844
GEOR20066,Pako Forever,6134,04/11/2025, 13:26:09,844
GEOR20066,Pako Forever,6134,04/11/2025, 14:16:33,844
GEOR20066,Pako Forever,6134,04/11/2025, 15:17:36,844
GEOR20066,Pako Forever,6134,04/11/2025, 16:20:46,844
GEOR20066,Pako Forever,6134,04/11/2025, 17:14:52,844
GEOR20066,Pako Forever,6134,04/11/2025, 18:21:54,844
GEOR20066,Pako Forever,6134,04/11/2025, 19:14:24,844
GEOR20066,Pako Forever,6134,04/11/2025, 20:17:55,844
GEOR20066,Pako Forever,6135,04/11/2025, 21:15:09,844
GEOR20066,Pako Forever,6135,04/11/2025, 22:15:27,844
GEOR20066,Pako Forever,6135,04/11/2025, 23:15:50,844
GEOR20066,Pako Forever,6135,04/12/2025, 01:11:43,844
GEOR20066,Pako Forever,6135,04/12/2025, 02:57:01,844
GEOR20066,Pako Forever,6135,04/12/2025, 03:29:41,844
GEOR20066,Pako Forever,6135,04/12/2025, 04:18:44,844
GEOR20066,Pako Forever,6135,04/12/2025, 05:15:19,844
GEOR20066,Pako Forever,6135,04/12/2025, 06:20:33,844
GEOR20066,Pako Forever,6135,04/12/2025, 07:14:48,844
GEOR20066,Pako Forever,6135,04/12/2025, 08:19:25,844
GEOR20066,Pako Forever,6135,04/12/2025, 09:16:58,844
GEOR20066,Pako Forever,6135,04/12/2025, 10:15:16,844
GEOR20066,Pako Forever,6135,04/12/2025, 11:12:39,844
GEOR20066,Pako Forever,6135,04/12/2025, 12:28:19,844
GEOR20066,Pako Forever,6135,04/12/2025, 13:21:19,844
GEOR20066,Pako Forever,6135,04/12/2025, 14:13:53,844
GEOR20066,Pako Forever,6135,04/12/2025, 15:14:57,844
GEOR20066,Pako Forever,6135,04/12/2025, 16:18:35,844
GEOR20066,Pako Forever,6135,04/12/2025, 17:14:49,844
GEOR20066,Pako Forever,6135,04/12/2025, 18:19:57,844
GEOR20066,Pako Forever,6135,04/12/2025, 19:13:37,844
GEOR20066,Pako Forever,6135,04/12/2025, 20:16:27,844
GEOR20066,Pako Forever,6135,04/12/2025, 21:14:36,844
GEOR20066,Pako Forever,6135,04/12/2025, 22:14:42,844
GEOR20066,Pako Forever,6135,04/12/2025, 23:15:08,844
GEOR20066,Pako Forever,6135,04/13/2025, 02:40:52,844
GEOR20066,Pako Forever,6135,04/13/2025, 04:25:24,844
GEOR20066,Pako Forever,6135,04/13/2025, 05:22:06,844
GEOR20066,Pako Forever,6135,04/13/2025, 06:21:35,844
GEOR20066,Pako Forever,6135,04/13/2025, 07:14:52,844
GEOR20066,Pako Forever,6135,04/13/2025, 08:19:15,844
GEOR20066,Pako Forever,6135,04/13/2025, 09:17:27,844
GEOR20066,Pako Forever,6135,04/13/2025, 10:17:15,844
GEOR20066,Pako Forever,6135,04/13/2025, 11:12:37,844
GEOR20066,Pako Forever,6135,04/13/2025, 12:28:42,844
GEOR20066,Pako Forever,6135,04/13/2025, 13:24:21,844
GEOR20066,Pako Forever,6135,04/13/2025, 14:14:10,844
GEOR20066,Pako Forever,6135,04/13/2025, 15:16:28,844
GEOR20066,Pako Forever,6135,04/13/2025, 16:20:05,844
GEOR20066,Pako Forever,6135,04/13/2025, 17:13:49,844
GEOR20066,Pako Forever,6135,04/13/2025, 18:20:37,844
GEOR20066,Pako Forever,6135,04/13/2025, 19:12:42,844
GEOR20066,Pako Forever,6135,04/13/2025, 20:16:53,844
GEOR20066,Pako Forever,6135,04/13/2025, 21:15:18,844
GEOR20066,Pako Forever,6135,04/13/2025, 22:15:18,844
GEOR20066,Pako Forever,6135,04/13/2025, 23:16:39,844
GEOR20066,Pako Forever,6135,04/14/2025, 01:15:42,844
GEOR20066,Pako Forever,6136,04/14/2025, 03:05:41,844
GEOR20066,Pako Forever,6137,04/14/2025, 04:19:26,844
GEOR20066,Pako Forever,6137,04/14/2025, 05:17:55,844
GEOR20066,Pako Forever,6137,04/14/2025, 06:24:30,844
GEOR20066,Pako Forever,6137,04/14/2025, 07:17:29,844
GEOR20066,Pako Forever,6137,04/14/2025, 08:22:09,844
GEOR20066,Pako Forever,6137,04/14/2025, 09:18:57,844
GEOR20066,Pako Forever,6137,04/14/2025, 10:18:32,844
GEOR20066,Pako Forever,6137,04/14/2025, 11:14:44,844
GEOR20066,Pako Forever,6137,04/14/2025, 12:31:50,844
GEOR20066,Pako Forever,6137,04/14/2025, 13:27:42,844
GEOR20066,Pako Forever,6137,04/14/2025, 14:16:58,844
GEOR20066,Pako Forever,6137,04/14/2025, 15:18:22,844
GEOR20066,Pako Forever,6137,04/14/2025, 16:20:28,844
GEOR20066,Pako Forever,6137,04/14/2025, 17:15:13,844
GEOR20066,Pako Forever,6137,04/14/2025, 18:22:32,844
GEOR20066,Pako Forever,6137,04/14/2025, 19:14:13,844
GEOR20066,Pako Forever,6137,04/14/2025, 20:18:38,844
GEOR20066,Pako Forever,6137,04/14/2025, 21:15:49,844
GEOR20066,Pako Forever,6137,04/14/2025, 22:15:52,844
GEOR20066,Pako Forever,6137,04/14/2025, 23:15:23,844
GEOR20066,Pako Forever,6138,04/15/2025, 01:14:58,844
GEOR20066,Pako Forever,6138,04/15/2025, 03:03:43,844
GEOR20066,Pako Forever,6138,04/15/2025, 04:19:46,844
GEOR20066,Pako Forever,6138,04/15/2025, 05:16:53,844
GEOR20066,Pako Forever,6138,04/15/2025, 06:23:23,844
GEOR20066,Pako Forever,6138,04/15/2025, 07:17:31,844
GEOR20066,Pako Forever,6138,04/15/2025, 08:22:19,844
GEOR20066,Pako Forever,6138,04/15/2025, 09:19:02,844
GEOR20066,Pako Forever,6138,04/15/2025, 10:18:17,844
GEOR20066,Pako Forever,6138,04/15/2025, 11:14:24,844
GEOR20066,Pako Forever,6138,04/15/2025, 12:32:06,844
GEOR20066,Pako Forever,6138,04/15/2025, 13:27:16,844
GEOR20066,Pako Forever,6138,04/15/2025, 14:16:56,844
GEOR20066,Pako Forever,6138,04/15/2025, 15:17:42,844
GEOR20066,Pako Forever,6138,04/15/2025, 16:18:56,844
GEOR20066,Pako Forever,6138,04/15/2025, 17:15:09,844
GEOR20066,Pako Forever,6138,04/15/2025, 18:21:21,844
GEOR20066,Pako Forever,6138,04/15/2025, 19:13:59,844
GEOR20066,Pako Forever,6138,04/15/2025, 20:18:37,844
GEOR20066,Pako Forever,6138,04/15/2025, 21:15:43,844
GEOR20066,Pako Forever,6138,04/15/2025, 22:15:49,844
GEOR20066,Pako Forever,6138,04/15/2025, 23:15:59,844
GEOR20066,Pako Forever,6139,04/16/2025, 01:14:20,844
GEOR20066,Pako Forever,6139,04/16/2025, 03:03:26,844
GEOR20066,Pako Forever,6139,04/16/2025, 04:19:30,844
GEOR20066,Pako Forever,6139,04/16/2025, 05:17:02,844
GEOR20066,Pako Forever,6139,04/16/2025, 06:23:03,844
GEOR20066,Pako Forever,6139,04/16/2025, 07:16:34,844
GEOR20066,Pako Forever,6139,04/16/2025, 08:22:30,844
GEOR20066,Pako Forever,6139,04/16/2025, 09:18:30,844
GEOR20066,Pako Forever,6139,04/16/2025, 10:18:22,844
GEOR20066,Pako Forever,6139,04/16/2025, 11:14:33,844
GEOR20066,Pako Forever,6139,04/16/2025, 12:32:20,844
GEOR20066,Pako Forever,6139,04/16/2025, 13:26:59,844
GEOR20066,Pako Forever,6139,04/16/2025, 14:17:22,844
GEOR20066,Pako Forever,6139,04/16/2025, 15:18:30,844
GEOR20066,Pako Forever,6139,04/16/2025, 16:20:59,844
GEOR20066,Pako Forever,6139,04/16/2025, 17:14:45,844
GEOR20066,Pako Forever,6139,04/16/2025, 18:22:52,844
GEOR20066,Pako Forever,6139,04/16/2025, 19:12:49,844
GEOR20066,Pako Forever,6139,04/16/2025, 20:18:53,844
GEOR20066,Pako Forever,6139,04/16/2025, 21:15:30,844
GEOR20066,Pako Forever,6139,04/16/2025, 22:15:44,844
GEOR20066,Pako Forever,6139,04/16/2025, 23:15:38,844
GEOR20066,Pako Forever,7099,05/18/2025, 15:13:38,844
GEOR20066,Pako Forever,7099,05/18/2025, 16:18:34,844
GEOR20066,Pako Forever,7099,05/18/2025, 17:13:52,844
GEOR20066,Pako Forever,7099,05/18/2025, 18:20:49,844
GEOR20066,Pako Forever,7099,05/18/2025, 19:13:15,844
GEOR20066,Pako Forever,7100,05/18/2025, 20:17:51,844
GEOR20066,Pako Forever,7100,05/18/2025, 21:14:50,844
GEOR20066,Pako Forever,7101,05/18/2025, 22:15:25,844
GEOR20066,Pako Forever,7101,05/18/2025, 23:15:43,844
GEOR20066,Pako Forever,7101,05/19/2025, 01:20:13,844
GEOR20066,Pako Forever,7101,05/19/2025, 03:16:58,844
GEOR20066,Pako Forever,7102,05/19/2025, 04:25:09,844
GEOR20066,Pako Forever,7102,05/19/2025, 05:17:19,844
GEOR20066,Pako Forever,7102,05/19/2025, 06:25:09,844
GEOR20066,Pako Forever,7102,05/19/2025, 07:17:55,844
GEOR20066,Pako Forever,7102,05/19/2025, 08:24:44,844
GEOR20066,Pako Forever,7102,05/19/2025, 09:19:26,844
GEOR20066,Pako Forever,7102,05/19/2025, 10:19:14,844
GEOR20066,Pako Forever,7102,05/19/2025, 11:15:21,844
GEOR20066,Pako Forever,7103,05/19/2025, 12:34:35,844
GEOR20066,Pako Forever,7103,05/19/2025, 13:30:21,844
GEOR20066,Pako Forever,7104,05/19/2025, 14:17:28,844
GEOR20066,Pako Forever,7104,05/19/2025, 15:19:00,844
GEOR20066,Pako Forever,7104,05/19/2025, 16:21:19,844
GEOR20066,Pako Forever,7104,05/19/2025, 17:15:30,844
GEOR20066,Pako Forever,7104,05/19/2025, 18:23:19,844
GEOR20066,Pako Forever,7104,05/19/2025, 19:14:09,844
GEOR20066,Pako Forever,7104,05/19/2025, 20:18:56,844
GEOR20066,Pako Forever,7104,05/19/2025, 21:16:10,844
GEOR20066,Pako Forever,7104,05/19/2025, 22:16:26,844
GEOR20066,Pako Forever,7104,05/19/2025, 23:15:53,844
GEOR20066,Pako Forever,7104,05/20/2025, 01:17:54,844
GEOR20066,Pako Forever,7105,05/20/2025, 03:11:08,844
GEOR20066,Pako Forever,7105,05/20/2025, 04:20:47,844
GEOR20066,Pako Forever,7105,05/20/2025, 05:17:20,844
GEOR20066,Pako Forever,7105,05/20/2025, 06:24:50,844
GEOR20066,Pako Forever,7105,05/20/2025, 07:17:18,844
GEOR20066,Pako Forever,7105,05/20/2025, 08:23:28,844
GEOR20066,Pako Forever,7105,05/20/2025, 09:19:02,844
GEOR20066,Pako Forever,7105,05/20/2025, 10:19:13,844
GEOR20066,Pako Forever,7106,05/20/2025, 11:14:59,844
GEOR20066,Pako Forever,7106,05/20/2025, 12:35:08,844
GEOR20066,Pako Forever,7106,05/20/2025, 13:30:55,844
GEOR20066,Pako Forever,7106,05/20/2025, 14:17:30,844
GEOR20066,Pako Forever,7106,05/20/2025, 15:18:51,844
GEOR20066,Pako Forever,7106,05/20/2025, 16:21:16,844
GEOR20066,Pako Forever,7106,05/20/2025, 17:15:24,844
GEOR20066,Pako Forever,7106,05/20/2025, 18:23:38,844
GEOR20066,Pako Forever,7106,05/20/2025, 19:13:43,844
GEOR20066,Pako Forever,7106,05/20/2025, 20:19:14,844
GEOR20066,Pako Forever,7107,05/20/2025, 21:16:11,844
GEOR20066,Pako Forever,7107,05/20/2025, 22:16:04,844
GEOR20066,Pako Forever,7107,05/20/2025, 23:15:58,844
GEOR20066,Pako Forever,7108,05/21/2025, 01:17:16,844
GEOR20066,Pako Forever,7108,05/21/2025, 03:10:49,844
GEOR20066,Pako Forever,7108,05/21/2025, 04:21:07,844
GEOR20066,Pako Forever,7108,05/21/2025, 05:17:31,844
GEOR20066,Pako Forever,7108,05/21/2025, 06:24:45,844
GEOR20066,Pako Forever,7108,05/21/2025, 07:17:07,844
GEOR20066,Pako Forever,7108,05/21/2025, 08:22:35,844
GEOR20066,Pako Forever,7108,05/21/2025, 09:18:47,844
GEOR20066,Pako Forever,7108,05/21/2025, 10:18:47,844
GEOR20066,Pako Forever,7108,05/21/2025, 11:14:45,844
GEOR20066,Pako Forever,7109,05/21/2025, 12:33:39,844
GEOR20066,Pako Forever,7109,05/21/2025, 13:29:33,844
GEOR20066,Pako Forever,7109,05/21/2025, 14:17:54,844
GEOR20066,Pako Forever,7109,05/21/2025, 15:19:08,844
GEOR20066,Pako Forever,7109,05/21/2025, 16:21:18,844
GEOR20066,Pako Forever,7109,05/21/2025, 17:15:00,844
GEOR20066,Pako Forever,7109,05/21/2025, 18:23:32,844
GEOR20066,Pako Forever,7109,05/21/2025, 19:13:53,844
GEOR20066,Pako Forever,7109,05/21/2025, 20:18:47,844
GEOR20066,Pako Forever,7109,05/21/2025, 21:16:11,844
GEOR20066,Pako Forever,7109,05/21/2025, 22:16:09,844
GEOR20066,Pako Forever,7109,05/21/2025, 23:16:10,844
GEOR20066,Pako Forever,7110,05/22/2025, 01:16:41,844
GEOR20066,Pako Forever,7110,05/22/2025, 03:10:35,844
GEOR20066,Pako Forever,7111,05/22/2025, 04:21:59,844
GEOR20066,Pako Forever,7111,05/22/2025, 05:17:42,844
GEOR20066,Pako Forever,7111,05/22/2025, 06:24:31,844
GEOR20066,Pako Forever,7112,05/22/2025, 07:17:12,844
GEOR20066,Pako Forever,7112,05/22/2025, 08:22:22,844
GEOR20066,Pako Forever,7114,05/22/2025, 09:18:20,844
GEOR20066,Pako Forever,7114,05/22/2025, 10:18:24,844
GEOR20066,Pako Forever,7114,05/22/2025, 11:15:11,844
GEOR20066,Pako Forever,7114,05/22/2025, 12:34:25,844
GEOR20066,Pako Forever,7116,05/22/2025, 13:29:49,844
GEOR20066,Pako Forever,7116,05/22/2025, 14:17:04,844
GEOR20066,Pako Forever,7116,05/22/2025, 15:18:30,844
GEOR20066,Pako Forever,7116,05/22/2025, 16:21:39,844
GEOR20066,Pako Forever,7116,05/22/2025, 17:15:11,844
GEOR20066,Pako Forever,7116,05/22/2025, 18:23:13,844
GEOR20066,Pako Forever,7116,05/22/2025, 19:14:06,844
GEOR20066,Pako Forever,7116,05/22/2025, 20:19:02,844
GEOR20066,Pako Forever,7116,05/22/2025, 21:16:10,844
GEOR20066,Pako Forever,7116,05/22/2025, 22:16:30,844
GEOR20066,Pako Forever,7116,05/22/2025, 23:16:18,844
GEOR20066,Pako Forever,7117,05/23/2025, 01:16:45,844
GEOR20066,Pako Forever,7117,05/23/2025, 03:10:17,844
GEOR20066,Pako Forever,7117,05/23/2025, 04:21:03,844
GEOR20066,Pako Forever,7117,05/23/2025, 05:17:21,844
GEOR20066,Pako Forever,7117,05/23/2025, 06:24:10,844
GEOR20066,Pako Forever,7117,05/23/2025, 07:16:59,844
GEOR20066,Pako Forever,7117,05/23/2025, 08:22:32,844
GEOR20066,Pako Forever,7117,05/23/2025, 09:18:15,844
GEOR20066,Pako Forever,7117,05/23/2025, 10:18:17,844
GEOR20066,Pako Forever,7117,05/23/2025, 11:14:43,844
GEOR20066,Pako Forever,7117,05/23/2025, 12:32:43,844
GEOR20066,Pako Forever,7117,05/23/2025, 13:28:14,844
GEOR20066,Pako Forever,7117,05/23/2025, 14:16:34,844
GEOR20066,Pako Forever,7117,05/23/2025, 15:17:31,844
GEOR20066,Pako Forever,7117,05/23/2025, 16:20:18,844
GEOR20066,Pako Forever,7117,05/23/2025, 17:15:49,844
GEOR20066,Pako Forever,7117,05/23/2025, 18:21:53,844
GEOR20066,Pako Forever,7117,05/23/2025, 19:13:45,844
GEOR20066,Pako Forever,7117,05/23/2025, 20:18:47,844
GEOR20066,Pako Forever,7117,05/23/2025, 21:14:20,844
GEOR20066,Pako Forever,7117,05/23/2025, 22:16:42,844
GEOR20066,Pako Forever,7117,05/23/2025, 23:16:22,844
GEOR20066,Pako Forever,7118,05/24/2025, 01:14:03,844
GEOR20066,Pako Forever,7118,05/24/2025, 03:04:39,844
GEOR20066,Pako Forever,7118,05/24/2025, 04:19:47,844
GEOR20066,Pako Forever,7119,05/24/2025, 05:16:24,844
GEOR20066,Pako Forever,7119,05/24/2025, 06:21:22,844
GEOR20066,Pako Forever,7120,05/24/2025, 07:15:07,844
GEOR20066,Pako Forever,7120,05/24/2025, 08:19:38,844
GEOR20066,Pako Forever,7120,05/24/2025, 09:15:56,844
GEOR20066,Pako Forever,7120,05/24/2025, 10:16:16,844
GEOR20066,Pako Forever,7120,05/24/2025, 11:13:20,844
GEOR20066,Pako Forever,7121,05/24/2025, 12:29:56,844
GEOR20066,Pako Forever,7121,05/24/2025, 13:24:54,844
GEOR20066,Pako Forever,7121,05/24/2025, 14:14:38,844
GEOR20066,Pako Forever,7121,05/24/2025, 15:15:17,844
GEOR20066,Pako Forever,7121,05/24/2025, 16:18:43,844
GEOR20066,Pako Forever,7121,05/24/2025, 17:13:42,844
GEOR20066,Pako Forever,7121,05/24/2025, 18:20:50,844
GEOR20066,Pako Forever,7122,05/24/2025, 19:13:16,844
GEOR20066,Pako Forever,7122,05/24/2025, 20:17:46,844
GEOR20066,Pako Forever,7122,05/24/2025, 21:15:01,844
GEOR20066,Pako Forever,7122,05/24/2025, 22:15:26,844
GEOR20066,Pako Forever,7122,05/24/2025, 23:15:46,844
GEOR20066,Pako Forever,7123,05/25/2025, 01:23:23,844
GEOR20066,Pako Forever,7123,05/25/2025, 03:18:44,844
GEOR20066,Pako Forever,7123,05/25/2025, 04:23:55,844
GEOR20066,Pako Forever,7123,05/25/2025, 05:16:05,844
GEOR20066,Pako Forever,7123,05/25/2025, 06:21:54,844
GEOR20066,Pako Forever,7123,05/25/2025, 07:15:23,844
GEOR20066,Pako Forever,7123,05/25/2025, 08:19:57,844
GEOR20066,Pako Forever,7123,05/25/2025, 09:16:14,844
GEOR20066,Pako Forever,7123,05/25/2025, 10:16:13,844
GEOR20066,Pako Forever,7123,05/25/2025, 11:13:27,844
GEOR20066,Pako Forever,7123,05/25/2025, 12:30:10,844
GEOR20066,Pako Forever,7123,05/25/2025, 13:24:06,844
GEOR20066,Pako Forever,7123,05/25/2025, 14:14:56,844
GEOR20066,Pako Forever,7123,05/25/2025, 15:15:35,844
GEOR20066,Pako Forever,7123,05/25/2025, 16:18:55,844
GEOR20066,Pako Forever,7123,05/25/2025, 17:13:58,844
GEOR20066,Pako Forever,7123,05/25/2025, 18:20:57,844
GEOR20066,Pako Forever,7123,05/25/2025, 19:13:14,844
GEOR20066,Pako Forever,7123,05/25/2025, 20:17:14,844
GEOR20066,Pako Forever,7123,05/25/2025, 21:15:02,844
GEOR20066,Pako Forever,7124,05/25/2025, 22:15:31,844
GEOR20066,Pako Forever,7124,05/25/2025, 23:15:50,844
GEOR20066,Pako Forever,7125,05/26/2025, 01:18:49,844
GEOR20066,Pako Forever,7125,05/26/2025, 03:15:16,844
GEOR20066,Pako Forever,7125,05/26/2025, 04:23:12,844
GEOR20066,Pako Forever,7125,05/26/2025, 05:18:24,844
GEOR20066,Pako Forever,7125,05/26/2025, 06:25:29,844
GEOR20066,Pako Forever,7125,05/26/2025, 07:21:15,844
GEOR20066,Pako Forever,7125,05/26/2025, 08:31:39,844
GEOR20066,Pako Forever,7125,05/26/2025, 09:43:50,844
GEOR20066,Pako Forever,7125,05/26/2025, 10:21:58,844
GEOR20066,Pako Forever,7125,05/26/2025, 11:14:14,844
GEOR20066,Pako Forever,7125,05/26/2025, 12:32:39,844
GEOR20066,Pako Forever,7125,05/26/2025, 13:27:30,844
GEOR20066,Pako Forever,7125,05/26/2025, 14:17:19,844
GEOR20066,Pako Forever,7125,05/26/2025, 15:17:43,844
GEOR20066,Pako Forever,7125,05/26/2025, 16:20:05,844
GEOR20066,Pako Forever,7125,05/26/2025, 17:14:36,844
GEOR20066,Pako Forever,7125,05/26/2025, 18:22:06,844
GEOR20066,Pako Forever,7126,05/26/2025, 19:14:17,844
GEOR20066,Pako Forever,7126,05/26/2025, 20:18:41,844
GEOR20066,Pako Forever,7126,05/26/2025, 21:15:30,844
GEOR20066,Pako Forever,7127,05/26/2025, 22:15:46,844
GEOR20066,Pako Forever,7127,05/26/2025, 23:17:02,844
GEOR20066,Pako Forever,7128,05/27/2025, 01:17:31,844
GEOR20066,Pako Forever,7128,05/27/2025, 03:09:41,844
GEOR20066,Pako Forever,7128,05/27/2025, 04:23:11,844
GEOR20066,Pako Forever,7128,05/27/2025, 06:24:37,844
GEOR20066,Pako Forever,7128,05/27/2025, 07:17:23,844
GEOR20066,Pako Forever,7128,05/27/2025, 09:18:16,844
GEOR20066,Pako Forever,7128,05/27/2025, 10:19:03,844
GEOR20066,Pako Forever,7128,05/27/2025, 11:15:01,844
GEOR20066,Pako Forever,7128,05/27/2025, 12:34:06,844
GEOR20066,Pako Forever,7128,05/27/2025, 13:30:31,844
GEOR20066,Pako Forever,7128,05/27/2025, 14:17:02,844
GEOR20066,Pako Forever,7129,05/27/2025, 15:18:49,844
GEOR20066,Pako Forever,7129,05/27/2025, 16:21:25,844
GEOR20066,Pako Forever,7129,05/27/2025, 17:15:43,844
GEOR20066,Pako Forever,7129,05/27/2025, 18:22:28,844
GEOR20066,Pako Forever,7129,05/27/2025, 19:13:46,844
GEOR20066,Pako Forever,7130,05/27/2025, 20:19:17,844
GEOR20066,Pako Forever,7131,05/27/2025, 21:16:35,844
GEOR20066,Pako Forever,7131,05/27/2025, 22:16:05,844
GEOR20066,Pako Forever,7132,05/27/2025, 23:16:03,844
GEOR20066,Pako Forever,7132,05/28/2025, 01:17:47,844
GEOR20066,Pako Forever,7133,05/28/2025, 03:12:07,844
GEOR20066,Pako Forever,7133,05/28/2025, 04:21:53,844
GEOR20066,Pako Forever,7133,05/28/2025, 05:17:29,844
GEOR20066,Pako Forever,7133,05/28/2025, 06:24:52,844
GEOR20066,Pako Forever,7133,05/28/2025, 07:17:05,844
GEOR20066,Pako Forever,7134,05/28/2025, 08:22:54,844
GEOR20066,Pako Forever,7134,05/28/2025, 09:18:31,844
GEOR20066,Pako Forever,7134,05/28/2025, 10:19:16,844
GEOR20066,Pako Forever,7134,05/28/2025, 11:15:16,844
GEOR20066,Pako Forever,7134,05/28/2025, 12:34:15,844
GEOR20066,Pako Forever,7135,05/28/2025, 13:31:09,844
GEOR20066,Pako Forever,7135,05/28/2025, 14:18:17,844
GEOR20066,Pako Forever,7135,05/28/2025, 15:17:41,844
GEOR20066,Pako Forever,7135,05/28/2025, 16:20:21,844
GEOR20066,Pako Forever,7135,05/28/2025, 17:15:27,844
GEOR20066,Pako Forever,7135,05/28/2025, 18:22:17,844
GEOR20066,Pako Forever,7135,05/28/2025, 19:14:37,844
GEOR20066,Pako Forever,7135,05/28/2025, 20:19:09,844
GEOR20066,Pako Forever,7136,05/28/2025, 21:16:04,844
GEOR20066,Pako Forever,7136,05/28/2025, 22:16:22,844
GEOR20066,Pako Forever,7137,05/28/2025, 23:16:28,844
GEOR20066,Pako Forever,7138,05/29/2025, 01:17:34,844
GEOR20066,Pako Forever,7138,05/29/2025, 03:12:19,844
GEOR20066,Pako Forever,7138,05/29/2025, 04:22:39,844
GEOR20066,Pako Forever,7138,05/29/2025, 05:17:51,844
GEOR20066,Pako Forever,7138,05/29/2025, 06:24:37,844
GEOR20066,Pako Forever,7138,05/29/2025, 07:17:16,844
GEOR20066,Pako Forever,7138,05/29/2025, 08:22:43,844
GEOR20066,Pako Forever,7138,05/29/2025, 09:18:42,844
GEOR20066,Pako Forever,7138,05/29/2025, 10:19:26,844
GEOR20066,Pako Forever,7138,05/29/2025, 11:14:55,844
GEOR20066,Pako Forever,7138,05/29/2025, 12:33:26,844
GEOR20066,Pako Forever,7138,05/29/2025, 13:29:06,844
GEOR20066,Pako Forever,7138,05/29/2025, 14:16:49,844
GEOR20066,Pako Forever,7139,05/29/2025, 15:18:00,844
GEOR20066,Pako Forever,7141,05/29/2025, 16:20:47,844
GEOR20066,Pako Forever,7141,05/29/2025, 17:16:35,844
GEOR20066,Pako Forever,7141,05/29/2025, 18:23:01,844
GEOR20066,Pako Forever,7142,05/29/2025, 19:13:05,844
GEOR20066,Pako Forever,7142,05/29/2025, 20:19:24,844
GEOR20066,Pako Forever,7142,05/29/2025, 21:16:24,844
GEOR20066,Pako Forever,7142,05/29/2025, 22:16:34,844
GEOR20066,Pako Forever,7142,05/29/2025, 23:16:23,844
GEOR20066,Pako Forever,7142,05/30/2025, 01:15:35,844
GEOR20066,Pako Forever,7142,05/30/2025, 03:10:21,844
GEOR20066,Pako Forever,7142,05/30/2025, 04:21:51,844
GEOR20066,Pako Forever,7142,05/30/2025, 05:17:36,844
GEOR20066,Pako Forever,7142,05/30/2025, 06:23:58,844
GEOR20066,Pako Forever,7142,05/30/2025, 07:16:43,844
GEOR20066,Pako Forever,7142,05/30/2025, 08:22:44,844
GEOR20066,Pako Forever,7142,05/30/2025, 09:18:00,844
GEOR20066,Pako Forever,7142,05/30/2025, 10:18:22,844
GEOR20066,Pako Forever,7142,05/30/2025, 11:14:26,844
GEOR20066,Pako Forever,7144,05/30/2025, 12:33:09,844
GEOR20066,Pako Forever,7145,05/30/2025, 13:28:39,844
GEOR20066,Pako Forever,7145,05/30/2025, 14:17:32,844
GEOR20066,Pako Forever,7146,05/30/2025, 15:17:39,844
GEOR20066,Pako Forever,7146,05/30/2025, 16:21:04,844
GEOR20066,Pako Forever,7146,05/30/2025, 17:15:27,844
GEOR20066,Pako Forever,7146,05/30/2025, 18:22:50,844
GEOR20066,Pako Forever,7146,05/30/2025, 19:13:59,844
GEOR20066,Pako Forever,7146,05/30/2025, 20:18:40,844
GEOR20066,Pako Forever,7147,05/30/2025, 21:15:44,844
GEOR20066,Pako Forever,7147,05/30/2025, 22:16:23,844
GEOR20066,Pako Forever,7148,05/30/2025, 23:16:26,844
GEOR20066,Pako Forever,7148,05/31/2025, 01:15:50,844
GEOR20066,Pako Forever,7148,05/31/2025, 03:09:31,844
GEOR20066,Pako Forever,7148,05/31/2025, 04:21:03,844
GEOR20066,Pako Forever,7148,05/31/2025, 05:16:39,844
GEOR20066,Pako Forever,7148,05/31/2025, 06:22:14,844
GEOR20066,Pako Forever,7148,05/31/2025, 07:15:42,844
GEOR20066,Pako Forever,7148,05/31/2025, 08:20:27,844
GEOR20066,Pako Forever,7148,05/31/2025, 09:16:26,844
GEOR20066,Pako Forever,7148,05/31/2025, 10:16:39,844
GEOR20066,Pako Forever,7148,05/31/2025, 11:13:30,844
GEOR20066,Pako Forever,7148,05/31/2025, 12:30:07,844
GEOR20066,Pako Forever,7148,05/31/2025, 13:25:59,844
GEOR20066,Pako Forever,7148,05/31/2025, 14:14:53,844
GEOR20066,Pako Forever,7148,05/31/2025, 15:15:44,844
GEOR20066,Pako Forever,7148,05/31/2025, 16:19:01,844
GEOR20066,Pako Forever,7148,05/31/2025, 17:14:22,844
GEOR20066,Pako Forever,7149,05/31/2025, 18:21:37,844
GEOR20066,Pako Forever,7149,05/31/2025, 19:13:08,844
GEOR20066,Pako Forever,7149,05/31/2025, 20:17:11,844
GEOR20066,Pako Forever,7149,05/31/2025, 21:15:05,844
GEOR20066,Pako Forever,7150,05/31/2025, 22:15:42,844
GEOR20066,Pako Forever,7151,05/31/2025, 23:16:17,844
GEOR20066,Pako Forever,7151,06/01/2025, 01:39:36,844
GEOR20066,Pako Forever,7151,06/01/2025, 03:30:26,844
GEOR20066,Pako Forever,7151,06/01/2025, 04:33:34,844
GEOR20066,Pako Forever,7151,06/01/2025, 05:17:17,844
GEOR20066,Pako Forever,7151,06/01/2025, 06:23:24,844
GEOR20066,Pako Forever,7151,06/01/2025, 07:16:10,844
GEOR20066,Pako Forever,7151,06/01/2025, 08:21:19,844
GEOR20066,Pako Forever,7151,06/01/2025, 09:16:47,844
GEOR20066,Pako Forever,7151,06/01/2025, 10:17:30,844
GEOR20066,Pako Forever,7151,06/01/2025, 11:13:45,844
GEOR20066,Pako Forever,7151,06/01/2025, 12:31:15,844
GEOR20066,Pako Forever,7151,06/01/2025, 13:25:02,844
GEOR20066,Pako Forever,7152,06/01/2025, 14:14:55,844
GEOR20066,Pako Forever,7152,06/01/2025, 15:15:58,844
GEOR20066,Pako Forever,7153,06/01/2025, 16:19:37,844
GEOR20066,Pako Forever,7156,06/01/2025, 17:14:46,844
GEOR20066,Pako Forever,7156,06/01/2025, 18:21:31,844
GEOR20066,Pako Forever,7156,06/01/2025, 19:13:32,844
GEOR20066,Pako Forever,7156,06/01/2025, 20:18:19,844
GEOR20066,Pako Forever,7156,06/01/2025, 21:15:15,844
GEOR20066,Pako Forever,7156,06/01/2025, 22:16:00,844
GEOR20066,Pako Forever,7156,06/01/2025, 23:16:08,844
GEOR20066,Pako Forever,7156,06/02/2025, 01:20:45,844
GEOR20066,Pako Forever,7157,06/02/2025, 03:19:16,844
GEOR20066,Pako Forever,7157,06/02/2025, 04:28:36,844
GEOR20066,Pako Forever,7157,06/02/2025, 05:18:44,844
GEOR20066,Pako Forever,7158,06/02/2025, 06:25:59,844
GEOR20066,Pako Forever,7158,06/02/2025, 07:18:09,844
GEOR20066,Pako Forever,7158,06/02/2025, 08:24:03,844
GEOR20066,Pako Forever,7158,06/02/2025, 09:19:10,844
GEOR20066,Pako Forever,7158,06/02/2025, 10:19:20,844
GEOR20066,Pako Forever,7158,06/02/2025, 11:15:47,844
GEOR20066,Pako Forever,7158,06/02/2025, 12:34:36,844
GEOR20066,Pako Forever,7159,06/02/2025, 13:30:58,844
GEOR20066,Pako Forever,7159,06/02/2025, 14:18:10,844
GEOR20066,Pako Forever,7160,06/02/2025, 15:19:12,844
GEOR20066,Pako Forever,7161,06/02/2025, 16:21:57,844
GEOR20066,Pako Forever,7161,06/02/2025, 17:16:22,844
GEOR20066,Pako Forever,7162,06/02/2025, 18:23:35,844
GEOR20066,Pako Forever,7162,06/02/2025, 19:14:15,844
GEOR20066,Pako Forever,7162,06/02/2025, 20:19:32,844
GEOR20066,Pako Forever,7162,06/02/2025, 21:17:38,844
GEOR20066,Pako Forever,7162,06/02/2025, 22:16:45,844
GEOR20066,Pako Forever,7162,06/02/2025, 23:16:17,844
GEOR20066,Pako Forever,7163,06/03/2025, 01:19:07,844
GEOR20066,Pako Forever,7164,06/03/2025, 03:14:55,844
GEOR20066,Pako Forever,7165,06/03/2025, 04:24:22,844
GEOR20066,Pako Forever,7165,06/03/2025, 05:18:21,844
GEOR20066,Pako Forever,7165,06/03/2025, 06:25:10,844
GEOR20066,Pako Forever,7165,06/03/2025, 07:17:50,844
GEOR20066,Pako Forever,7165,06/03/2025, 08:23:56,844
GEOR20066,Pako Forever,7165,06/03/2025, 09:19:22,844
GEOR20066,Pako Forever,7165,06/03/2025, 10:19:41,844
GEOR20066,Pako Forever,7165,06/03/2025, 11:15:40,844
GEOR20066,Pako Forever,7165,06/03/2025, 12:34:40,844
GEOR20066,Pako Forever,7166,06/03/2025, 13:31:48,844
GEOR20066,Pako Forever,7166,06/03/2025, 14:17:59,844
GEOR20066,Pako Forever,7166,06/03/2025, 15:19:52,844
GEOR20066,Pako Forever,7166,06/03/2025, 16:22:54,844
GEOR20066,Pako Forever,7166,06/03/2025, 17:16:32,844
GEOR20066,Pako Forever,7166,06/03/2025, 18:24:04,844
GEOR20066,Pako Forever,7166,06/03/2025, 19:13:53,844
GEOR20066,Pako Forever,7166,06/03/2025, 20:19:46,844
GEOR20066,Pako Forever,7166,06/03/2025, 21:15:12,844
GEOR20066,Pako Forever,7167,06/03/2025, 22:17:10,844
GEOR20066,Pako Forever,7167,06/03/2025, 23:16:18,844
GEOR20066,Pako Forever,7167,06/04/2025, 01:18:45,844
GEOR20066,Pako Forever,7167,06/04/2025, 03:15:01,844
GEOR20066,Pako Forever,7167,06/04/2025, 04:24:28,844
GEOR20066,Pako Forever,7167,06/04/2025, 05:17:47,844
GEOR20066,Pako Forever,7167,06/04/2025, 06:25:02,844
GEOR20066,Pako Forever,7167,06/04/2025, 07:17:41,844
GEOR20066,Pako Forever,7167,06/04/2025, 08:23:24,844
GEOR20066,Pako Forever,7168,06/04/2025, 09:18:44,844
GEOR20066,Pako Forever,7168,06/04/2025, 10:19:18,844
GEOR20066,Pako Forever,7168,06/04/2025, 11:15:56,844
GEOR20066,Pako Forever,7168,06/04/2025, 12:34:28,844
GEOR20066,Pako Forever,7168,06/04/2025, 13:33:10,844
GEOR20066,Pako Forever,7168,06/04/2025, 14:15:06,844
GEOR20066,Pako Forever,7168,06/04/2025, 15:41:04,844
GEOR20066,Pako Forever,7168,06/04/2025, 16:19:45,844
GEOR20066,Pako Forever,7168,06/04/2025, 17:16:29,844
GEOR20066,Pako Forever,7168,06/04/2025, 18:23:47,844
GEOR20066,Pako Forever,7168,06/04/2025, 19:14:35,844
GEOR20066,Pako Forever,7172,06/04/2025, 20:15:50,844
GEOR20066,Pako Forever,7173,06/04/2025, 21:14:19,844
GEOR20066,Pako Forever,7174,06/04/2025, 22:15:35,844
GEOR20066,Pako Forever,7174,06/04/2025, 23:16:42,844
GEOR20066,Pako Forever,7174,06/05/2025, 03:15:12,844
GEOR20066,Pako Forever,7174,06/05/2025, 04:25:21,844
GEOR20066,Pako Forever,7174,06/05/2025, 05:18:03,844
GEOR20066,Pako Forever,7174,06/05/2025, 06:25:25,844
GEOR20066,Pako Forever,7174,06/05/2025, 07:17:30,844
GEOR20066,Pako Forever,7174,06/05/2025, 08:22:33,844
GEOR20066,Pako Forever,7174,06/05/2025, 10:19:14,844
GEOR20066,Pako Forever,7174,06/05/2025, 12:34:31,844
GEOR20066,Pako Forever,7174,06/05/2025, 13:30:47,844
GEOR20066,Pako Forever,7174,06/05/2025, 14:17:24,844
GEOR20066,Pako Forever,7174,06/05/2025, 15:18:52,844
GEOR20066,Pako Forever,7174,06/05/2025, 16:21:29,844
GEOR20066,Pako Forever,7174,06/05/2025, 17:13:29,844
GEOR20066,Pako Forever,7174,06/05/2025, 19:14:00,844
GEOR20066,Pako Forever,7175,06/05/2025, 20:16:22,844
GEOR20066,Pako Forever,7175,06/05/2025, 21:16:19,844
GEOR20066,Pako Forever,7175,06/05/2025, 23:18:24,844
GEOR20066,Pako Forever,7176,06/06/2025, 01:17:28,844
GEOR20066,Pako Forever,7176,06/06/2025, 03:14:24,844
GEOR20066,Pako Forever,7176,06/06/2025, 04:23:31,844
GEOR20066,Pako Forever,7177,06/06/2025, 05:17:40,844
GEOR20066,Pako Forever,7177,06/06/2025, 06:25:26,844
GEOR20066,Pako Forever,7177,06/06/2025, 07:16:41,844
GEOR20066,Pako Forever,7178,06/06/2025, 09:18:39,844
GEOR20066,Pako Forever,7179,06/06/2025, 10:19:31,844
GEOR20066,Pako Forever,7179,06/06/2025, 11:15:27,844
GEOR20066,Pako Forever,7179,06/06/2025, 13:29:16,844
GEOR20066,Pako Forever,7179,06/06/2025, 14:16:59,844
GEOR20066,Pako Forever,7179,06/06/2025, 15:15:32,844
GEOR20066,Pako Forever,7179,06/06/2025, 16:22:00,844
GEOR20066,Pako Forever,7181,06/06/2025, 17:16:34,844
GEOR20066,Pako Forever,7181,06/06/2025, 18:23:22,844
GEOR20066,Pako Forever,7183,06/06/2025, 19:14:34,844
GEOR20066,Pako Forever,7184,06/06/2025, 20:19:51,844
GEOR20066,Pako Forever,7184,06/06/2025, 21:16:20,844
GEOR20066,Pako Forever,7184,06/06/2025, 22:16:25,844
GEOR20066,Pako Forever,7184,06/06/2025, 23:16:51,844
GEOR20066,Pako Forever,7184,06/07/2025, 01:16:58,844
GEOR20066,Pako Forever,7185,06/07/2025, 03:12:13,844
GEOR20066,Pako Forever,7185,06/07/2025, 04:20:23,844
GEOR20066,Pako Forever,7185,06/07/2025, 05:16:23,844
GEOR20066,Pako Forever,7185,06/07/2025, 06:22:09,844
GEOR20066,Pako Forever,7185,06/07/2025, 07:15:50,844
GEOR20066,Pako Forever,7185,06/07/2025, 08:20:03,844
GEOR20066,Pako Forever,7185,06/07/2025, 09:16:35,844
GEOR20066,Pako Forever,7185,06/07/2025, 10:17:35,844
GEOR20066,Pako Forever,7186,06/07/2025, 11:13:28,844
GEOR20066,Pako Forever,7186,06/07/2025, 13:25:14,844
GEOR20066,Pako Forever,7186,06/07/2025, 14:14:57,844
GEOR20066,Pako Forever,7186,06/07/2025, 15:15:55,844
GEOR20066,Pako Forever,7187,06/07/2025, 16:19:35,844
GEOR20066,Pako Forever,7187,06/07/2025, 17:14:07,844
GEOR20066,Pako Forever,7187,06/07/2025, 18:21:24,844
GEOR20066,Pako Forever,7187,06/07/2025, 19:13:18,844
GEOR20066,Pako Forever,7187,06/07/2025, 20:17:33,844
GEOR20066,Pako Forever,7188,06/07/2025, 21:14:56,844
GEOR20066,Pako Forever,7188,06/07/2025, 22:16:07,844
GEOR20066,Pako Forever,7188,06/07/2025, 23:17:07,844
GEOR20066,Pako Forever,7188,06/08/2025, 01:25:08,844
GEOR20066,Pako Forever,7188,06/08/2025, 03:23:01,844
GEOR20066,Pako Forever,7188,06/08/2025, 04:28:42,844
GEOR20066,Pako Forever,7189,06/08/2025, 05:17:36,844
GEOR20066,Pako Forever,7189,06/08/2025, 06:23:29,844
GEOR20066,Pako Forever,7189,06/08/2025, 07:15:39,844
GEOR20066,Pako Forever,7189,06/08/2025, 08:20:02,844
GEOR20066,Pako Forever,7189,06/08/2025, 09:16:16,844
GEOR20066,Pako Forever,7189,06/08/2025, 10:17:05,844
GEOR20066,Pako Forever,7189,06/08/2025, 11:13:37,844
GEOR20066,Pako Forever,7189,06/08/2025, 12:30:33,844
GEOR20066,Pako Forever,7189,06/08/2025, 13:25:11,844
GEOR20066,Pako Forever,7189,06/08/2025, 14:15:01,844
GEOR20066,Pako Forever,7189,06/08/2025, 15:17:20,844
GEOR20066,Pako Forever,7190,06/08/2025, 16:19:21,844
GEOR20066,Pako Forever,7190,06/08/2025, 17:14:16,844
GEOR20066,Pako Forever,7190,06/08/2025, 18:21:20,844
GEOR20066,Pako Forever,7190,06/08/2025, 19:13:51,844
GEOR20066,Pako Forever,7190,06/08/2025, 20:17:26,844
GEOR20066,Pako Forever,7190,06/08/2025, 21:14:48,844
GEOR20066,Pako Forever,7192,06/08/2025, 22:15:41,844
GEOR20066,Pako Forever,7192,06/08/2025, 23:15:52,844
GEOR20066,Pako Forever,7194,06/09/2025, 01:22:07,844
GEOR20066,Pako Forever,7194,06/09/2025, 03:20:49,844
GEOR20066,Pako Forever,7194,06/09/2025, 04:29:30,844
GEOR20066,Pako Forever,7194,06/09/2025, 06:26:48,844
GEOR20066,Pako Forever,7194,06/09/2025, 07:18:26,844
GEOR20066,Pako Forever,7194,06/09/2025, 08:24:51,844
GEOR20066,Pako Forever,7194,06/09/2025, 09:19:47,844
GEOR20066,Pako Forever,7194,06/09/2025, 10:19:28,844
GEOR20066,Pako Forever,7194,06/09/2025, 11:15:41,844
GEOR20066,Pako Forever,7194,06/09/2025, 12:34:36,844
GEOR20066,Pako Forever,7194,06/09/2025, 13:30:56,844
GEOR20066,Pako Forever,7194,06/09/2025, 14:18:16,844
GEOR20066,Pako Forever,7194,06/09/2025, 15:19:10,844
GEOR20066,Pako Forever,7194,06/09/2025, 16:21:45,844
GEOR20066,Pako Forever,7196,06/09/2025, 17:15:46,844
GEOR20066,Pako Forever,7196,06/09/2025, 18:24:28,844
GEOR20066,Pako Forever,7196,06/09/2025, 19:14:02,844
GEOR20066,Pako Forever,7196,06/09/2025, 20:19:21,844
GEOR20066,Pako Forever,7196,06/09/2025, 21:16:44,844
GEOR20066,Pako Forever,7196,06/09/2025, 22:17:20,844
GEOR20066,Pako Forever,7196,06/09/2025, 23:16:43,844
GEOR20066,Pako Forever,7196,06/10/2025, 01:19:25,844
GEOR20066,Pako Forever,7196,06/10/2025, 03:17:21,844
GEOR20066,Pako Forever,7196,06/10/2025, 04:25:51,844
GEOR20066,Pako Forever,7196,06/10/2025, 05:17:23,844
GEOR20066,Pako Forever,7196,06/10/2025, 06:24:45,844
GEOR20066,Pako Forever,7196,06/10/2025, 07:16:54,844
GEOR20066,Pako Forever,7197,06/10/2025, 08:23:38,844
GEOR20066,Pako Forever,7197,06/10/2025, 09:19:28,844
GEOR20066,Pako Forever,7197,06/10/2025, 10:19:05,844
GEOR20066,Pako Forever,7197,06/10/2025, 11:15:29,844
GEOR20066,Pako Forever,7197,06/10/2025, 12:34:52,844
GEOR20066,Pako Forever,7197,06/10/2025, 13:32:05,844
GEOR20066,Pako Forever,7197,06/10/2025, 14:17:44,844
GEOR20066,Pako Forever,7198,06/10/2025, 15:18:47,844
GEOR20066,Pako Forever,7198,06/10/2025, 16:21:44,844
GEOR20066,Pako Forever,7198,06/10/2025, 17:15:45,844
GEOR20066,Pako Forever,7198,06/10/2025, 18:23:42,844
GEOR20066,Pako Forever,7198,06/10/2025, 19:14:04,844
GEOR20066,Pako Forever,7198,06/10/2025, 20:19:44,844
GEOR20066,Pako Forever,7198,06/10/2025, 21:17:02,844
GEOR20066,Pako Forever,7199,06/10/2025, 23:16:30,844
GEOR20066,Pako Forever,7200,06/11/2025, 03:16:25,844
GEOR20066,Pako Forever,7200,06/11/2025, 04:26:29,844
GEOR20066,Pako Forever,7200,06/11/2025, 06:24:55,844
GEOR20066,Pako Forever,7200,06/11/2025, 07:17:24,844
GEOR20066,Pako Forever,7200,06/11/2025, 08:24:02,844
GEOR20066,Pako Forever,7200,06/11/2025, 09:18:44,844
GEOR20066,Pako Forever,7200,06/11/2025, 11:15:48,844
GEOR20066,Pako Forever,7200,06/11/2025, 14:15:57,844
GEOR20066,Pako Forever,7200,06/11/2025, 15:19:28,844
GEOR20066,Pako Forever,7200,06/11/2025, 17:16:18,844
GEOR20066,Pako Forever,7200,06/11/2025, 18:24:31,844
GEOR20066,Pako Forever,7201,06/11/2025, 19:14:20,844
GEOR20066,Pako Forever,7202,06/11/2025, 20:17:57,844
GEOR20066,Pako Forever,7202,06/11/2025, 21:16:36,844
GEOR20066,Pako Forever,7205,06/11/2025, 22:17:05,844
GEOR20066,Pako Forever,7205,06/11/2025, 23:18:10,844
GEOR20066,Pako Forever,7206,06/12/2025, 01:18:00,844
GEOR20066,Pako Forever,7206,06/12/2025, 03:14:50,844
GEOR20066,Pako Forever,7206,06/12/2025, 04:24:51,844
GEOR20066,Pako Forever,7206,06/12/2025, 05:17:27,844
GEOR20066,Pako Forever,7206,06/12/2025, 07:17:41,844
GEOR20066,Pako Forever,7206,06/12/2025, 09:18:55,844
GEOR20066,Pako Forever,7206,06/12/2025, 10:19:26,844
GEOR20066,Pako Forever,7206,06/12/2025, 11:15:23,844
GEOR20066,Pako Forever,7206,06/12/2025, 12:33:52,844
GEOR20066,Pako Forever,7206,06/12/2025, 13:31:40,844
GEOR20066,Pako Forever,7207,06/12/2025, 14:17:32,844
GEOR20066,Pako Forever,7207,06/12/2025, 15:18:45,844
GEOR20066,Pako Forever,7207,06/12/2025, 16:21:08,844
GEOR20066,Pako Forever,7207,06/12/2025, 17:16:17,844
GEOR20066,Pako Forever,7207,06/12/2025, 18:23:14,844
GEOR20066,Pako Forever,7207,06/12/2025, 19:13:54,844
GEOR20066,Pako Forever,7207,06/12/2025, 20:19:31,844
GEOR20066,Pako Forever,7207,06/12/2025, 21:16:41,844
GEOR20066,Pako Forever,7207,06/12/2025, 22:16:47,844
GEOR20066,Pako Forever,7207,06/12/2025, 23:16:56,844
GEOR20066,Pako Forever,7207,06/13/2025, 01:19:16,844
GEOR20066,Pako Forever,7207,06/13/2025, 03:16:34,844
GEOR20066,Pako Forever,7207,06/13/2025, 04:25:28,844
GEOR20066,Pako Forever,7207,06/13/2025, 05:17:08,844
GEOR20066,Pako Forever,7208,06/13/2025, 06:25:09,844
GEOR20066,Pako Forever,7208,06/13/2025, 07:16:49,844
GEOR20066,Pako Forever,7208,06/13/2025, 08:22:42,844
GEOR20066,Pako Forever,7208,06/13/2025, 09:19:10,844
GEOR20066,Pako Forever,7208,06/13/2025, 10:19:06,844
GEOR20066,Pako Forever,7208,06/13/2025, 11:15:34,844
GEOR20066,Pako Forever,7208,06/13/2025, 12:33:59,844
GEOR20066,Pako Forever,7208,06/13/2025, 13:29:56,844
GEOR20066,Pako Forever,7208,06/13/2025, 15:18:37,844
GEOR20066,Pako Forever,7209,06/13/2025, 16:21:30,844
GEOR20066,Pako Forever,7209,06/13/2025, 17:15:10,844
GEOR20066,Pako Forever,7210,06/13/2025, 18:23:48,844
GEOR20066,Pako Forever,7210,06/13/2025, 19:14:18,844
GEOR20066,Pako Forever,7210,06/13/2025, 20:19:00,844
GEOR20066,Pako Forever,7210,06/13/2025, 21:16:48,844
GEOR20066,Pako Forever,7210,06/13/2025, 22:16:43,844
GEOR20066,Pako Forever,7211,06/13/2025, 23:17:39,844
GEOR20066,Pako Forever,7211,06/14/2025, 03:11:06,844
GEOR20066,Pako Forever,7211,06/14/2025, 04:21:18,844
GEOR20066,Pako Forever,7211,06/14/2025, 05:17:08,844
GEOR20066,Pako Forever,7211,06/14/2025, 07:15:44,844
GEOR20066,Pako Forever,7212,06/14/2025, 08:20:13,844
GEOR20066,Pako Forever,7212,06/14/2025, 09:17:51,844
GEOR20066,Pako Forever,7212,06/14/2025, 10:17:07,844
GEOR20066,Pako Forever,7212,06/14/2025, 11:13:30,844
GEOR20066,Pako Forever,7212,06/14/2025, 12:30:54,844
GEOR20066,Pako Forever,7212,06/14/2025, 13:25:31,844
GEOR20066,Pako Forever,7212,06/14/2025, 14:14:50,844
GEOR20066,Pako Forever,7212,06/14/2025, 16:19:02,844
GEOR20066,Pako Forever,7212,06/14/2025, 17:14:14,844
GEOR20066,Pako Forever,7212,06/14/2025, 18:21:11,844
GEOR20066,Pako Forever,7213,06/14/2025, 19:13:17,844
GEOR20066,Pako Forever,7213,06/14/2025, 20:17:23,844
GEOR20066,Pako Forever,7214,06/14/2025, 21:15:18,844
GEOR20066,Pako Forever,7215,06/14/2025, 22:16:00,844
GEOR20066,Pako Forever,7216,06/14/2025, 23:17:10,844
GEOR20066,Pako Forever,7216,06/15/2025, 01:26:34,844
GEOR20066,Pako Forever,7217,06/15/2025, 03:23:02,844
GEOR20066,Pako Forever,7217,06/15/2025, 04:27:26,844
GEOR20066,Pako Forever,7217,06/15/2025, 05:16:25,844
GEOR20066,Pako Forever,7217,06/15/2025, 06:23:04,844
GEOR20066,Pako Forever,7217,06/15/2025, 07:16:14,844
GEOR20066,Pako Forever,7217,06/15/2025, 08:20:32,844
GEOR20066,Pako Forever,7217,06/15/2025, 09:17:13,844
GEOR20066,Pako Forever,7217,06/15/2025, 10:18:10,844
GEOR20066,Pako Forever,7217,06/15/2025, 11:14:11,844
GEOR20066,Pako Forever,7217,06/15/2025, 12:31:12,844
GEOR20066,Pako Forever,7217,06/15/2025, 13:25:33,844
GEOR20066,Pako Forever,7217,06/15/2025, 14:14:51,844
GEOR20066,Pako Forever,7217,06/15/2025, 15:16:24,844
GEOR20066,Pako Forever,7218,06/15/2025, 16:19:19,844
GEOR20066,Pako Forever,7220,06/15/2025, 19:13:51,844
GEOR20066,Pako Forever,7220,06/15/2025, 20:18:08,844
GEOR20066,Pako Forever,7221,06/15/2025, 21:15:22,844
GEOR20066,Pako Forever,7221,06/15/2025, 22:16:02,844
GEOR20066,Pako Forever,7221,06/15/2025, 23:15:46,844
GEOR20066,Pako Forever,7221,06/16/2025, 01:21:14,844
GEOR20066,Pako Forever,7221,06/16/2025, 03:20:35,844
GEOR20066,Pako Forever,7222,06/16/2025, 04:30:09,844
GEOR20066,Pako Forever,7222,06/16/2025, 05:19:38,844
GEOR20066,Pako Forever,7222,06/16/2025, 06:27:13,844
GEOR20066,Pako Forever,7222,06/16/2025, 07:19:03,844
GEOR20066,Pako Forever,7222,06/16/2025, 08:24:39,844
GEOR20066,Pako Forever,7223,06/16/2025, 09:20:46,844
GEOR20066,Pako Forever,7224,06/16/2025, 10:19:59,844
GEOR20066,Pako Forever,7224,06/16/2025, 12:35:15,844
GEOR20066,Pako Forever,7224,06/16/2025, 13:32:33,844
GEOR20066,Pako Forever,7224,06/16/2025, 14:17:40,844
GEOR20066,Pako Forever,7224,06/16/2025, 15:19:16,844
GEOR20066,Pako Forever,7224,06/16/2025, 16:22:07,844
GEOR20066,Pako Forever,7224,06/16/2025, 17:16:22,844
GEOR20066,Pako Forever,7224,06/16/2025, 19:13:59,844
GEOR20066,Pako Forever,7224,06/16/2025, 20:19:23,844
GEOR20066,Pako Forever,7224,06/16/2025, 22:17:12,844
GEOR20066,Pako Forever,7224,06/16/2025, 23:16:44,844
GEOR20066,Pako Forever,7224,06/17/2025, 01:19:13,844
GEOR20066,Pako Forever,7224,06/17/2025, 03:16:37,844
GEOR20066,Pako Forever,7224,06/17/2025, 04:26:19,844
GEOR20066,Pako Forever,7224,06/17/2025, 05:18:00,844
GEOR20066,Pako Forever,7224,06/17/2025, 06:25:35,844
GEOR20066,Pako Forever,7224,06/17/2025, 08:23:40,844
GEOR20066,Pako Forever,7224,06/17/2025, 09:19:47,844
GEOR20066,Pako Forever,7224,06/17/2025, 10:19:23,844
GEOR20066,Pako Forever,7224,06/17/2025, 11:15:48,844
GEOR20066,Pako Forever,7224,06/17/2025, 12:35:45,844
GEOR20066,Pako Forever,7224,06/17/2025, 13:31:17,844
GEOR20066,Pako Forever,7224,06/17/2025, 14:17:47,844
GEOR20066,Pako Forever,7224,06/17/2025, 15:19:15,844
GEOR20066,Pako Forever,7224,06/17/2025, 16:22:04,844
GEOR20066,Pako Forever,7224,06/17/2025, 17:16:28,844
GEOR20066,Pako Forever,7224,06/17/2025, 18:24:06,844
GEOR20066,Pako Forever,7224,06/17/2025, 19:14:10,844
GEOR20066,Pako Forever,7224,06/17/2025, 21:16:56,844
GEOR20066,Pako Forever,7224,06/17/2025, 22:16:47,844
GEOR20066,Pako Forever,7225,06/18/2025, 01:18:43,844
GEOR20066,Pako Forever,7225,06/18/2025, 04:26:50,844
GEOR20066,Pako Forever,7226,06/18/2025, 05:17:52,844
GEOR20066,Pako Forever,7226,06/18/2025, 06:25:02,844
GEOR20066,Pako Forever,7227,06/18/2025, 08:23:02,844
GEOR20066,Pako Forever,7227,06/18/2025, 10:19:32,844
GEOR20066,Pako Forever,7227,06/18/2025, 11:16:11,844
GEOR20066,Pako Forever,7228,06/18/2025, 12:35:15,844
GEOR20066,Pako Forever,7228,06/18/2025, 14:17:48,844
GEOR20066,Pako Forever,7228,06/18/2025, 15:19:15,844
GEOR20066,Pako Forever,7228,06/18/2025, 16:21:58,844
GEOR20066,Pako Forever,7228,06/18/2025, 17:17:21,844
GEOR20066,Pako Forever,7228,06/18/2025, 18:23:48,844
GEOR20066,Pako Forever,7228,06/18/2025, 19:14:30,844
GEOR20066,Pako Forever,7228,06/18/2025, 20:20:30,844
GEOR20066,Pako Forever,7228,06/18/2025, 21:16:35,844
GEOR20066,Pako Forever,7229,06/18/2025, 22:16:45,844
GEOR20066,Pako Forever,7230,06/18/2025, 23:16:59,844
GEOR20066,Pako Forever,7230,06/19/2025, 01:19:17,844
GEOR20066,Pako Forever,7230,06/19/2025, 03:16:16,844
GEOR20066,Pako Forever,7230,06/19/2025, 04:26:09,844
GEOR20066,Pako Forever,7230,06/19/2025, 06:25:18,844
GEOR20066,Pako Forever,7230,06/19/2025, 07:17:14,844
GEOR20066,Pako Forever,7230,06/19/2025, 08:22:55,844
GEOR20066,Pako Forever,7230,06/19/2025, 09:18:56,844
GEOR20066,Pako Forever,7231,06/19/2025, 10:19:23,844
GEOR20066,Pako Forever,7231,06/19/2025, 11:15:37,844
GEOR20066,Pako Forever,7231,06/19/2025, 12:34:28,844
GEOR20066,Pako Forever,7231,06/19/2025, 13:30:28,844
GEOR20066,Pako Forever,7231,06/19/2025, 14:16:30,844
GEOR20066,Pako Forever,7231,06/19/2025, 15:17:56,844
GEOR20066,Pako Forever,7231,06/19/2025, 16:20:57,844
GEOR20066,Pako Forever,7231,06/19/2025, 17:15:25,844
GEOR20066,Pako Forever,7231,06/19/2025, 18:22:55,844
GEOR20066,Pako Forever,7231,06/19/2025, 19:13:32,844
GEOR20066,Pako Forever,7231,06/19/2025, 20:20:08,844
GEOR20066,Pako Forever,7231,06/19/2025, 21:15:59,844
GEOR20066,Pako Forever,7231,06/19/2025, 22:16:23,844
GEOR20066,Pako Forever,7231,06/19/2025, 23:16:51,844
GEOR20066,Pako Forever,7233,06/20/2025, 01:18:34,844
GEOR20066,Pako Forever,7233,06/20/2025, 03:15:19,844
GEOR20066,Pako Forever,7233,06/20/2025, 04:24:58,844
GEOR20066,Pako Forever,7233,06/20/2025, 05:18:16,844
GEOR20066,Pako Forever,7234,06/20/2025, 06:25:24,844
GEOR20066,Pako Forever,7234,06/20/2025, 07:17:04,844
GEOR20066,Pako Forever,7234,06/20/2025, 08:22:58,844
GEOR20066,Pako Forever,7234,06/20/2025, 09:18:38,844
GEOR20066,Pako Forever,7234,06/20/2025, 10:18:30,844
GEOR20066,Pako Forever,7234,06/20/2025, 11:15:22,844
GEOR20066,Pako Forever,7234,06/20/2025, 12:34:28,844
GEOR20066,Pako Forever,7234,06/20/2025, 13:29:38,844
GEOR20066,Pako Forever,7234,06/20/2025, 14:16:36,844
GEOR20066,Pako Forever,7235,06/20/2025, 15:17:52,844
GEOR20066,Pako Forever,7236,06/20/2025, 17:15:47,844
GEOR20066,Pako Forever,7238,06/20/2025, 18:22:57,844
GEOR20066,Pako Forever,7238,06/20/2025, 19:13:55,844
GEOR20066,Pako Forever,7238,06/20/2025, 20:19:19,844
GEOR20066,Pako Forever,7239,06/20/2025, 21:15:59,844
GEOR20066,Pako Forever,7239,06/20/2025, 22:16:37,844
GEOR20066,Pako Forever,7239,06/20/2025, 23:16:50,844
GEOR20066,Pako Forever,7241,06/21/2025, 01:17:41,844
GEOR20066,Pako Forever,7241,06/21/2025, 03:11:50,844
GEOR20066,Pako Forever,7241,06/21/2025, 04:21:03,844
GEOR20066,Pako Forever,7241,06/21/2025, 05:16:47,844
GEOR20066,Pako Forever,7241,06/21/2025, 06:22:53,844
GEOR20066,Pako Forever,7241,06/21/2025, 07:16:05,844
GEOR20066,Pako Forever,7241,06/21/2025, 08:20:48,844
GEOR20066,Pako Forever,7241,06/21/2025, 09:16:49,844
GEOR20066,Pako Forever,7241,06/21/2025, 10:17:00,844
GEOR20066,Pako Forever,7242,06/21/2025, 12:30:45,844
GEOR20066,Pako Forever,7242,06/21/2025, 13:25:45,844
GEOR20066,Pako Forever,7242,06/21/2025, 14:16:09,844
GEOR20066,Pako Forever,7242,06/21/2025, 15:16:38,844
GEOR20066,Pako Forever,7242,06/21/2025, 16:19:20,844
GEOR20066,Pako Forever,7243,06/21/2025, 18:21:17,844
GEOR20066,Pako Forever,7244,06/21/2025, 20:17:37,844
GEOR20066,Pako Forever,7244,06/21/2025, 22:15:19,844
GEOR20066,Pako Forever,7245,06/21/2025, 23:16:05,844
GEOR20066,Pako Forever,7245,06/22/2025, 01:25:45,844
GEOR20066,Pako Forever,7246,06/22/2025, 03:24:17,844
GEOR20066,Pako Forever,7246,06/22/2025, 04:28:52,844
GEOR20066,Pako Forever,7246,06/22/2025, 05:17:17,844
GEOR20066,Pako Forever,7246,06/22/2025, 06:23:06,844
GEOR20066,Pako Forever,7246,06/22/2025, 07:16:47,844
GEOR20066,Pako Forever,7247,06/22/2025, 08:21:11,844
GEOR20066,Pako Forever,7247,06/22/2025, 09:17:35,844
GEOR20066,Pako Forever,7247,06/22/2025, 10:16:57,844
GEOR20066,Pako Forever,7248,06/22/2025, 11:13:57,844
GEOR20066,Pako Forever,7250,06/22/2025, 12:30:35,844
GEOR20066,Pako Forever,7252,06/22/2025, 13:25:18,844
GEOR20066,Pako Forever,7252,06/22/2025, 14:15:29,844
GEOR20066,Pako Forever,7252,06/22/2025, 15:16:30,844
GEOR20066,Pako Forever,7252,06/22/2025, 16:19:30,844
GEOR20066,Pako Forever,7252,06/22/2025, 17:14:07,844
GEOR20066,Pako Forever,7252,06/22/2025, 18:21:42,844
GEOR20066,Pako Forever,7252,06/22/2025, 19:13:35,844
GEOR20066,Pako Forever,7252,06/22/2025, 20:18:09,844
GEOR20066,Pako Forever,7252,06/22/2025, 21:15:32,844
GEOR20066,Pako Forever,7253,06/22/2025, 22:15:41,844
GEOR20066,Pako Forever,7253,06/22/2025, 23:16:21,844
GEOR20066,Pako Forever,7254,06/23/2025, 01:23:46,844
GEOR20066,Pako Forever,7254,06/23/2025, 03:24:46,844
GEOR20066,Pako Forever,7254,06/23/2025, 04:32:15,844
GEOR20066,Pako Forever,7254,06/23/2025, 05:19:43,844
GEOR20066,Pako Forever,7254,06/23/2025, 08:24:45,844
GEOR20066,Pako Forever,7254,06/23/2025, 09:21:17,844
GEOR20066,Pako Forever,7254,06/23/2025, 10:19:56,844
GEOR20066,Pako Forever,7255,06/23/2025, 11:16:13,844
GEOR20066,Pako Forever,7256,06/23/2025, 12:36:15,844
GEOR20066,Pako Forever,7256,06/23/2025, 14:18:04,844
GEOR20066,Pako Forever,7257,06/23/2025, 15:19:48,844
GEOR20066,Pako Forever,7257,06/23/2025, 16:22:20,844
GEOR20066,Pako Forever,7257,06/23/2025, 17:16:22,844
GEOR20066,Pako Forever,7257,06/23/2025, 18:24:15,844
GEOR20066,Pako Forever,7257,06/23/2025, 19:14:51,844
GEOR20066,Pako Forever,7257,06/23/2025, 20:20:03,844
GEOR20066,Pako Forever,7258,06/23/2025, 21:17:04,844
GEOR20066,Pako Forever,7258,06/23/2025, 22:17:30,844
GEOR20066,Pako Forever,7258,06/23/2025, 23:13:49,844
GEOR20066,Pako Forever,7258,06/24/2025, 01:19:35,844
GEOR20066,Pako Forever,7258,06/24/2025, 03:17:51,844
GEOR20066,Pako Forever,7258,06/24/2025, 04:27:43,844
GEOR20066,Pako Forever,7258,06/24/2025, 05:19:45,844
GEOR20066,Pako Forever,7258,06/24/2025, 06:26:07,844
GEOR20066,Pako Forever,7258,06/24/2025, 07:18:32,844
GEOR20066,Pako Forever,7258,06/24/2025, 08:23:58,844
GEOR20066,Pako Forever,7258,06/24/2025, 09:19:54,844
GEOR20066,Pako Forever,7258,06/24/2025, 10:19:23,844
GEOR20066,Pako Forever,7258,06/24/2025, 12:35:06,844
GEOR20066,Pako Forever,7258,06/24/2025, 13:32:52,844
GEOR20066,Pako Forever,7258,06/24/2025, 14:17:47,844
GEOR20066,Pako Forever,7258,06/24/2025, 15:19:16,844
GEOR20066,Pako Forever,7258,06/24/2025, 16:21:52,844
GEOR20066,Pako Forever,7258,06/24/2025, 17:17:47,844
GEOR20066,Pako Forever,7258,06/24/2025, 18:24:05,844
GEOR20066,Pako Forever,7258,06/24/2025, 19:14:31,844
GEOR20066,Pako Forever,7259,06/24/2025, 20:19:48,844
GEOR20066,Pako Forever,7259,06/24/2025, 21:16:50,844
GEOR20066,Pako Forever,7259,06/24/2025, 22:17:06,844
GEOR20066,Pako Forever,7259,06/25/2025, 01:20:05,844
GEOR20066,Pako Forever,7259,06/25/2025, 03:18:17,844
GEOR20066,Pako Forever,7259,06/25/2025, 04:28:35,844
GEOR20066,Pako Forever,7259,06/25/2025, 05:19:10,844
GEOR20066,Pako Forever,7259,06/25/2025, 06:26:20,844
GEOR20066,Pako Forever,7259,06/25/2025, 07:18:21,844
GEOR20066,Pako Forever,7259,06/25/2025, 08:24:35,844
GEOR20066,Pako Forever,7259,06/25/2025, 09:20:24,844
GEOR20066,Pako Forever,7259,06/25/2025, 10:19:12,844
GEOR20066,Pako Forever,7259,06/25/2025, 11:16:07,844
GEOR20066,Pako Forever,7259,06/25/2025, 12:35:14,844
GEOR20066,Pako Forever,7259,06/25/2025, 13:32:52,844
GEOR20066,Pako Forever,7259,06/25/2025, 14:17:42,844
GEOR20066,Pako Forever,7259,06/25/2025, 15:20:03,844
GEOR20066,Pako Forever,7259,06/25/2025, 16:22:34,844
GEOR20066,Pako Forever,7259,06/25/2025, 17:16:51,844
GEOR20066,Pako Forever,7260,06/25/2025, 18:24:27,844
GEOR20066,Pako Forever,7261,06/25/2025, 19:13:14,844
GEOR20066,Pako Forever,7262,06/25/2025, 20:19:24,844
GEOR20066,Pako Forever,7262,06/25/2025, 21:17:01,844
GEOR20066,Pako Forever,7264,06/25/2025, 22:17:01,844
GEOR20066,Pako Forever,7264,06/25/2025, 23:16:45,844
GEOR20066,Pako Forever,7264,06/26/2025, 01:18:53,844
GEOR20066,Pako Forever,7265,06/26/2025, 03:17:05,844
GEOR20066,Pako Forever,7265,06/26/2025, 04:26:50,844
GEOR20066,Pako Forever,7265,06/26/2025, 05:18:24,844
GEOR20066,Pako Forever,7265,06/26/2025, 06:25:41,844
GEOR20066,Pako Forever,7265,06/26/2025, 07:17:52,844
GEOR20066,Pako Forever,7265,06/26/2025, 08:23:14,844
GEOR20066,Pako Forever,7266,06/26/2025, 10:18:55,844
GEOR20066,Pako Forever,7266,06/26/2025, 11:15:27,844
GEOR20066,Pako Forever,7266,06/26/2025, 12:34:54,844
GEOR20066,Pako Forever,7266,06/26/2025, 13:31:14,844
GEOR20066,Pako Forever,7266,06/26/2025, 14:17:29,844
GEOR20066,Pako Forever,7267,06/26/2025, 15:19:26,844
GEOR20066,Pako Forever,7268,06/26/2025, 16:21:40,844
GEOR20066,Pako Forever,7268,06/26/2025, 17:15:56,844
GEOR20066,Pako Forever,7268,06/26/2025, 18:25:26,844
GEOR20066,Pako Forever,7268,06/26/2025, 19:14:35,844
GEOR20066,Pako Forever,7268,06/26/2025, 20:19:06,844
GEOR20066,Pako Forever,7270,06/26/2025, 21:16:26,844
GEOR20066,Pako Forever,7271,06/26/2025, 22:17:02,844
GEOR20066,Pako Forever,7271,06/26/2025, 23:17:19,844
GEOR20066,Pako Forever,7271,06/27/2025, 01:19:53,844
GEOR20066,Pako Forever,7274,06/27/2025, 03:18:13,844
GEOR20066,Pako Forever,7275,06/27/2025, 04:27:03,844
GEOR20066,Pako Forever,7275,06/27/2025, 05:18:31,844
GEOR20066,Pako Forever,7275,06/27/2025, 06:25:49,844
GEOR20066,Pako Forever,7275,06/27/2025, 07:18:02,844
GEOR20066,Pako Forever,7275,06/27/2025, 08:23:12,844
GEOR20066,Pako Forever,7275,06/27/2025, 09:18:57,844
GEOR20066,Pako Forever,7275,06/27/2025, 10:19:22,844
GEOR20066,Pako Forever,7275,06/27/2025, 11:15:23,844
GEOR20066,Pako Forever,7275,06/27/2025, 12:33:47,844
GEOR20066,Pako Forever,7275,06/27/2025, 13:29:21,844
GEOR20066,Pako Forever,7275,06/27/2025, 14:17:28,844
GEOR20066,Pako Forever,7275,06/27/2025, 15:18:05,844
GEOR20066,Pako Forever,7276,06/27/2025, 16:21:46,844
GEOR20066,Pako Forever,7276,06/27/2025, 17:15:33,844
GEOR20066,Pako Forever,7276,06/27/2025, 18:23:39,844
GEOR20066,Pako Forever,7276,06/27/2025, 19:14:02,844
GEOR20066,Pako Forever,7276,06/27/2025, 20:19:33,844
GEOR20066,Pako Forever,7276,06/27/2025, 21:15:26,844
GEOR20066,Pako Forever,7276,06/27/2025, 22:18:10,844
GEOR20066,Pako Forever,7276,06/27/2025, 23:16:59,844
GEOR20066,Pako Forever,7276,06/28/2025, 01:17:04,844
GEOR20066,Pako Forever,7276,06/28/2025, 03:12:52,844
GEOR20066,Pako Forever,7276,06/28/2025, 04:21:15,844
GEOR20066,Pako Forever,7276,06/28/2025, 05:17:52,844
GEOR20066,Pako Forever,7276,06/28/2025, 06:23:12,844
GEOR20066,Pako Forever,7276,06/28/2025, 07:16:08,844
GEOR20066,Pako Forever,7276,06/28/2025, 08:20:52,844
GEOR20066,Pako Forever,7276,06/28/2025, 09:17:27,844
GEOR20066,Pako Forever,7276,06/28/2025, 10:17:02,844
GEOR20066,Pako Forever,7276,06/28/2025, 11:14:24,844
GEOR20066,Pako Forever,7276,06/28/2025, 12:30:51,844
GEOR20066,Pako Forever,7276,06/28/2025, 14:14:57,844
GEOR20066,Pako Forever,7276,06/28/2025, 15:16:27,844
GEOR20066,Pako Forever,7276,06/28/2025, 16:20:00,844
GEOR20066,Pako Forever,7277,06/28/2025, 17:14:36,844
GEOR20066,Pako Forever,7277,06/28/2025, 18:21:45,844
GEOR20066,Pako Forever,7278,06/28/2025, 19:13:27,844
GEOR20066,Pako Forever,7278,06/28/2025, 20:17:55,844
GEOR20066,Pako Forever,7279,06/28/2025, 21:15:35,844
GEOR20066,Pako Forever,7279,06/28/2025, 22:15:43,844
GEOR20066,Pako Forever,7279,06/28/2025, 23:16:40,844
GEOR20066,Pako Forever,7280,06/29/2025, 01:27:32,844
GEOR20066,Pako Forever,7281,06/29/2025, 03:27:10,844
GEOR20066,Pako Forever,7281,06/29/2025, 04:33:19,844
GEOR20066,Pako Forever,7282,06/29/2025, 05:21:04,844
GEOR20066,Pako Forever,7282,06/29/2025, 07:16:05,844
GEOR20066,Pako Forever,7282,06/29/2025, 08:21:04,844
GEOR20066,Pako Forever,7282,06/29/2025, 09:17:16,844
GEOR20066,Pako Forever,7282,06/29/2025, 10:18:26,844
GEOR20066,Pako Forever,7282,06/29/2025, 11:14:09,844
GEOR20066,Pako Forever,7284,06/29/2025, 12:31:34,844
GEOR20066,Pako Forever,7284,06/29/2025, 13:26:26,844
GEOR20066,Pako Forever,7284,06/29/2025, 14:15:14,844
GEOR20066,Pako Forever,7284,06/29/2025, 15:16:45,844
GEOR20066,Pako Forever,7284,06/29/2025, 16:19:37,844
GEOR20066,Pako Forever,7285,06/29/2025, 17:14:44,844
GEOR20066,Pako Forever,7286,06/29/2025, 18:21:52,844
GEOR20066,Pako Forever,7286,06/29/2025, 19:13:37,844
GEOR20066,Pako Forever,7286,06/29/2025, 20:18:22,844
GEOR20066,Pako Forever,7286,06/29/2025, 21:15:48,844
GEOR20066,Pako Forever,7286,06/29/2025, 22:16:07,844
GEOR20066,Pako Forever,7287,06/29/2025, 23:16:13,844
GEOR20066,Pako Forever,7287,06/30/2025, 01:24:06,844
GEOR20066,Pako Forever,7288,06/30/2025, 03:23:34,844
GEOR20066,Pako Forever,7288,06/30/2025, 04:32:07,844
GEOR20066,Pako Forever,7288,06/30/2025, 05:20:04,844
GEOR20066,Pako Forever,7288,06/30/2025, 06:26:43,844
GEOR20066,Pako Forever,7288,06/30/2025, 07:19:12,844
GEOR20066,Pako Forever,7288,06/30/2025, 08:24:11,844
GEOR20066,Pako Forever,7288,06/30/2025, 09:20:51,844
GEOR20066,Pako Forever,7288,06/30/2025, 10:19:50,844
GEOR20066,Pako Forever,7289,06/30/2025, 11:15:37,844
GEOR20066,Pako Forever,7291,06/30/2025, 12:34:30,844
GEOR20066,Pako Forever,7291,06/30/2025, 13:32:04,844
GEOR20066,Pako Forever,7291,06/30/2025, 14:17:34,844
GEOR20066,Pako Forever,7291,06/30/2025, 16:21:58,844
GEOR20066,Pako Forever,7291,06/30/2025, 17:16:09,844
GEOR20066,Pako Forever,7291,06/30/2025, 18:24:40,844
GEOR20066,Pako Forever,7293,06/30/2025, 19:14:03,844
GEOR20066,Pako Forever,7293,06/30/2025, 20:18:50,844
GEOR20066,Pako Forever,7293,06/30/2025, 21:16:45,844
GEOR20066,Pako Forever,7293,06/30/2025, 22:17:05,844
GEOR20066,Pako Forever,7293,06/30/2025, 23:16:28,844
GEOR20066,Pako Forever,7294,07/01/2025, 01:27:40,844
GEOR20066,Pako Forever,7295,07/01/2025, 03:28:53,844
GEOR20066,Pako Forever,7295,07/01/2025, 04:36:25,844
GEOR20066,Pako Forever,7295,07/01/2025, 05:21:32,844
GEOR20066,Pako Forever,7296,07/01/2025, 07:19:14,844
GEOR20066,Pako Forever,7296,07/01/2025, 08:24:08,844
GEOR20066,Pako Forever,7297,07/01/2025, 09:20:38,844
GEOR20066,Pako Forever,7297,07/01/2025, 10:19:52,844
GEOR20066,Pako Forever,7297,07/01/2025, 11:15:56,844
GEOR20066,Pako Forever,7297,07/01/2025, 12:35:16,844
GEOR20066,Pako Forever,7297,07/01/2025, 13:32:03,844
GEOR20066,Pako Forever,7297,07/01/2025, 14:17:03,844
GEOR20066,Pako Forever,7297,07/01/2025, 15:19:15,844
GEOR20066,Pako Forever,7297,07/01/2025, 16:22:08,844
GEOR20066,Pako Forever,7297,07/01/2025, 17:16:34,844
GEOR20066,Pako Forever,7298,07/01/2025, 19:14:19,844
GEOR20066,Pako Forever,7300,07/01/2025, 20:19:46,844
GEOR20066,Pako Forever,7301,07/01/2025, 21:16:57,844
GEOR20066,Pako Forever,7301,07/01/2025, 22:17:05,844
GEOR20066,Pako Forever,7301,07/01/2025, 23:16:43,844
GEOR20066,Pako Forever,7301,07/02/2025, 01:19:51,844
GEOR20066,Pako Forever,7301,07/02/2025, 03:17:26,844
GEOR20066,Pako Forever,7301,07/02/2025, 04:27:49,844
GEOR20066,Pako Forever,7301,07/02/2025, 05:20:01,844
GEOR20066,Pako Forever,7301,07/02/2025, 06:26:02,844
GEOR20066,Pako Forever,7301,07/02/2025, 07:17:57,844
GEOR20066,Pako Forever,7302,07/02/2025, 08:23:58,844
GEOR20066,Pako Forever,7302,07/02/2025, 09:20:30,844
GEOR20066,Pako Forever,7302,07/02/2025, 10:19:26,844
GEOR20066,Pako Forever,7302,07/02/2025, 11:15:54,844
GEOR20066,Pako Forever,7302,07/02/2025, 12:34:54,844
GEOR20066,Pako Forever,7303,07/02/2025, 13:30:57,844
GEOR20066,Pako Forever,7303,07/02/2025, 14:17:51,844
GEOR20066,Pako Forever,7303,07/02/2025, 15:19:11,844
GEOR20066,Pako Forever,7303,07/02/2025, 16:21:29,844
GEOR20066,Pako Forever,7303,07/02/2025, 17:17:13,844
GEOR20066,Pako Forever,7303,07/02/2025, 18:24:17,844
GEOR20066,Pako Forever,7303,07/02/2025, 19:14:22,844
GEOR20066,Pako Forever,7305,07/02/2025, 20:17:46,844
GEOR20066,Pako Forever,7305,07/02/2025, 21:16:33,844
GEOR20066,Pako Forever,7305,07/02/2025, 22:17:02,844
GEOR20066,Pako Forever,7307,07/02/2025, 23:17:17,844
GEOR20066,Pako Forever,7307,07/03/2025, 01:19:41,844
GEOR20066,Pako Forever,7308,07/03/2025, 03:18:57,844
GEOR20066,Pako Forever,7308,07/03/2025, 04:30:21,844
GEOR20066,Pako Forever,7308,07/03/2025, 05:21:40,844
GEOR20066,Pako Forever,7308,07/03/2025, 09:19:30,844
GEOR20066,Pako Forever,7308,07/03/2025, 10:19:32,844
GEOR20066,Pako Forever,7308,07/03/2025, 11:16:02,844
GEOR20066,Pako Forever,7308,07/03/2025, 12:35:25,844
GEOR20066,Pako Forever,7308,07/03/2025, 13:29:44,844
GEOR20066,Pako Forever,7308,07/03/2025, 14:17:18,844
GEOR20066,Pako Forever,7309,07/03/2025, 16:21:27,844
GEOR20066,Pako Forever,7309,07/03/2025, 17:18:09,844
GEOR20066,Pako Forever,7309,07/03/2025, 18:23:56,844
GEOR20066,Pako Forever,7310,07/03/2025, 19:14:07,844
GEOR20066,Pako Forever,7310,07/03/2025, 20:18:50,844
GEOR20066,Pako Forever,7310,07/03/2025, 21:16:15,844
GEOR20066,Pako Forever,7311,07/03/2025, 22:16:52,844
GEOR20066,Pako Forever,7311,07/03/2025, 23:17:06,844
GEOR20066,Pako Forever,7311,07/04/2025, 01:19:21,844
GEOR20066,Pako Forever,7311,07/04/2025, 03:17:10,844
GEOR20066,Pako Forever,7312,07/04/2025, 04:28:02,844
GEOR20066,Pako Forever,7312,07/04/2025, 05:20:02,844
GEOR20066,Pako Forever,7312,07/04/2025, 06:26:15,844
GEOR20066,Pako Forever,7312,07/04/2025, 07:18:34,844
GEOR20066,Pako Forever,7312,07/04/2025, 08:23:25,844
GEOR20066,Pako Forever,7312,07/04/2025, 09:19:22,844
GEOR20066,Pako Forever,7312,07/04/2025, 10:19:21,844
GEOR20066,Pako Forever,7312,07/04/2025, 11:16:40,844
GEOR20066,Pako Forever,7312,07/04/2025, 12:34:12,844
GEOR20066,Pako Forever,7312,07/04/2025, 13:29:41,844
GEOR20066,Pako Forever,7312,07/04/2025, 14:17:08,844
GEOR20066,Pako Forever,7312,07/04/2025, 15:17:34,844
GEOR20066,Pako Forever,7312,07/04/2025, 16:21:08,844
GEOR20066,Pako Forever,7312,07/04/2025, 17:15:20,844
GEOR20066,Pako Forever,7312,07/04/2025, 18:22:56,844
GEOR20066,Pako Forever,7312,07/04/2025, 19:14:24,844
GEOR20066,Pako Forever,7312,07/04/2025, 20:18:37,844
GEOR20066,Pako Forever,7312,07/04/2025, 21:17:03,844
GEOR20066,Pako Forever,7312,07/04/2025, 22:16:46,844
GEOR20066,Pako Forever,7312,07/04/2025, 23:16:28,844
GEOR20066,Pako Forever,7312,07/05/2025, 01:16:52,844
GEOR20066,Pako Forever,7313,07/05/2025, 04:22:38,844
GEOR20066,Pako Forever,7313,07/05/2025, 05:17:22,844
GEOR20066,Pako Forever,7313,07/05/2025, 06:23:04,844
GEOR20066,Pako Forever,7313,07/05/2025, 07:16:03,844
GEOR20066,Pako Forever,7313,07/05/2025, 08:21:04,844
GEOR20066,Pako Forever,7314,07/05/2025, 09:17:27,844
GEOR20066,Pako Forever,7314,07/05/2025, 10:17:03,844
GEOR20066,Pako Forever,7314,07/05/2025, 11:14:05,844
GEOR20066,Pako Forever,7314,07/05/2025, 12:31:09,844
GEOR20066,Pako Forever,7314,07/05/2025, 13:26:13,844
GEOR20066,Pako Forever,7314,07/05/2025, 15:16:16,844
GEOR20066,Pako Forever,7314,07/05/2025, 16:19:38,844
GEOR20066,Pako Forever,7314,07/05/2025, 17:15:07,844
GEOR20066,Pako Forever,7314,07/05/2025, 18:21:21,844
GEOR20066,Pako Forever,7314,07/05/2025, 19:14:20,844
GEOR20066,Pako Forever,7314,07/05/2025, 20:17:50,844
GEOR20066,Pako Forever,7315,07/05/2025, 21:16:14,844
GEOR20066,Pako Forever,7316,07/05/2025, 22:15:30,844
GEOR20066,Pako Forever,7316,07/05/2025, 23:16:28,844
GEOR20066,Pako Forever,7316,07/06/2025, 01:26:19,844
GEOR20066,Pako Forever,7316,07/06/2025, 03:25:44,844
GEOR20066,Pako Forever,7316,07/06/2025, 04:31:09,844
GEOR20066,Pako Forever,7316,07/06/2025, 05:17:40,844
GEOR20066,Pako Forever,7316,07/06/2025, 06:23:41,844
GEOR20066,Pako Forever,7316,07/06/2025, 07:15:53,844
GEOR20066,Pako Forever,7316,07/06/2025, 08:20:45,844
GEOR20066,Pako Forever,7316,07/06/2025, 09:16:46,844
GEOR20066,Pako Forever,7316,07/06/2025, 10:17:37,844
GEOR20066,Pako Forever,7316,07/06/2025, 11:15:14,844
GEOR20066,Pako Forever,7316,07/06/2025, 12:31:24,844
GEOR20066,Pako Forever,7316,07/06/2025, 13:26:45,844
GEOR20066,Pako Forever,7316,07/06/2025, 14:14:59,844
GEOR20066,Pako Forever,7316,07/06/2025, 16:20:05,844
GEOR20066,Pako Forever,7316,07/06/2025, 17:14:58,844
GEOR20066,Pako Forever,7316,07/06/2025, 18:22:11,844
GEOR20066,Pako Forever,7316,07/06/2025, 19:14:07,844
GEOR20066,Pako Forever,7316,07/06/2025, 20:18:41,844
GEOR20066,Pako Forever,7317,07/06/2025, 21:15:42,844
GEOR20066,Pako Forever,7317,07/06/2025, 22:16:58,844
GEOR20066,Pako Forever,7317,07/06/2025, 23:16:22,844
GEOR20066,Pako Forever,7319,07/07/2025, 01:23:58,844
GEOR20066,Pako Forever,7319,07/07/2025, 03:23:42,844
GEOR20066,Pako Forever,7321,07/07/2025, 05:21:00,844
GEOR20066,Pako Forever,7322,07/07/2025, 06:27:12,844
GEOR20066,Pako Forever,7322,07/07/2025, 07:19:42,844
GEOR20066,Pako Forever,7322,07/07/2025, 09:21:27,844
GEOR20066,Pako Forever,7322,07/07/2025, 10:20:38,844
GEOR20066,Pako Forever,7322,07/07/2025, 11:15:52,844
GEOR20066,Pako Forever,7322,07/07/2025, 12:35:15,844
GEOR20066,Pako Forever,7322,07/07/2025, 13:32:04,844
GEOR20066,Pako Forever,7322,07/07/2025, 14:17:51,844
GEOR20066,Pako Forever,7322,07/07/2025, 15:18:13,844
GEOR20066,Pako Forever,7322,07/07/2025, 16:22:12,844
GEOR20066,Pako Forever,7322,07/07/2025, 17:16:30,844
GEOR20066,Pako Forever,7322,07/07/2025, 18:24:12,844
GEOR20066,Pako Forever,7322,07/07/2025, 19:15:55,844
GEOR20066,Pako Forever,7324,07/07/2025, 20:19:37,844
GEOR20066,Pako Forever,7324,07/07/2025, 21:16:32,844
GEOR20066,Pako Forever,7324,07/07/2025, 22:17:25,844
GEOR20066,Pako Forever,7324,07/07/2025, 23:17:09,844
GEOR20066,Pako Forever,7324,07/08/2025, 01:20:08,844
GEOR20066,Pako Forever,7324,07/08/2025, 03:18:29,844
GEOR20066,Pako Forever,7324,07/08/2025, 04:28:29,844
GEOR20066,Pako Forever,7325,07/08/2025, 05:19:07,844
GEOR20066,Pako Forever,7325,07/08/2025, 06:26:01,844
GEOR20066,Pako Forever,7325,07/08/2025, 07:18:26,844
GEOR20066,Pako Forever,7325,07/08/2025, 08:24:01,844
GEOR20066,Pako Forever,7325,07/08/2025, 09:20:09,844
GEOR20066,Pako Forever,7325,07/08/2025, 10:19:32,844
GEOR20066,Pako Forever,7325,07/08/2025, 11:16:27,844
GEOR20066,Pako Forever,7325,07/08/2025, 12:36:08,844
GEOR20066,Pako Forever,7326,07/08/2025, 13:32:48,844
GEOR20066,Pako Forever,7327,07/08/2025, 14:17:22,844
GEOR20066,Pako Forever,7327,07/08/2025, 15:18:51,844
GEOR20066,Pako Forever,7327,07/08/2025, 16:22:10,844
GEOR20066,Pako Forever,7328,07/08/2025, 17:17:28,844
GEOR20066,Pako Forever,7328,07/08/2025, 18:24:23,844
GEOR20066,Pako Forever,7328,07/08/2025, 19:14:35,844
GEOR20066,Pako Forever,7328,07/08/2025, 20:19:42,844
GEOR20066,Pako Forever,7329,07/08/2025, 21:17:13,844
GEOR20066,Pako Forever,7329,07/08/2025, 22:17:20,844
GEOR20066,Pako Forever,7329,07/08/2025, 23:17:28,844
GEOR20066,Pako Forever,7330,07/09/2025, 01:21:02,844
GEOR20066,Pako Forever,7331,07/09/2025, 03:21:04,844
GEOR20066,Pako Forever,7331,07/09/2025, 04:32:56,844
GEOR20066,Pako Forever,7331,07/09/2025, 05:22:32,844
GEOR20066,Pako Forever,7331,07/09/2025, 06:26:20,844
GEOR20066,Pako Forever,7332,07/09/2025, 07:18:34,844
GEOR20066,Pako Forever,7333,07/09/2025, 08:23:46,844
GEOR20066,Pako Forever,7333,07/09/2025, 10:19:59,844
GEOR20066,Pako Forever,7333,07/09/2025, 11:16:00,844
GEOR20066,Pako Forever,7333,07/09/2025, 12:35:28,844
GEOR20066,Pako Forever,7334,07/09/2025, 13:32:18,844
GEOR20066,Pako Forever,7334,07/09/2025, 14:17:28,844
GEOR20066,Pako Forever,7334,07/09/2025, 15:19:20,844
GEOR20066,Pako Forever,7335,07/09/2025, 17:18:02,844
GEOR20066,Pako Forever,7336,07/09/2025, 18:24:21,844
GEOR20066,Pako Forever,7336,07/09/2025, 19:15:24,844
GEOR20066,Pako Forever,7336,07/09/2025, 21:16:56,844
GEOR20066,Pako Forever,7337,07/09/2025, 22:17:24,844
GEOR20066,Pako Forever,7337,07/09/2025, 23:17:39,844
GEOR20066,Pako Forever,7337,07/10/2025, 01:21:05,844
GEOR20066,Pako Forever,7337,07/10/2025, 03:20:50,844
GEOR20066,Pako Forever,7337,07/10/2025, 04:30:32,844
GEOR20066,Pako Forever,7339,07/10/2025, 06:26:42,844
GEOR20066,Pako Forever,7339,07/10/2025, 08:23:56,844
GEOR20066,Pako Forever,7339,07/10/2025, 09:21:02,844
GEOR20066,Pako Forever,7339,07/10/2025, 10:20:03,844
GEOR20066,Pako Forever,7339,07/10/2025, 12:36:00,844
GEOR20066,Pako Forever,7339,07/10/2025, 13:33:09,844
GEOR20066,Pako Forever,7339,07/10/2025, 14:18:24,844
GEOR20066,Pako Forever,7339,07/10/2025, 15:19:49,844
GEOR20066,Pako Forever,7339,07/10/2025, 16:22:30,844
GEOR20066,Pako Forever,7339,07/10/2025, 17:18:11,844
GEOR20066,Pako Forever,7339,07/10/2025, 18:25:04,844
GEOR20066,Pako Forever,7341,07/10/2025, 20:19:14,844
GEOR20066,Pako Forever,7341,07/10/2025, 21:18:21,844
GEOR20066,Pako Forever,7341,07/10/2025, 22:17:00,844
GEOR20066,Pako Forever,7341,07/10/2025, 23:17:29,844
GEOR20066,Pako Forever,7342,07/11/2025, 01:22:07,844
GEOR20066,Pako Forever,7342,07/11/2025, 03:26:33,844
GEOR20066,Pako Forever,7342,07/11/2025, 04:35:12,844
GEOR20066,Pako Forever,7342,07/11/2025, 05:21:27,844
GEOR20066,Pako Forever,7342,07/11/2025, 07:19:21,844
GEOR20066,Pako Forever,7342,07/11/2025, 08:23:45,844
GEOR20066,Pako Forever,7342,07/11/2025, 09:19:42,844
GEOR20066,Pako Forever,7342,07/11/2025, 10:19:12,844
GEOR20066,Pako Forever,7342,07/11/2025, 11:16:34,844
GEOR20066,Pako Forever,7343,07/11/2025, 12:34:34,844
GEOR20066,Pako Forever,7343,07/11/2025, 13:31:01,844
GEOR20066,Pako Forever,7343,07/11/2025, 14:18:07,844
GEOR20066,Pako Forever,7343,07/11/2025, 16:21:39,844
GEOR20066,Pako Forever,7343,07/11/2025, 17:16:50,844
GEOR20066,Pako Forever,7353,07/13/2025, 19:14:09,844
GEOR20066,Pako Forever,7353,07/13/2025, 20:17:55,844
GEOR20066,Pako Forever,7353,07/13/2025, 21:15:50,844
GEOR20066,Pako Forever,7354,07/13/2025, 22:16:41,844
GEOR20066,Pako Forever,7354,07/13/2025, 23:18:31,844
GEOR20066,Pako Forever,7354,07/14/2025, 01:25:31,844
GEOR20066,Pako Forever,7355,07/14/2025, 03:39:25,844
GEOR20066,Pako Forever,7357,07/14/2025, 05:23:42,844
GEOR20066,Pako Forever,7357,07/14/2025, 06:28:07,844
GEOR20066,Pako Forever,7357,07/14/2025, 07:22:13,844
GEOR20066,Pako Forever,7358,07/14/2025, 08:26:14,844
GEOR20066,Pako Forever,7358,07/14/2025, 11:16:33,844
GEOR20066,Pako Forever,7358,07/14/2025, 12:36:44,844
GEOR20066,Pako Forever,7358,07/14/2025, 13:35:09,844
GEOR20066,Pako Forever,7359,07/14/2025, 14:19:11,844
GEOR20066,Pako Forever,7359,07/14/2025, 15:19:56,844
GEOR20066,Pako Forever,7359,07/14/2025, 16:22:54,844
GEOR20066,Pako Forever,7361,07/14/2025, 17:18:00,844
GEOR20066,Pako Forever,7361,07/14/2025, 19:14:48,844
GEOR20066,Pako Forever,7361,07/14/2025, 20:20:18,844
GEOR20066,Pako Forever,7362,07/14/2025, 21:17:49,844
GEOR20066,Pako Forever,7362,07/14/2025, 22:17:50,844
GEOR20066,Pako Forever,7363,07/14/2025, 23:17:59,844
GEOR20066,Pako Forever,7363,07/15/2025, 01:25:33,844
GEOR20066,Pako Forever,7363,07/15/2025, 03:28:42,844
GEOR20066,Pako Forever,7363,07/15/2025, 04:37:19,844
GEOR20066,Pako Forever,7363,07/15/2025, 05:22:44,844
GEOR20066,Pako Forever,7363,07/15/2025, 06:27:29,844
GEOR20066,Pako Forever,7363,07/15/2025, 07:20:51,844
GEOR20066,Pako Forever,7363,07/15/2025, 08:24:12,844
GEOR20066,Pako Forever,7363,07/15/2025, 09:27:08,844
GEOR20066,Pako Forever,7363,07/15/2025, 11:16:13,844
GEOR20066,Pako Forever,7365,07/15/2025, 12:37:10,844
GEOR20066,Pako Forever,7366,07/15/2025, 13:35:48,844
GEOR20066,Pako Forever,7366,07/15/2025, 15:18:08,844
GEOR20066,Pako Forever,7366,07/15/2025, 16:23:01,844
GEOR20066,Pako Forever,7366,07/15/2025, 17:16:51,844
GEOR20066,Pako Forever,7367,07/15/2025, 18:26:13,844
GEOR20066,Pako Forever,7367,07/15/2025, 19:16:39,844
GEOR20066,Pako Forever,7367,07/15/2025, 20:20:34,844
GEOR20066,Pako Forever,7367,07/15/2025, 21:17:49,844
GEOR20066,Pako Forever,7367,07/15/2025, 22:18:22,844
GEOR20066,Pako Forever,7367,07/15/2025, 23:17:00,844
GEOR20066,Pako Forever,7367,07/16/2025, 01:22:56,844
GEOR20066,Pako Forever,7367,07/16/2025, 03:26:26,844
GEOR20066,Pako Forever,7367,07/16/2025, 04:36:43,844
GEOR20066,Pako Forever,7368,07/16/2025, 05:23:56,844
GEOR20066,Pako Forever,7368,07/16/2025, 06:26:32,844
GEOR20066,Pako Forever,7368,07/16/2025, 07:20:21,844
GEOR20066,Pako Forever,7368,07/16/2025, 08:24:19,844
GEOR20066,Pako Forever,7368,07/16/2025, 09:23:13,844
GEOR20066,Pako Forever,7368,07/16/2025, 10:19:47,844
GEOR20066,Pako Forever,7368,07/16/2025, 11:16:24,844
GEOR20066,Pako Forever,7368,07/16/2025, 12:37:37,844
GEOR20066,Pako Forever,7368,07/16/2025, 13:36:09,844
GEOR20066,Pako Forever,7369,07/16/2025, 14:17:25,844
GEOR20066,Pako Forever,7370,07/16/2025, 15:19:48,844
GEOR20066,Pako Forever,7372,07/16/2025, 17:19:05,844
GEOR20066,Pako Forever,7372,07/16/2025, 18:25:32,844
GEOR20066,Pako Forever,7372,07/16/2025, 19:16:18,844
GEOR20066,Pako Forever,7372,07/16/2025, 20:20:18,844
GEOR20066,Pako Forever,7372,07/16/2025, 21:18:15,844
GEOR20066,Pako Forever,7372,07/16/2025, 22:17:54,844
GEOR20066,Pako Forever,7372,07/16/2025, 23:17:57,844
GEOR20066,Pako Forever,7372,07/17/2025, 01:24:08,844
GEOR20066,Pako Forever,7372,07/17/2025, 03:26:18,844
GEOR20066,Pako Forever,7373,07/17/2025, 04:36:34,844
GEOR20066,Pako Forever,7373,07/17/2025, 05:23:30,844
GEOR20066,Pako Forever,7375,07/17/2025, 06:27:23,844
GEOR20066,Pako Forever,7376,07/17/2025, 07:20:28,844
GEOR20066,Pako Forever,7376,07/17/2025, 08:24:22,844
GEOR20066,Pako Forever,7377,07/17/2025, 10:20:32,844
GEOR20066,Pako Forever,7377,07/17/2025, 11:16:41,844
GEOR20066,Pako Forever,7377,07/17/2025, 12:36:19,844
GEOR20066,Pako Forever,7377,07/17/2025, 13:35:55,844
GEOR20066,Pako Forever,7377,07/17/2025, 14:17:03,844
GEOR20066,Pako Forever,7377,07/17/2025, 16:22:43,844
GEOR20066,Pako Forever,7377,07/17/2025, 17:17:46,844
GEOR20066,Pako Forever,7377,07/17/2025, 18:25:49,844
GEOR20066,Pako Forever,7377,07/17/2025, 19:16:37,844
GEOR20066,Pako Forever,7377,07/17/2025, 20:20:23,844
GEOR20066,Pako Forever,7377,07/17/2025, 21:17:17,844
GEOR20066,Pako Forever,7377,07/17/2025, 22:17:55,844
GEOR20066,Pako Forever,7377,07/17/2025, 23:18:47,844
GEOR20066,Pako Forever,7377,07/18/2025, 01:23:28,844
GEOR20066,Pako Forever,7377,07/18/2025, 03:27:53,844
GEOR20066,Pako Forever,7377,07/18/2025, 04:37:32,844
GEOR20066,Pako Forever,7377,07/18/2025, 05:24:24,844
GEOR20066,Pako Forever,7377,07/18/2025, 06:26:57,844
GEOR20066,Pako Forever,7377,07/18/2025, 08:24:30,844
GEOR20066,Pako Forever,7377,07/18/2025, 10:20:26,844
GEOR20066,Pako Forever,7377,07/18/2025, 11:16:07,844
GEOR20066,Pako Forever,7377,07/18/2025, 12:36:25,844
GEOR20066,Pako Forever,7377,07/18/2025, 13:35:43,844
GEOR20066,Pako Forever,7377,07/18/2025, 14:18:05,844
GEOR20066,Pako Forever,7377,07/18/2025, 15:19:03,844
GEOR20066,Pako Forever,7378,07/18/2025, 16:23:34,844
GEOR20066,Pako Forever,7378,07/18/2025, 17:19:11,844
GEOR20066,Pako Forever,7378,07/18/2025, 18:24:48,844
GEOR20066,Pako Forever,7378,07/18/2025, 19:16:06,844
GEOR20066,Pako Forever,7378,07/18/2025, 20:19:49,844
GEOR20066,Pako Forever,7378,07/18/2025, 21:17:36,844
GEOR20066,Pako Forever,7378,07/18/2025, 22:18:13,844
GEOR20066,Pako Forever,7378,07/18/2025, 23:17:47,844
GEOR20066,Pako Forever,7378,07/19/2025, 01:21:18,844
GEOR20066,Pako Forever,7379,07/19/2025, 03:21:31,844
GEOR20066,Pako Forever,7379,07/19/2025, 04:29:38,844
GEOR20066,Pako Forever,7379,07/19/2025, 05:20:30,844
GEOR20066,Pako Forever,7379,07/19/2025, 06:25:11,844
GEOR20066,Pako Forever,7379,07/19/2025, 07:17:01,844
GEOR20066,Pako Forever,7379,07/19/2025, 08:22:03,844
GEOR20066,Pako Forever,7379,07/19/2025, 09:17:33,844
GEOR20066,Pako Forever,7379,07/19/2025, 10:18:29,844
GEOR20066,Pako Forever,7379,07/19/2025, 11:15:26,844
GEOR20066,Pako Forever,7379,07/19/2025, 12:33:01,844
GEOR20066,Pako Forever,7379,07/19/2025, 13:28:19,844
GEOR20066,Pako Forever,7379,07/19/2025, 14:15:47,844
GEOR20066,Pako Forever,7379,07/19/2025, 15:17:30,844
GEOR20066,Pako Forever,7379,07/19/2025, 16:20:37,844
GEOR20066,Pako Forever,7379,07/19/2025, 18:23:12,844
GEOR20066,Pako Forever,7379,07/19/2025, 19:13:51,844
GEOR20066,Pako Forever,7381,07/19/2025, 20:19:01,844
GEOR20066,Pako Forever,7382,07/19/2025, 21:16:12,844
GEOR20066,Pako Forever,7382,07/19/2025, 22:16:59,844
GEOR20066,Pako Forever,7382,07/19/2025, 23:18:52,844
GEOR20066,Pako Forever,7382,07/20/2025, 01:39:31,844
GEOR20066,Pako Forever,7382,07/20/2025, 03:44:23,844
GEOR20066,Pako Forever,7382,07/20/2025, 04:40:20,844
GEOR20066,Pako Forever,7382,07/20/2025, 05:23:09,844
GEOR20066,Pako Forever,7382,07/20/2025, 06:24:54,844
GEOR20066,Pako Forever,7382,07/20/2025, 07:16:52,844
GEOR20066,Pako Forever,7382,07/20/2025, 08:21:48,844
GEOR20066,Pako Forever,7382,07/20/2025, 09:17:54,844
GEOR20066,Pako Forever,7382,07/20/2025, 10:18:54,844
GEOR20066,Pako Forever,7382,07/20/2025, 11:15:09,844
GEOR20066,Pako Forever,7382,07/20/2025, 12:33:36,844
GEOR20066,Pako Forever,7382,07/20/2025, 13:29:36,844
GEOR20066,Pako Forever,7382,07/20/2025, 14:15:59,844
GEOR20066,Pako Forever,7382,07/20/2025, 15:17:11,844
GEOR20066,Pako Forever,7383,07/20/2025, 16:20:37,844
GEOR20066,Pako Forever,7383,07/20/2025, 17:15:39,844
GEOR20066,Pako Forever,7383,07/20/2025, 18:23:28,844
GEOR20066,Pako Forever,7383,07/20/2025, 19:14:20,844
GEOR20066,Pako Forever,7383,07/20/2025, 21:16:27,844
GEOR20066,Pako Forever,7383,07/20/2025, 22:17:19,844
GEOR20066,Pako Forever,7383,07/20/2025, 23:18:38,844
GEOR20066,Pako Forever,7383,07/21/2025, 01:27:48,844
GEOR20066,Pako Forever,7383,07/21/2025, 04:41:06,844
GEOR20066,Pako Forever,7383,07/21/2025, 05:25:42,844
GEOR20066,Pako Forever,7383,07/21/2025, 06:28:04,844
GEOR20066,Pako Forever,7383,07/21/2025, 07:26:13,844
GEOR20066,Pako Forever,7383,07/21/2025, 08:27:33,844
GEOR20066,Pako Forever,7383,07/21/2025, 09:26:41,844
GEOR20066,Pako Forever,7383,07/21/2025, 10:20:42,844
GEOR20066,Pako Forever,7383,07/21/2025, 11:16:53,844
GEOR20066,Pako Forever,7383,07/21/2025, 12:38:02,844
GEOR20066,Pako Forever,7383,07/21/2025, 13:37:48,844
GEOR20066,Pako Forever,7383,07/21/2025, 14:20:24,844
GEOR20066,Pako Forever,7383,07/21/2025, 15:20:22,844
GEOR20066,Pako Forever,7383,07/21/2025, 16:22:13,844
GEOR20066,Pako Forever,7383,07/21/2025, 17:18:51,844
GEOR20066,Pako Forever,7383,07/21/2025, 18:26:57,844
GEOR20066,Pako Forever,7383,07/21/2025, 19:17:12,844
GEOR20066,Pako Forever,7383,07/21/2025, 20:20:39,844
GEOR20066,Pako Forever,7383,07/21/2025, 21:17:51,844
GEOR20066,Pako Forever,7383,07/21/2025, 22:18:36,844
GEOR20066,Pako Forever,7383,07/21/2025, 23:18:19,844
GEOR20066,Pako Forever,7384,07/22/2025, 01:23:54,844
GEOR20066,Pako Forever,7384,07/22/2025, 03:27:36,844
GEOR20066,Pako Forever,7384,07/22/2025, 04:37:27,844
GEOR20066,Pako Forever,7384,07/22/2025, 05:23:15,844
GEOR20066,Pako Forever,7384,07/22/2025, 06:26:55,844
GEOR20066,Pako Forever,7385,07/22/2025, 07:21:50,844
GEOR20066,Pako Forever,7385,07/22/2025, 08:25:39,844
GEOR20066,Pako Forever,7385,07/22/2025, 09:23:19,844
GEOR20066,Pako Forever,7385,07/22/2025, 10:20:21,844
GEOR20066,Pako Forever,7385,07/22/2025, 11:16:07,844
GEOR20066,Pako Forever,7386,07/22/2025, 12:37:06,844
GEOR20066,Pako Forever,7386,07/22/2025, 13:36:49,844
GEOR20066,Pako Forever,7386,07/22/2025, 14:19:50,844
GEOR20066,Pako Forever,7386,07/22/2025, 15:20:15,844
GEOR20066,Pako Forever,7386,07/22/2025, 16:23:01,844
GEOR20066,Pako Forever,7386,07/22/2025, 17:19:07,844
GEOR20066,Pako Forever,7386,07/22/2025, 18:26:08,844
GEOR20066,Pako Forever,7386,07/22/2025, 19:17:18,844
GEOR20066,Pako Forever,7387,07/22/2025, 21:17:29,844
GEOR20066,Pako Forever,7388,07/22/2025, 22:17:45,844
GEOR20066,Pako Forever,7388,07/22/2025, 23:18:04,844
GEOR20066,Pako Forever,7389,07/23/2025, 01:24:43,844
GEOR20066,Pako Forever,7389,07/23/2025, 03:29:36,844
GEOR20066,Pako Forever,7389,07/23/2025, 05:26:16,844
GEOR20066,Pako Forever,7389,07/23/2025, 06:28:05,844
GEOR20066,Pako Forever,7389,07/23/2025, 08:25:26,844
GEOR20066,Pako Forever,7390,07/23/2025, 10:20:24,844
GEOR20066,Pako Forever,7390,07/23/2025, 11:16:31,844
GEOR20066,Pako Forever,7390,07/23/2025, 12:37:39,844
GEOR20066,Pako Forever,7390,07/23/2025, 13:37:31,844
GEOR20066,Pako Forever,7390,07/23/2025, 14:20:25,844
GEOR20066,Pako Forever,7390,07/23/2025, 15:20:37,844
GEOR20066,Pako Forever,7390,07/23/2025, 16:23:09,844
GEOR20066,Pako Forever,7391,07/23/2025, 17:20:19,844
GEOR20066,Pako Forever,7391,07/23/2025, 18:26:13,844
GEOR20066,Pako Forever,7391,07/23/2025, 19:16:49,844
GEOR20066,Pako Forever,7391,07/23/2025, 20:20:35,844
GEOR20066,Pako Forever,7391,07/23/2025, 21:18:16,844
GEOR20066,Pako Forever,7392,07/23/2025, 22:18:10,844
GEOR20066,Pako Forever,7392,07/23/2025, 23:18:55,844
GEOR20066,Pako Forever,7392,07/24/2025, 01:24:03,844
GEOR20066,Pako Forever,7392,07/24/2025, 03:27:52,844
GEOR20066,Pako Forever,7392,07/24/2025, 04:37:54,844
GEOR20066,Pako Forever,7392,07/24/2025, 05:24:17,844
GEOR20066,Pako Forever,7392,07/24/2025, 07:22:01,844
GEOR20066,Pako Forever,7392,07/24/2025, 09:22:51,844
GEOR20066,Pako Forever,7392,07/24/2025, 10:20:14,844
GEOR20066,Pako Forever,7392,07/24/2025, 11:16:55,844
GEOR20066,Pako Forever,7394,07/24/2025, 12:37:22,844
GEOR20066,Pako Forever,7395,07/24/2025, 13:37:38,844
GEOR20066,Pako Forever,7396,07/24/2025, 14:20:06,844
GEOR20066,Pako Forever,7397,07/24/2025, 15:18:34,844
GEOR20066,Pako Forever,7397,07/24/2025, 16:20:56,844
GEOR20066,Pako Forever,7397,07/24/2025, 17:17:36,844
GEOR20066,Pako Forever,7397,07/24/2025, 18:26:13,844
GEOR20066,Pako Forever,7399,07/24/2025, 20:19:17,844
GEOR20066,Pako Forever,7399,07/24/2025, 21:18:15,844
GEOR20066,Pako Forever,7399,07/24/2025, 22:18:36,844
GEOR20066,Pako Forever,7399,07/24/2025, 23:18:40,844
GEOR20066,Pako Forever,7399,07/25/2025, 01:23:42,844
GEOR20066,Pako Forever,7399,07/25/2025, 03:27:58,844
GEOR20066,Pako Forever,7399,07/25/2025, 04:37:41,844
GEOR20066,Pako Forever,7399,07/25/2025, 05:25:38,844
GEOR20066,Pako Forever,7399,07/25/2025, 06:27:39,844
GEOR20066,Pako Forever,7399,07/25/2025, 08:24:13,844
GEOR20066,Pako Forever,7400,07/25/2025, 10:20:27,844
GEOR20066,Pako Forever,7401,07/25/2025, 11:16:55,844
GEOR20066,Pako Forever,7401,07/25/2025, 12:36:48,844
GEOR20066,Pako Forever,7401,07/25/2025, 13:36:10,844
GEOR20066,Pako Forever,7401,07/25/2025, 15:19:42,844
GEOR20066,Pako Forever,7401,07/25/2025, 17:18:47,844
GEOR20066,Pako Forever,7401,07/25/2025, 18:25:34,844
GEOR20066,Pako Forever,7401,07/25/2025, 19:16:40,844
GEOR20066,Pako Forever,7401,07/25/2025, 20:20:15,844
GEOR20066,Pako Forever,7401,07/25/2025, 21:17:27,844
GEOR20066,Pako Forever,7401,07/25/2025, 23:18:27,844
GEOR20066,Pako Forever,7401,07/26/2025, 01:21:47,844
GEOR20066,Pako Forever,7401,07/26/2025, 03:24:46,844
GEOR20066,Pako Forever,7401,07/26/2025, 04:34:42,844
GEOR20066,Pako Forever,7401,07/26/2025, 05:21:11,844
GEOR20066,Pako Forever,7401,07/26/2025, 06:25:08,844
GEOR20066,Pako Forever,7401,07/26/2025, 07:17:46,844
GEOR20066,Pako Forever,7401,07/26/2025, 08:22:16,844
GEOR20066,Pako Forever,7401,07/26/2025, 09:17:53,844
GEOR20066,Pako Forever,7401,07/26/2025, 10:18:20,844
GEOR20066,Pako Forever,7402,07/26/2025, 11:15:20,844
GEOR20066,Pako Forever,7402,07/26/2025, 12:33:28,844
GEOR20066,Pako Forever,7402,07/26/2025, 13:29:18,844
GEOR20066,Pako Forever,7402,07/26/2025, 14:16:25,844
GEOR20066,Pako Forever,7402,07/26/2025, 15:17:47,844
GEOR20066,Pako Forever,7403,07/26/2025, 16:20:34,844
GEOR20066,Pako Forever,7404,07/26/2025, 17:16:37,844
GEOR20066,Pako Forever,7405,07/26/2025, 18:23:39,844
GEOR20066,Pako Forever,7405,07/26/2025, 19:14:07,844
GEOR20066,Pako Forever,7405,07/26/2025, 20:18:56,844
GEOR20066,Pako Forever,7406,07/26/2025, 21:16:37,844
GEOR20066,Pako Forever,7406,07/26/2025, 22:17:07,844
GEOR20066,Pako Forever,7406,07/26/2025, 23:17:27,844
GEOR20066,Pako Forever,7406,07/27/2025, 03:45:50,844
GEOR20066,Pako Forever,7407,07/27/2025, 04:41:46,844
GEOR20066,Pako Forever,7407,07/27/2025, 05:24:12,844
GEOR20066,Pako Forever,7407,07/27/2025, 06:25:44,844
GEOR20066,Pako Forever,7407,07/27/2025, 07:17:26,844
GEOR20066,Pako Forever,7407,07/27/2025, 08:22:17,844
GEOR20066,Pako Forever,7407,07/27/2025, 09:18:48,844
GEOR20066,Pako Forever,7407,07/27/2025, 10:18:32,844
GEOR20066,Pako Forever,7407,07/27/2025, 11:14:58,844
GEOR20066,Pako Forever,7407,07/27/2025, 12:34:20,844
GEOR20066,Pako Forever,7407,07/27/2025, 13:29:51,844
GEOR20066,Pako Forever,7407,07/27/2025, 14:16:13,844
GEOR20066,Pako Forever,7407,07/27/2025, 15:17:46,844
GEOR20066,Pako Forever,7407,07/27/2025, 16:21:09,844
GEOR20066,Pako Forever,7407,07/27/2025, 17:15:24,844
GEOR20066,Pako Forever,7407,07/27/2025, 18:23:40,844
GEOR20066,Pako Forever,7407,07/27/2025, 21:16:51,844
GEOR20066,Pako Forever,7408,07/27/2025, 22:17:56,844
GEOR20066,Pako Forever,7408,07/27/2025, 23:18:23,844
GEOR20066,Pako Forever,7409,07/28/2025, 01:29:06,844
GEOR20066,Pako Forever,7410,07/28/2025, 03:44:20,844
GEOR20066,Pako Forever,7410,07/28/2025, 04:43:44,844
GEOR20066,Pako Forever,7411,07/28/2025, 06:29:18,844
GEOR20066,Pako Forever,7411,07/28/2025, 07:24:06,844
GEOR20066,Pako Forever,7411,07/28/2025, 08:27:27,844
GEOR20066,Pako Forever,7411,07/28/2025, 10:20:46,844
GEOR20066,Pako Forever,7411,07/28/2025, 11:16:43,844
GEOR20066,Pako Forever,7412,07/28/2025, 12:38:15,844
GEOR20066,Pako Forever,7412,07/28/2025, 13:38:14,844
GEOR20066,Pako Forever,7412,07/28/2025, 14:21:02,844
GEOR20066,Pako Forever,7412,07/28/2025, 15:20:30,844
GEOR20066,Pako Forever,7413,07/28/2025, 16:23:37,844
GEOR20066,Pako Forever,7413,07/28/2025, 17:20:58,844
GEOR20066,Pako Forever,7413,07/28/2025, 18:27:28,844
GEOR20066,Pako Forever,7413,07/28/2025, 19:18:11,844
GEOR20066,Pako Forever,7413,07/28/2025, 20:20:56,844
GEOR20066,Pako Forever,7413,07/28/2025, 21:17:55,844
GEOR20066,Pako Forever,7413,07/28/2025, 22:18:40,844
GEOR20066,Pako Forever,7413,07/28/2025, 23:18:49,844
GEOR20066,Pako Forever,7413,07/29/2025, 01:43:41,844
GEOR20066,Pako Forever,7413,07/29/2025, 03:48:20,844
GEOR20066,Pako Forever,7413,07/29/2025, 04:45:07,844
GEOR20066,Pako Forever,7413,07/29/2025, 05:26:33,844
GEOR20066,Pako Forever,7413,07/29/2025, 06:28:18,844
GEOR20066,Pako Forever,7413,07/29/2025, 07:23:01,844
GEOR20066,Pako Forever,7413,07/29/2025, 08:25:43,844
GEOR20066,Pako Forever,7413,07/29/2025, 09:24:25,844
GEOR20066,Pako Forever,7414,07/29/2025, 12:38:40,844
GEOR20066,Pako Forever,7414,07/29/2025, 13:39:52,844
GEOR20066,Pako Forever,7415,07/29/2025, 14:22:22,844
GEOR20066,Pako Forever,7415,07/29/2025, 16:22:09,844
GEOR20066,Pako Forever,7415,07/29/2025, 17:21:11,844
GEOR20066,Pako Forever,7416,07/29/2025, 18:27:40,844
GEOR20066,Pako Forever,7416,07/29/2025, 19:19:45,844
GEOR20066,Pako Forever,7416,07/29/2025, 20:21:13,844
GEOR20066,Pako Forever,7416,07/29/2025, 21:18:19,844
GEOR20066,Pako Forever,7417,07/29/2025, 22:18:29,844
GEOR20066,Pako Forever,7417,07/29/2025, 23:18:28,844
GEOR20066,Pako Forever,7417,07/30/2025, 01:25:44,844
GEOR20066,Pako Forever,7417,07/30/2025, 03:41:56,844
GEOR20066,Pako Forever,7417,07/30/2025, 04:41:30,844
GEOR20066,Pako Forever,7417,07/30/2025, 05:27:41,844
GEOR20066,Pako Forever,7417,07/30/2025, 07:23:18,844
GEOR20066,Pako Forever,7417,07/30/2025, 08:25:06,844
GEOR20066,Pako Forever,7417,07/30/2025, 09:25:53,844
GEOR20066,Pako Forever,7418,07/30/2025, 10:20:35,844
GEOR20066,Pako Forever,7418,07/30/2025, 11:17:19,844
GEOR20066,Pako Forever,7418,07/30/2025, 12:38:21,844
GEOR20066,Pako Forever,7419,07/30/2025, 14:19:39,844
GEOR20066,Pako Forever,7419,07/30/2025, 15:20:06,844
GEOR20066,Pako Forever,7419,07/30/2025, 16:23:00,844
GEOR20066,Pako Forever,7419,07/30/2025, 17:19:32,844
GEOR20066,Pako Forever,7419,07/30/2025, 18:26:42,844
GEOR20066,Pako Forever,7419,07/30/2025, 19:18:01,844
GEOR20066,Pako Forever,7419,07/30/2025, 20:19:23,844
GEOR20066,Pako Forever,7419,07/30/2025, 21:18:16,844
GEOR20066,Pako Forever,7419,07/30/2025, 22:18:34,844
GEOR20066,Pako Forever,7419,07/30/2025, 23:18:29,844
GEOR20066,Pako Forever,7420,07/31/2025, 01:25:32,844
GEOR20066,Pako Forever,7420,07/31/2025, 03:40:24,844
GEOR20066,Pako Forever,7421,07/31/2025, 04:40:07,844
GEOR20066,Pako Forever,7421,07/31/2025, 05:25:32,844
GEOR20066,Pako Forever,7421,07/31/2025, 06:28:32,844
GEOR20066,Pako Forever,7421,07/31/2025, 07:22:59,844
GEOR20066,Pako Forever,7421,07/31/2025, 08:25:48,844
GEOR20066,Pako Forever,7421,07/31/2025, 09:24:35,844
GEOR20066,Pako Forever,7421,07/31/2025, 10:20:09,844
GEOR20066,Pako Forever,7421,07/31/2025, 11:16:48,844
GEOR20066,Pako Forever,7421,07/31/2025, 13:37:31,844
GEOR20066,Pako Forever,7422,07/31/2025, 14:20:25,844
GEOR20066,Pako Forever,7422,07/31/2025, 15:20:07,844
GEOR20066,Pako Forever,7422,07/31/2025, 16:23:22,844
GEOR20066,Pako Forever,7422,07/31/2025, 17:19:07,844
GEOR20066,Pako Forever,7422,07/31/2025, 18:27:11,844
GEOR20066,Pako Forever,7423,07/31/2025, 19:18:14,844
GEOR20066,Pako Forever,7423,07/31/2025, 20:20:36,844
GEOR20066,Pako Forever,7423,07/31/2025, 21:17:51,844
GEOR20066,Pako Forever,7423,07/31/2025, 23:18:14,844
GEOR20066,Pako Forever,7423,08/01/2025, 01:43:44,844
GEOR20066,Pako Forever,7423,08/01/2025, 03:54:19,844
GEOR20066,Pako Forever,7423,08/01/2025, 04:52:42,844
GEOR20066,Pako Forever,7423,08/01/2025, 05:30:06,844
GEOR20066,Pako Forever,7423,08/01/2025, 06:29:30,844
GEOR20066,Pako Forever,7423,08/01/2025, 07:24:17,844
GEOR20066,Pako Forever,7423,08/01/2025, 08:25:13,844
GEOR20066,Pako Forever,7423,08/01/2025, 09:24:04,844
GEOR20066,Pako Forever,7423,08/01/2025, 10:20:35,844
GEOR20066,Pako Forever,7423,08/01/2025, 11:16:43,844
GEOR20066,Pako Forever,7423,08/01/2025, 12:37:09,844
GEOR20066,Pako Forever,7423,08/01/2025, 13:36:39,844
GEOR20066,Pako Forever,7424,08/01/2025, 14:20:32,844
GEOR20066,Pako Forever,7424,08/01/2025, 15:20:01,844
GEOR20066,Pako Forever,7425,08/01/2025, 16:23:17,844
GEOR20066,Pako Forever,7426,08/01/2025, 17:19:57,844
GEOR20066,Pako Forever,7426,08/01/2025, 18:25:49,844
GEOR20066,Pako Forever,7427,08/01/2025, 19:17:33,844
GEOR20066,Pako Forever,7427,08/01/2025, 20:20:39,844
GEOR20066,Pako Forever,7427,08/01/2025, 21:17:58,844
GEOR20066,Pako Forever,7427,08/01/2025, 22:18:33,844
GEOR20066,Pako Forever,7427,08/01/2025, 23:18:22,844
GEOR20066,Pako Forever,7427,08/02/2025, 01:22:06,844
GEOR20066,Pako Forever,7428,08/02/2025, 03:24:36,844
GEOR20066,Pako Forever,7428,08/02/2025, 04:33:59,844
GEOR20066,Pako Forever,7428,08/02/2025, 06:24:33,844
GEOR20066,Pako Forever,7430,08/02/2025, 07:17:23,844
GEOR20066,Pako Forever,7430,08/02/2025, 08:21:59,844
GEOR20066,Pako Forever,7431,08/02/2025, 09:20:06,844
GEOR20066,Pako Forever,7431,08/02/2025, 10:18:43,844
GEOR20066,Pako Forever,7431,08/02/2025, 11:15:35,844
GEOR20066,Pako Forever,7431,08/02/2025, 12:33:51,844
GEOR20066,Pako Forever,7432,08/02/2025, 13:29:34,844
GEOR20066,Pako Forever,7433,08/02/2025, 15:18:10,844
GEOR20066,Pako Forever,7433,08/02/2025, 16:20:55,844
GEOR20066,Pako Forever,7434,08/02/2025, 17:15:46,844
GEOR20066,Pako Forever,7434,08/02/2025, 18:24:39,844
GEOR20066,Pako Forever,7434,08/02/2025, 19:14:13,844
GEOR20066,Pako Forever,7434,08/02/2025, 20:18:57,844
GEOR20066,Pako Forever,7434,08/02/2025, 22:17:14,844
GEOR20066,Pako Forever,7434,08/02/2025, 23:18:50,844
GEOR20066,Pako Forever,7435,08/03/2025, 01:41:45,844
GEOR20066,Pako Forever,7435,08/03/2025, 03:49:21,844
GEOR20066,Pako Forever,7435,08/03/2025, 04:46:09,844
GEOR20066,Pako Forever,7435,08/03/2025, 05:25:46,844
GEOR20066,Pako Forever,7435,08/03/2025, 06:24:53,844
GEOR20066,Pako Forever,7435,08/03/2025, 07:17:24,844
GEOR20066,Pako Forever,7435,08/03/2025, 08:22:27,844
GEOR20066,Pako Forever,7435,08/03/2025, 09:18:30,844
GEOR20066,Pako Forever,7435,08/03/2025, 10:18:23,844
GEOR20066,Pako Forever,7435,08/03/2025, 11:16:07,844
GEOR20066,Pako Forever,7435,08/03/2025, 12:35:21,844
GEOR20066,Pako Forever,7435,08/03/2025, 13:31:22,844
GEOR20066,Pako Forever,7436,08/03/2025, 14:16:12,844
GEOR20066,Pako Forever,7436,08/03/2025, 15:18:02,844
GEOR20066,Pako Forever,7436,08/03/2025, 17:16:57,844
GEOR20066,Pako Forever,7436,08/03/2025, 18:24:59,844
GEOR20066,Pako Forever,7436,08/03/2025, 19:15:40,844
GEOR20066,Pako Forever,7436,08/03/2025, 20:20:15,844
GEOR20066,Pako Forever,7436,08/03/2025, 21:17:33,844
GEOR20066,Pako Forever,7436,08/03/2025, 22:18:03,844
GEOR20066,Pako Forever,7438,08/03/2025, 23:18:23,844
GEOR20066,Pako Forever,7438,08/04/2025, 01:41:22,844
GEOR20066,Pako Forever,7438,08/04/2025, 03:54:20,844
GEOR20066,Pako Forever,7438,08/04/2025, 04:55:47,844
GEOR20066,Pako Forever,7438,08/04/2025, 05:35:53,844
GEOR20066,Pako Forever,7438,08/04/2025, 06:34:26,844
GEOR20066,Pako Forever,7438,08/04/2025, 07:27:29,844
GEOR20066,Pako Forever,7438,08/04/2025, 08:27:13,844
GEOR20066,Pako Forever,7438,08/04/2025, 09:29:35,844
GEOR20066,Pako Forever,7438,08/04/2025, 10:22:04,844
GEOR20066,Pako Forever,7438,08/04/2025, 11:17:33,844
GEOR20066,Pako Forever,7438,08/04/2025, 12:39:17,844
GEOR20066,Pako Forever,7438,08/04/2025, 13:40:43,844
GEOR20066,Pako Forever,7438,08/04/2025, 14:23:21,844
GEOR20066,Pako Forever,7438,08/04/2025, 15:20:56,844
GEOR20066,Pako Forever,7439,08/04/2025, 16:24:43,844
GEOR20066,Pako Forever,7439,08/04/2025, 17:23:06,844
GEOR20066,Pako Forever,7440,08/04/2025, 18:28:05,844
GEOR20066,Pako Forever,7441,08/04/2025, 19:19:21,844
GEOR20066,Pako Forever,7442,08/04/2025, 20:21:08,844
GEOR20066,Pako Forever,7442,08/04/2025, 21:18:29,844
GEOR20066,Pako Forever,7442,08/04/2025, 22:19:00,844
GEOR20066,Pako Forever,7443,08/04/2025, 23:18:42,844
GEOR20066,Pako Forever,7443,08/05/2025, 01:27:23,844
GEOR20066,Pako Forever,7443,08/05/2025, 03:46:02,844
GEOR20066,Pako Forever,7443,08/05/2025, 04:45:15,844
GEOR20066,Pako Forever,7443,08/05/2025, 05:27:28,844
GEOR20066,Pako Forever,7443,08/05/2025, 06:30:00,844
GEOR20066,Pako Forever,7443,08/05/2025, 07:24:31,844
GEOR20066,Pako Forever,7443,08/05/2025, 08:26:04,844
GEOR20066,Pako Forever,7443,08/05/2025, 09:25:35,844
GEOR20066,Pako Forever,7443,08/05/2025, 10:21:06,844
GEOR20066,Pako Forever,7443,08/05/2025, 11:17:32,844
GEOR20066,Pako Forever,7443,08/05/2025, 12:39:18,844
GEOR20066,Pako Forever,7444,08/05/2025, 13:40:37,844
GEOR20066,Pako Forever,7444,08/05/2025, 14:23:26,844
GEOR20066,Pako Forever,7444,08/05/2025, 15:22:01,844
GEOR20066,Pako Forever,7444,08/05/2025, 16:20:23,844
GEOR20066,Pako Forever,7444,08/05/2025, 17:17:54,844
GEOR20066,Pako Forever,7444,08/05/2025, 18:29:01,844
GEOR20066,Pako Forever,7444,08/05/2025, 19:20:42,844
GEOR20066,Pako Forever,7444,08/05/2025, 20:19:34,844
GEOR20066,Pako Forever,7444,08/05/2025, 21:18:33,844
GEOR20066,Pako Forever,7445,08/05/2025, 22:19:36,844
GEOR20066,Pako Forever,7445,08/05/2025, 23:18:37,844
GEOR20066,Pako Forever,7446,08/06/2025, 01:25:41,844
GEOR20066,Pako Forever,7447,08/06/2025, 03:43:08,844
GEOR20066,Pako Forever,7447,08/06/2025, 04:42:43,844
GEOR20066,Pako Forever,7447,08/06/2025, 05:28:57,844
GEOR20066,Pako Forever,7448,08/06/2025, 06:29:58,844
GEOR20066,Pako Forever,7448,08/06/2025, 07:24:09,844
GEOR20066,Pako Forever,7448,08/06/2025, 08:25:41,844
GEOR20066,Pako Forever,7448,08/06/2025, 09:26:13,844
GEOR20066,Pako Forever,7448,08/06/2025, 10:20:51,844
GEOR20066,Pako Forever,7448,08/06/2025, 11:17:29,844
GEOR20066,Pako Forever,7448,08/06/2025, 12:39:21,844
GEOR20066,Pako Forever,7448,08/06/2025, 13:41:20,844
GEOR20066,Pako Forever,7448,08/06/2025, 14:22:06,844
GEOR20066,Pako Forever,7449,08/06/2025, 15:21:11,844
GEOR20066,Pako Forever,7449,08/06/2025, 16:24:09,844
GEOR20066,Pako Forever,7450,08/06/2025, 17:21:20,844
GEOR20066,Pako Forever,7450,08/06/2025, 18:27:18,844
GEOR20066,Pako Forever,7450,08/06/2025, 19:18:12,844
GEOR20066,Pako Forever,7450,08/06/2025, 20:20:43,844
GEOR20066,Pako Forever,7451,08/06/2025, 21:16:26,844
GEOR20066,Pako Forever,7451,08/06/2025, 22:19:33,844
GEOR20066,Pako Forever,7451,08/06/2025, 23:19:17,844
GEOR20066,Pako Forever,7451,08/07/2025, 01:26:17,844
GEOR20066,Pako Forever,7451,08/07/2025, 03:43:00,844
GEOR20066,Pako Forever,7451,08/07/2025, 04:42:18,844
GEOR20066,Pako Forever,7451,08/07/2025, 05:27:21,844
GEOR20066,Pako Forever,7452,08/07/2025, 06:29:10,844
GEOR20066,Pako Forever,7452,08/07/2025, 07:24:07,844
GEOR20066,Pako Forever,7452,08/07/2025, 08:25:35,844
GEOR20066,Pako Forever,7452,08/07/2025, 09:24:56,844
GEOR20066,Pako Forever,7452,08/07/2025, 11:17:43,844
GEOR20066,Pako Forever,7452,08/07/2025, 12:38:35,844
GEOR20066,Pako Forever,7452,08/07/2025, 13:39:28,844
GEOR20066,Pako Forever,7453,08/07/2025, 14:22:12,844
GEOR20066,Pako Forever,7453,08/07/2025, 15:21:05,844
GEOR20066,Pako Forever,7453,08/07/2025, 16:24:17,844
GEOR20066,Pako Forever,7453,08/07/2025, 17:20:26,844
GEOR20066,Pako Forever,7453,08/07/2025, 18:28:29,844
GEOR20066,Pako Forever,7453,08/07/2025, 20:20:32,844
GEOR20066,Pako Forever,7453,08/07/2025, 22:19:01,844
GEOR20066,Pako Forever,7453,08/07/2025, 23:19:05,844
GEOR20066,Pako Forever,7453,08/08/2025, 01:25:52,844
GEOR20066,Pako Forever,7454,08/08/2025, 03:42:42,844
GEOR20066,Pako Forever,7454,08/08/2025, 04:42:25,844
GEOR20066,Pako Forever,7454,08/08/2025, 05:27:22,844
GEOR20066,Pako Forever,7454,08/08/2025, 06:29:10,844
GEOR20066,Pako Forever,7454,08/08/2025, 07:24:04,844
GEOR20066,Pako Forever,7454,08/08/2025, 08:25:50,844
GEOR20066,Pako Forever,7454,08/08/2025, 09:24:47,844
GEOR20066,Pako Forever,7457,08/08/2025, 11:16:45,844
GEOR20066,Pako Forever,7457,08/08/2025, 12:37:47,844
GEOR20066,Pako Forever,7457,08/08/2025, 13:37:47,844
GEOR20066,Pako Forever,7457,08/08/2025, 14:20:40,844
GEOR20066,Pako Forever,7457,08/08/2025, 15:19:36,844
GEOR20066,Pako Forever,7457,08/08/2025, 16:21:18,844
GEOR20066,Pako Forever,7458,08/08/2025, 17:14:30,844
GEOR20066,Pako Forever,7458,08/08/2025, 18:24:35,844
GEOR20066,Pako Forever,7458,08/08/2025, 19:15:23,844
GEOR20066,Pako Forever,7458,08/08/2025, 20:19:53,844
GEOR20066,Pako Forever,7458,08/08/2025, 21:17:07,844
GEOR20066,Pako Forever,7460,08/08/2025, 22:17:31,844
GEOR20066,Pako Forever,7460,08/08/2025, 23:17:41,844
GEOR20066,Pako Forever,7460,08/09/2025, 01:19:27,844
GEOR20066,Pako Forever,7460,08/09/2025, 03:18:43,844
GEOR20066,Pako Forever,7460,08/09/2025, 04:27:35,844
GEOR20066,Pako Forever,7460,08/09/2025, 05:17:49,844
GEOR20066,Pako Forever,7462,08/09/2025, 07:16:28,844
GEOR20066,Pako Forever,7462,08/09/2025, 08:21:56,844
GEOR20066,Pako Forever,7462,08/09/2025, 09:17:39,844
GEOR20066,Pako Forever,7462,08/09/2025, 10:17:30,844
GEOR20066,Pako Forever,7462,08/09/2025, 11:15:14,844
GEOR20066,Pako Forever,7463,08/09/2025, 12:33:20,844
GEOR20066,Pako Forever,7463,08/09/2025, 13:27:53,844
GEOR20066,Pako Forever,7463,08/09/2025, 14:16:31,844
GEOR20066,Pako Forever,7463,08/09/2025, 15:17:24,844
GEOR20066,Pako Forever,7464,08/09/2025, 16:20:35,844
GEOR20066,Pako Forever,7465,08/09/2025, 17:15:06,844
GEOR20066,Pako Forever,7465,08/09/2025, 18:23:29,844
GEOR20066,Pako Forever,7465,08/09/2025, 19:13:34,844
GEOR20066,Pako Forever,7465,08/09/2025, 20:18:37,844
GEOR20066,Pako Forever,7465,08/09/2025, 21:16:18,844
GEOR20066,Pako Forever,7465,08/09/2025, 22:17:06,844
GEOR20066,Pako Forever,7465,08/09/2025, 23:16:57,844
GEOR20066,Pako Forever,7465,08/10/2025, 01:30:10,844
GEOR20066,Pako Forever,7465,08/10/2025, 04:38:48,844
GEOR20066,Pako Forever,7465,08/10/2025, 06:25:10,844
GEOR20066,Pako Forever,7465,08/10/2025, 07:16:21,844
GEOR20066,Pako Forever,7466,08/10/2025, 08:21:56,844
GEOR20066,Pako Forever,7466,08/10/2025, 09:17:46,844
GEOR20066,Pako Forever,7466,08/10/2025, 10:18:14,844
GEOR20066,Pako Forever,7466,08/10/2025, 11:14:55,844
GEOR20066,Pako Forever,7466,08/10/2025, 12:33:42,844
GEOR20066,Pako Forever,7466,08/10/2025, 14:16:15,844
GEOR20066,Pako Forever,7466,08/10/2025, 15:17:25,844
GEOR20066,Pako Forever,7466,08/10/2025, 16:20:57,844
GEOR20066,Pako Forever,7466,08/10/2025, 17:15:00,844
GEOR20066,Pako Forever,7466,08/10/2025, 18:22:58,844
GEOR20066,Pako Forever,7466,08/10/2025, 19:14:03,844
GEOR20066,Pako Forever,7466,08/10/2025, 20:19:30,844
GEOR20066,Pako Forever,7466,08/10/2025, 21:16:19,844
GEOR20066,Pako Forever,7466,08/10/2025, 22:16:46,844
GEOR20066,Pako Forever,7467,08/10/2025, 23:17:02,844
GEOR20066,Pako Forever,7468,08/11/2025, 01:26:32,844
GEOR20066,Pako Forever,7469,08/11/2025, 03:41:48,844
GEOR20066,Pako Forever,7469,08/11/2025, 04:41:23,844
GEOR20066,Pako Forever,7469,08/11/2025, 05:26:09,844
GEOR20066,Pako Forever,7469,08/11/2025, 06:28:54,844
GEOR20066,Pako Forever,7469,08/11/2025, 07:23:21,844
GEOR20066,Pako Forever,7469,08/11/2025, 08:26:50,844
GEOR20066,Pako Forever,7469,08/11/2025, 10:20:50,844
GEOR20066,Pako Forever,7469,08/11/2025, 11:17:00,844
GEOR20066,Pako Forever,7469,08/11/2025, 12:37:58,844
GEOR20066,Pako Forever,7470,08/11/2025, 13:36:51,844
GEOR20066,Pako Forever,7470,08/11/2025, 14:20:11,844
GEOR20066,Pako Forever,7471,08/11/2025, 15:19:54,844
GEOR20066,Pako Forever,7471,08/11/2025, 16:22:42,844
GEOR20066,Pako Forever,7471,08/11/2025, 17:19:04,844
GEOR20066,Pako Forever,7471,08/11/2025, 18:27:00,844
GEOR20066,Pako Forever,7471,08/11/2025, 19:17:13,844
GEOR20066,Pako Forever,7472,08/11/2025, 20:18:42,844
GEOR20066,Pako Forever,7472,08/11/2025, 21:17:08,844
GEOR20066,Pako Forever,7472,08/11/2025, 22:17:09,844
GEOR20066,Pako Forever,7472,08/11/2025, 23:16:52,844
GEOR20066,Pako Forever,7472,08/12/2025, 01:18:35,844
GEOR20066,Pako Forever,7472,08/12/2025, 03:15:53,844
GEOR20066,Pako Forever,7473,08/12/2025, 04:26:14,844
GEOR20066,Pako Forever,7473,08/12/2025, 06:26:54,844
GEOR20066,Pako Forever,7473,08/12/2025, 07:18:54,844
GEOR20066,Pako Forever,7473,08/12/2025, 08:23:48,844
GEOR20066,Pako Forever,7473,08/12/2025, 09:20:31,844
GEOR20066,Pako Forever,7473,08/12/2025, 10:19:51,844
GEOR20066,Pako Forever,7473,08/12/2025, 11:16:20,844
GEOR20066,Pako Forever,7473,08/12/2025, 12:35:44,844
GEOR20066,Pako Forever,7474,08/12/2025, 13:33:13,844
GEOR20066,Pako Forever,7474,08/12/2025, 15:19:33,844
GEOR20066,Pako Forever,7474,08/12/2025, 16:22:31,844
GEOR20066,Pako Forever,7474,08/12/2025, 17:17:34,844
GEOR20066,Pako Forever,7474,08/12/2025, 18:26:48,844
GEOR20066,Pako Forever,7474,08/12/2025, 19:15:12,844
GEOR20066,Pako Forever,7474,08/12/2025, 20:20:29,844
GEOR20066,Pako Forever,7474,08/12/2025, 21:17:09,844
GEOR20066,Pako Forever,7474,08/12/2025, 22:16:52,844
GEOR20066,Pako Forever,7475,08/13/2025, 01:19:51,844
GEOR20066,Pako Forever,7476,08/13/2025, 03:18:51,844
GEOR20066,Pako Forever,7476,08/13/2025, 04:28:40,844
GEOR20066,Pako Forever,7476,08/13/2025, 05:19:14,844
GEOR20066,Pako Forever,7476,08/13/2025, 06:27:10,844
GEOR20066,Pako Forever,7476,08/13/2025, 07:19:39,844
GEOR20066,Pako Forever,7476,08/13/2025, 08:23:54,844
GEOR20066,Pako Forever,7476,08/13/2025, 09:20:57,844
GEOR20066,Pako Forever,7476,08/13/2025, 10:19:49,844
GEOR20066,Pako Forever,7477,08/13/2025, 11:16:39,844
GEOR20066,Pako Forever,7477,08/13/2025, 12:36:21,844
GEOR20066,Pako Forever,7477,08/13/2025, 13:34:06,844
GEOR20066,Pako Forever,7478,08/13/2025, 14:18:29,844
GEOR20066,Pako Forever,7479,08/13/2025, 15:15:50,844
GEOR20066,Pako Forever,7479,08/13/2025, 16:19:17,844
GEOR20066,Pako Forever,7479,08/13/2025, 17:14:56,844
GEOR20066,Pako Forever,7479,08/13/2025, 18:25:05,844
GEOR20066,Pako Forever,7479,08/13/2025, 19:14:56,844
GEOR20066,Pako Forever,7479,08/13/2025, 20:19:21,844
GEOR20066,Pako Forever,7479,08/13/2025, 21:16:57,844
GEOR20066,Pako Forever,7479,08/13/2025, 22:17:54,844
GEOR20066,Pako Forever,7479,08/13/2025, 23:17:12,844
GEOR20066,Pako Forever,7479,08/14/2025, 01:20:20,844
GEOR20066,Pako Forever,7481,08/14/2025, 03:19:02,844
GEOR20066,Pako Forever,7481,08/14/2025, 04:28:33,844
GEOR20066,Pako Forever,7481,08/14/2025, 05:19:09,844
GEOR20066,Pako Forever,7481,08/14/2025, 06:27:41,844
GEOR20066,Pako Forever,7481,08/14/2025, 07:19:39,844
GEOR20066,Pako Forever,7481,08/14/2025, 08:24:34,844
GEOR20066,Pako Forever,7481,08/14/2025, 09:21:11,844
GEOR20066,Pako Forever,7481,08/14/2025, 10:20:16,844
GEOR20066,Pako Forever,7481,08/14/2025, 11:16:11,844
GEOR20066,Pako Forever,7481,08/14/2025, 12:36:57,844
GEOR20066,Pako Forever,7481,08/14/2025, 13:34:36,844
GEOR20066,Pako Forever,7481,08/14/2025, 14:18:19,844
GEOR20066,Pako Forever,7481,08/14/2025, 15:19:18,844
GEOR20066,Pako Forever,7481,08/14/2025, 16:22:52,844
GEOR20066,Pako Forever,7481,08/14/2025, 17:16:45,844
GEOR20066,Pako Forever,7481,08/14/2025, 18:25:48,844
GEOR20066,Pako Forever,7481,08/14/2025, 19:15:40,844
GEOR20066,Pako Forever,7481,08/14/2025, 20:20:11,844
GEOR20066,Pako Forever,7481,08/14/2025, 21:17:09,844
GEOR20066,Pako Forever,7481,08/14/2025, 22:16:53,844
GEOR20066,Pako Forever,7481,08/14/2025, 23:17:07,844
GEOR20066,Pako Forever,7481,08/15/2025, 01:20:56,844
GEOR20066,Pako Forever,7482,08/15/2025, 03:20:13,844
GEOR20066,Pako Forever,7482,08/15/2025, 04:29:12,844
GEOR20066,Pako Forever,7482,08/15/2025, 05:19:21,844
GEOR20066,Pako Forever,7482,08/15/2025, 06:27:05,844
GEOR20066,Pako Forever,7482,08/15/2025, 07:18:18,844
GEOR20066,Pako Forever,7482,08/15/2025, 08:23:13,844
GEOR20066,Pako Forever,7482,08/15/2025, 09:19:14,844
GEOR20066,Pako Forever,7482,08/15/2025, 10:18:44,844
GEOR20066,Pako Forever,7482,08/15/2025, 11:15:27,844
GEOR20066,Pako Forever,7482,08/15/2025, 12:33:50,844
GEOR20066,Pako Forever,7482,08/15/2025, 13:29:45,844
GEOR20066,Pako Forever,7482,08/15/2025, 14:17:36,844
GEOR20066,Pako Forever,7482,08/15/2025, 15:18:15,844
GEOR20066,Pako Forever,7482,08/15/2025, 16:21:29,844
GEOR20066,Pako Forever,7482,08/15/2025, 17:16:01,844
GEOR20066,Pako Forever,7482,08/15/2025, 18:25:07,844
GEOR20066,Pako Forever,7482,08/15/2025, 19:14:33,844
GEOR20066,Pako Forever,7483,08/15/2025, 20:19:34,844
GEOR20066,Pako Forever,7483,08/15/2025, 21:14:42,844
GEOR20066,Pako Forever,7483,08/15/2025, 22:17:00,844
GEOR20066,Pako Forever,7483,08/15/2025, 23:17:15,844
GEOR20066,Pako Forever,7483,08/16/2025, 01:16:41,844
GEOR20066,Pako Forever,7483,08/16/2025, 03:13:16,844
GEOR20066,Pako Forever,7483,08/16/2025, 04:22:40,844
GEOR20066,Pako Forever,7483,08/16/2025, 05:17:14,844
GEOR20066,Pako Forever,7483,08/16/2025, 06:23:49,844
GEOR20066,Pako Forever,7483,08/16/2025, 07:16:03,844
GEOR20066,Pako Forever,7483,08/16/2025, 08:21:31,844
GEOR20066,Pako Forever,7483,08/16/2025, 09:17:32,844
GEOR20066,Pako Forever,7483,08/16/2025, 10:17:16,844
GEOR20066,Pako Forever,7483,08/16/2025, 11:14:19,844
GEOR20066,Pako Forever,7483,08/16/2025, 12:32:11,844
GEOR20066,Pako Forever,7483,08/16/2025, 13:25:38,844
GEOR20066,Pako Forever,7483,08/16/2025, 14:15:12,844
GEOR20066,Pako Forever,7483,08/16/2025, 15:16:10,844
GEOR20066,Pako Forever,7483,08/16/2025, 16:19:31,844
GEOR20066,Pako Forever,7483,08/16/2025, 17:14:30,844
GEOR20066,Pako Forever,7484,08/16/2025, 18:21:58,844
GEOR20066,Pako Forever,7484,08/16/2025, 19:13:51,844
GEOR20066,Pako Forever,7484,08/16/2025, 20:17:53,844
GEOR20066,Pako Forever,7484,08/16/2025, 21:15:55,844
GEOR20066,Pako Forever,7484,08/16/2025, 22:16:02,844
GEOR20066,Pako Forever,7485,08/16/2025, 23:16:08,844
GEOR20066,Pako Forever,7485,08/17/2025, 01:25:36,844
GEOR20066,Pako Forever,7485,08/17/2025, 03:24:45,844
GEOR20066,Pako Forever,7485,08/17/2025, 04:30:54,844
GEOR20066,Pako Forever,7485,08/17/2025, 05:18:00,844
GEOR20066,Pako Forever,7485,08/17/2025, 06:24:58,844
GEOR20066,Pako Forever,7485,08/17/2025, 07:15:55,844
GEOR20066,Pako Forever,7485,08/17/2025, 08:22:06,844
GEOR20066,Pako Forever,7485,08/17/2025, 09:17:26,844
GEOR20066,Pako Forever,7485,08/17/2025, 10:17:33,844
GEOR20066,Pako Forever,7485,08/17/2025, 11:14:06,844
GEOR20066,Pako Forever,7485,08/17/2025, 12:32:57,844
GEOR20066,Pako Forever,7485,08/17/2025, 13:26:47,844
GEOR20066,Pako Forever,7485,08/17/2025, 14:15:45,844
GEOR20066,Pako Forever,7485,08/17/2025, 15:16:45,844
GEOR20066,Pako Forever,7485,08/17/2025, 16:20:07,844
GEOR20066,Pako Forever,7485,08/17/2025, 17:15:17,844
GEOR20066,Pako Forever,7485,08/17/2025, 18:23:03,844
GEOR20066,Pako Forever,7486,08/17/2025, 19:13:53,844
GEOR20066,Pako Forever,7487,08/17/2025, 20:18:58,844
GEOR20066,Pako Forever,7487,08/17/2025, 21:15:54,844
GEOR20066,Pako Forever,7487,08/17/2025, 22:17:04,844
GEOR20066,Pako Forever,7487,08/17/2025, 23:16:55,844
GEOR20066,Pako Forever,7487,08/18/2025, 01:24:50,844
GEOR20066,Pako Forever,7487,08/18/2025, 03:28:23,844
GEOR20066,Pako Forever,7487,08/18/2025, 04:37:28,844
GEOR20066,Pako Forever,7487,08/18/2025, 05:22:30,844
GEOR20066,Pako Forever,7488,08/18/2025, 06:28:58,844
GEOR20066,Pako Forever,7489,08/18/2025, 07:21:39,844
GEOR20066,Pako Forever,7489,08/18/2025, 08:26:09,844
GEOR20066,Pako Forever,7489,08/18/2025, 09:23:11,844
GEOR20066,Pako Forever,7489,08/18/2025, 10:20:25,844
GEOR20066,Pako Forever,7489,08/18/2025, 11:16:53,844
GEOR20066,Pako Forever,7489,08/18/2025, 12:37:09,844
GEOR20066,Pako Forever,7489,08/18/2025, 13:34:58,844
GEOR20066,Pako Forever,7490,08/18/2025, 14:19:08,844
GEOR20066,Pako Forever,7490,08/18/2025, 15:19:23,844
GEOR20066,Pako Forever,7491,08/18/2025, 16:22:31,844
GEOR20066,Pako Forever,7493,08/18/2025, 17:17:51,844
GEOR20066,Pako Forever,7493,08/18/2025, 18:25:54,844
GEOR20066,Pako Forever,7493,08/18/2025, 19:15:42,844
GEOR20066,Pako Forever,7493,08/18/2025, 20:18:36,844
GEOR20066,Pako Forever,7493,08/18/2025, 21:15:27,844
GEOR20066,Pako Forever,7493,08/18/2025, 22:15:38,844
GEOR20066,Pako Forever,7493,08/18/2025, 23:16:35,844
GEOR20066,Pako Forever,7493,08/19/2025, 01:17:02,844
GEOR20066,Pako Forever,7493,08/19/2025, 03:09:07,844
GEOR20066,Pako Forever,7493,08/19/2025, 04:20:40,844
GEOR20066,Pako Forever,7493,08/19/2025, 05:17:18,844
GEOR20066,Pako Forever,7493,08/19/2025, 06:25:52,844
GEOR20066,Pako Forever,7493,08/19/2025, 07:16:53,844
GEOR20066,Pako Forever,7493,08/19/2025, 08:22:33,844
GEOR20066,Pako Forever,7494,08/19/2025, 09:19:10,844
GEOR20066,Pako Forever,7494,08/19/2025, 10:18:42,844
GEOR20066,Pako Forever,7494,08/19/2025, 11:14:48,844
GEOR20066,Pako Forever,7494,08/19/2025, 12:34:10,844
GEOR20066,Pako Forever,7494,08/19/2025, 13:28:41,844
GEOR20066,Pako Forever,7494,08/19/2025, 14:17:12,844
GEOR20066,Pako Forever,7494,08/19/2025, 15:18:48,844
GEOR20066,Pako Forever,7494,08/19/2025, 16:21:40,844
GEOR20066,Pako Forever,7494,08/19/2025, 17:15:27,844
GEOR20066,Pako Forever,7494,08/19/2025, 18:22:46,844
GEOR20066,Pako Forever,7494,08/19/2025, 19:13:51,844
GEOR20066,Pako Forever,7494,08/19/2025, 20:19:15,844
GEOR20066,Pako Forever,7494,08/19/2025, 21:16:08,844
GEOR20066,Pako Forever,7494,08/19/2025, 22:16:40,844
GEOR20066,Pako Forever,7494,08/19/2025, 23:16:11,844
GEOR20066,Pako Forever,7494,08/20/2025, 01:14:59,844
GEOR20066,Pako Forever,7496,08/20/2025, 03:07:05,844
GEOR20066,Pako Forever,7496,08/20/2025, 04:21:07,844
GEOR20066,Pako Forever,7496,08/20/2025, 05:17:46,844
GEOR20066,Pako Forever,7496,08/20/2025, 06:26:11,844
GEOR20066,Pako Forever,7496,08/20/2025, 07:17:28,844
GEOR20066,Pako Forever,7496,08/20/2025, 08:22:27,844
GEOR20066,Pako Forever,7497,08/20/2025, 09:18:56,844
GEOR20066,Pako Forever,7497,08/20/2025, 10:18:29,844
GEOR20066,Pako Forever,7497,08/20/2025, 11:15:02,844
GEOR20066,Pako Forever,7497,08/20/2025, 12:34:12,844
GEOR20066,Pako Forever,7497,08/20/2025, 13:29:25,844
GEOR20066,Pako Forever,7497,08/20/2025, 14:18:24,844
GEOR20066,Pako Forever,7497,08/20/2025, 15:18:54,844
GEOR20066,Pako Forever,7497,08/20/2025, 16:21:34,844
GEOR20066,Pako Forever,7497,08/20/2025, 17:15:26,844
GEOR20066,Pako Forever,7497,08/20/2025, 18:24:26,844
GEOR20066,Pako Forever,7497,08/20/2025, 19:14:09,844
GEOR20066,Pako Forever,7497,08/20/2025, 20:19:20,844
GEOR20066,Pako Forever,7497,08/20/2025, 21:16:07,844
GEOR20066,Pako Forever,7497,08/20/2025, 22:16:17,844
GEOR20066,Pako Forever,7497,08/20/2025, 23:16:16,844
GEOR20066,Pako Forever,7497,08/21/2025, 01:14:00,844
GEOR20066,Pako Forever,7498,08/21/2025, 03:06:05,844
GEOR20066,Pako Forever,7498,08/21/2025, 04:20:39,844
GEOR20066,Pako Forever,7498,08/21/2025, 05:17:54,844
GEOR20066,Pako Forever,7498,08/21/2025, 06:35:28,844
GEOR20066,Pako Forever,7498,08/21/2025, 07:20:05,844
GEOR20066,Pako Forever,7498,08/21/2025, 08:22:41,844
GEOR20066,Pako Forever,7499,08/21/2025, 09:18:26,844
GEOR20066,Pako Forever,7499,08/21/2025, 10:18:27,844
GEOR20066,Pako Forever,7499,08/21/2025, 11:15:43,844
GEOR20066,Pako Forever,7499,08/21/2025, 12:33:47,844
GEOR20066,Pako Forever,7499,08/21/2025, 13:28:26,844
GEOR20066,Pako Forever,7499,08/21/2025, 14:17:51,844
GEOR20066,Pako Forever,7499,08/21/2025, 15:18:30,844
GEOR20066,Pako Forever,7499,08/21/2025, 16:30:14,844
GEOR20066,Pako Forever,7499,08/21/2025, 17:15:23,844
GEOR20066,Pako Forever,7499,08/21/2025, 18:24:34,844
GEOR20066,Pako Forever,7499,08/21/2025, 19:13:51,844
GEOR20066,Pako Forever,7499,08/21/2025, 20:18:19,844
GEOR20066,Pako Forever,7499,08/21/2025, 21:15:44,844
GEOR20066,Pako Forever,7500,08/21/2025, 22:17:13,844
GEOR20066,Pako Forever,7500,08/21/2025, 23:16:18,844
GEOR20066,Pako Forever,7500,08/22/2025, 01:14:58,844
GEOR20066,Pako Forever,7501,08/22/2025, 03:07:05,844
GEOR20066,Pako Forever,7501,08/22/2025, 04:19:57,844
GEOR20066,Pako Forever,7501,08/22/2025, 05:17:23,844
GEOR20066,Pako Forever,7501,08/22/2025, 06:25:33,844
GEOR20066,Pako Forever,7501,08/22/2025, 07:16:36,844
GEOR20066,Pako Forever,7502,08/22/2025, 08:22:16,844
GEOR20066,Pako Forever,7502,08/22/2025, 09:18:28,844
GEOR20066,Pako Forever,7502,08/22/2025, 10:18:30,844
GEOR20066,Pako Forever,7503,08/22/2025, 11:14:31,844
GEOR20066,Pako Forever,7503,08/22/2025, 12:33:23,844
GEOR20066,Pako Forever,7503,08/22/2025, 13:27:23,844
GEOR20066,Pako Forever,7503,08/22/2025, 14:16:46,844
GEOR20066,Pako Forever,7503,08/22/2025, 15:17:33,844
GEOR20066,Pako Forever,7504,08/22/2025, 16:20:13,844
GEOR20066,Pako Forever,7505,08/22/2025, 17:16:01,844
GEOR20066,Pako Forever,7505,08/22/2025, 18:23:13,844
GEOR20066,Pako Forever,7505,08/22/2025, 19:14:14,844
GEOR20066,Pako Forever,7505,08/22/2025, 20:18:50,844
GEOR20066,Pako Forever,7505,08/22/2025, 21:15:19,844
GEOR20066,Pako Forever,7506,08/22/2025, 22:15:46,844
GEOR20066,Pako Forever,7506,08/22/2025, 23:16:04,844
GEOR20066,Pako Forever,7506,08/23/2025, 01:12:37,844
GEOR20066,Pako Forever,7507,08/23/2025, 03:01:02,844
GEOR20066,Pako Forever,7507,08/23/2025, 03:39:07,844
GEOR20066,Pako Forever,7507,08/23/2025, 04:19:36,844
GEOR20066,Pako Forever,7507,08/23/2025, 05:16:09,844
GEOR20066,Pako Forever,7507,08/23/2025, 06:22:43,844
GEOR20066,Pako Forever,7507,08/23/2025, 07:15:10,844
GEOR20066,Pako Forever,7507,08/23/2025, 08:20:28,844
GEOR20066,Pako Forever,7507,08/23/2025, 09:16:02,844
GEOR20066,Pako Forever,7510,08/23/2025, 10:16:42,844
GEOR20066,Pako Forever,7510,08/23/2025, 11:13:08,844
GEOR20066,Pako Forever,7510,08/23/2025, 12:30:12,844
GEOR20066,Pako Forever,7510,08/23/2025, 13:23:50,844
GEOR20066,Pako Forever,7510,08/23/2025, 14:14:42,844
GEOR20066,Pako Forever,7510,08/23/2025, 15:15:06,844
GEOR20066,Pako Forever,7510,08/23/2025, 16:18:08,844
GEOR20066,Pako Forever,7510,08/23/2025, 17:13:35,844
GEOR20066,Pako Forever,7510,08/23/2025, 18:21:00,844
GEOR20066,Pako Forever,7510,08/23/2025, 19:12:59,844
GEOR20066,Pako Forever,7510,08/23/2025, 20:17:05,844
GEOR20066,Pako Forever,7510,08/23/2025, 21:15:02,844
GEOR20066,Pako Forever,7510,08/23/2025, 22:15:16,844
GEOR20066,Pako Forever,7511,08/23/2025, 23:15:44,844
GEOR20066,Pako Forever,7511,08/24/2025, 01:22:41,844
GEOR20066,Pako Forever,7511,08/24/2025, 03:17:45,844
GEOR20066,Pako Forever,7511,08/24/2025, 04:23:48,844
GEOR20066,Pako Forever,7511,08/24/2025, 05:16:57,844
GEOR20066,Pako Forever,7511,08/24/2025, 06:23:21,844
GEOR20066,Pako Forever,7511,08/24/2025, 07:15:55,844
GEOR20066,Pako Forever,7511,08/24/2025, 08:19:50,844
GEOR20066,Pako Forever,7511,08/24/2025, 09:16:15,844
GEOR20066,Pako Forever,7511,08/24/2025, 10:16:37,844
GEOR20066,Pako Forever,7512,08/24/2025, 11:13:36,844
GEOR20066,Pako Forever,7512,08/24/2025, 12:30:45,844
GEOR20066,Pako Forever,7512,08/24/2025, 13:24:18,844
GEOR20066,Pako Forever,7512,08/24/2025, 14:14:24,844
GEOR20066,Pako Forever,7512,08/24/2025, 15:15:57,844
GEOR20066,Pako Forever,7512,08/24/2025, 16:19:19,844
GEOR20066,Pako Forever,7512,08/24/2025, 17:14:26,844
GEOR20066,Pako Forever,7513,08/24/2025, 18:21:48,844
GEOR20066,Pako Forever,7513,08/24/2025, 19:13:38,844
GEOR20066,Pako Forever,7513,08/24/2025, 20:18:00,844
GEOR20066,Pako Forever,7514,08/24/2025, 21:14:57,844
GEOR20066,Pako Forever,7514,08/24/2025, 22:16:10,844
GEOR20066,Pako Forever,7514,08/24/2025, 23:15:35,844
GEOR20066,Pako Forever,7515,08/25/2025, 01:18:05,844
GEOR20066,Pako Forever,7515,08/25/2025, 03:14:09,844
GEOR20066,Pako Forever,7515,08/25/2025, 04:24:38,844
GEOR20066,Pako Forever,7515,08/25/2025, 05:18:34,844
GEOR20066,Pako Forever,7515,08/25/2025, 06:28:16,844
GEOR20066,Pako Forever,7515,08/25/2025, 07:18:10,844
GEOR20066,Pako Forever,7515,08/25/2025, 08:24:34,844
GEOR20066,Pako Forever,7515,08/25/2025, 09:19:55,844
GEOR20066,Pako Forever,7515,08/25/2025, 10:19:37,844
GEOR20066,Pako Forever,7515,08/25/2025, 11:15:44,844
GEOR20066,Pako Forever,7515,08/25/2025, 12:35:03,844
GEOR20066,Pako Forever,7515,08/25/2025, 13:29:34,844
GEOR20066,Pako Forever,7515,08/25/2025, 14:18:09,844
GEOR20066,Pako Forever,7515,08/25/2025, 15:18:24,844
GEOR20066,Pako Forever,7516,08/25/2025, 16:21:03,844
GEOR20066,Pako Forever,7516,08/25/2025, 17:14:13,844
GEOR20066,Pako Forever,7516,08/25/2025, 18:24:58,844
GEOR20066,Pako Forever,7516,08/25/2025, 19:14:10,844
GEOR20066,Pako Forever,7518,08/25/2025, 20:19:21,844
GEOR20066,Pako Forever,7519,08/25/2025, 21:16:19,844
GEOR20066,Pako Forever,7519,08/25/2025, 22:17:00,844
GEOR20066,Pako Forever,7519,08/25/2025, 23:16:23,844
GEOR20066,Pako Forever,7520,08/26/2025, 01:15:51,844
GEOR20066,Pako Forever,7520,08/26/2025, 03:08:06,844
GEOR20066,Pako Forever,7520,08/26/2025, 04:20:44,844
GEOR20066,Pako Forever,7520,08/26/2025, 05:17:54,844
GEOR20066,Pako Forever,7520,08/26/2025, 06:25:46,844
GEOR20066,Pako Forever,7520,08/26/2025, 07:17:34,844
GEOR20066,Pako Forever,7520,08/26/2025, 08:23:53,844
GEOR20066,Pako Forever,7520,08/26/2025, 09:19:28,844
GEOR20066,Pako Forever,7520,08/26/2025, 10:19:18,844
GEOR20066,Pako Forever,7520,08/26/2025, 11:15:59,844
GEOR20066,Pako Forever,7520,08/26/2025, 12:36:44,844
GEOR20066,Pako Forever,7520,08/26/2025, 13:31:29,844
GEOR20066,Pako Forever,7521,08/26/2025, 14:16:42,844
GEOR20066,Pako Forever,7521,08/26/2025, 15:18:25,844
GEOR20066,Pako Forever,7521,08/26/2025, 16:20:19,844
GEOR20066,Pako Forever,7521,08/26/2025, 17:15:14,844
GEOR20066,Pako Forever,7521,08/26/2025, 18:23:20,844
GEOR20066,Pako Forever,7521,08/26/2025, 19:13:31,844
GEOR20066,Pako Forever,7521,08/26/2025, 20:19:08,844
GEOR20066,Pako Forever,7521,08/26/2025, 21:15:24,844
GEOR20066,Pako Forever,7521,08/26/2025, 22:16:00,844
GEOR20066,Pako Forever,7521,08/26/2025, 23:15:18,844
GEOR20066,Pako Forever,7521,08/27/2025, 01:14:33,844
GEOR20066,Pako Forever,7522,08/27/2025, 03:01:28,844
GEOR20066,Pako Forever,7522,08/27/2025, 03:38:59,844
GEOR20066,Pako Forever,7522,08/27/2025, 04:20:21,844
GEOR20066,Pako Forever,7522,08/27/2025, 05:16:53,844
GEOR20066,Pako Forever,7522,08/27/2025, 06:24:15,844
GEOR20066,Pako Forever,7524,08/27/2025, 07:16:09,844
GEOR20066,Pako Forever,7524,08/27/2025, 08:22:01,844
GEOR20066,Pako Forever,7524,08/27/2025, 09:18:07,844
GEOR20066,Pako Forever,7524,08/27/2025, 10:17:36,844
GEOR20066,Pako Forever,7524,08/27/2025, 11:15:04,844
GEOR20066,Pako Forever,7524,08/27/2025, 12:33:37,844
GEOR20066,Pako Forever,7524,08/27/2025, 13:26:41,844
GEOR20066,Pako Forever,7524,08/27/2025, 14:17:21,844
GEOR20066,Pako Forever,7524,08/27/2025, 15:18:11,844
GEOR20066,Pako Forever,7524,08/27/2025, 16:20:46,844
GEOR20066,Pako Forever,7524,08/27/2025, 17:15:01,844
GEOR20066,Pako Forever,7524,08/27/2025, 18:23:02,844
GEOR20066,Pako Forever,7524,08/27/2025, 19:14:20,844
GEOR20066,Pako Forever,7524,08/27/2025, 20:18:53,844
GEOR20066,Pako Forever,7524,08/27/2025, 21:15:50,844
GEOR20066,Pako Forever,7524,08/27/2025, 22:15:47,844
GEOR20066,Pako Forever,7524,08/27/2025, 23:15:39,844
GEOR20066,Pako Forever,7524,08/28/2025, 01:13:00,844
GEOR20066,Pako Forever,7524,08/28/2025, 03:01:05,844
GEOR20066,Pako Forever,7524,08/28/2025, 03:39:03,844
GEOR20066,Pako Forever,7524,08/28/2025, 04:19:55,844
GEOR20066,Pako Forever,7524,08/28/2025, 05:17:00,844
GEOR20066,Pako Forever,7524,08/28/2025, 06:25:18,844
GEOR20066,Pako Forever,7524,08/28/2025, 07:17:12,844
GEOR20066,Pako Forever,7524,08/28/2025, 08:22:15,844
GEOR20066,Pako Forever,7524,08/28/2025, 09:18:05,844
GEOR20066,Pako Forever,7524,08/28/2025, 10:18:00,844
GEOR20066,Pako Forever,7524,08/28/2025, 11:14:20,844
GEOR20066,Pako Forever,7524,08/28/2025, 12:33:18,844
GEOR20066,Pako Forever,7524,08/28/2025, 13:28:03,844
GEOR20066,Pako Forever,7525,08/28/2025, 14:17:33,844
GEOR20066,Pako Forever,7525,08/28/2025, 15:17:42,844
GEOR20066,Pako Forever,7525,08/28/2025, 16:21:05,844
GEOR20066,Pako Forever,7525,08/28/2025, 17:14:46,844
GEOR20066,Pako Forever,7525,08/28/2025, 18:23:02,844
GEOR20066,Pako Forever,7525,08/28/2025, 19:14:18,844
GEOR20066,Pako Forever,7525,08/28/2025, 20:18:20,844
GEOR20066,Pako Forever,7525,08/28/2025, 21:15:28,844
GEOR20066,Pako Forever,7525,08/28/2025, 22:16:02,844
GEOR20066,Pako Forever,7525,08/28/2025, 23:15:43,844
GEOR20066,Pako Forever,7525,08/29/2025, 01:12:45,844
GEOR20066,Pako Forever,7525,08/29/2025, 03:01:27,844
GEOR20066,Pako Forever,7525,08/29/2025, 03:38:20,844
GEOR20066,Pako Forever,7525,08/29/2025, 04:20:34,844
GEOR20066,Pako Forever,7525,08/29/2025, 05:16:16,844
GEOR20066,Pako Forever,7525,08/29/2025, 06:24:21,844
GEOR20066,Pako Forever,7525,08/29/2025, 07:16:20,844
GEOR20066,Pako Forever,7525,08/29/2025, 08:21:22,844
GEOR20066,Pako Forever,7525,08/29/2025, 09:18:33,844
GEOR20066,Pako Forever,7525,08/29/2025, 10:17:21,844
GEOR20066,Pako Forever,7525,08/29/2025, 11:14:30,844
GEOR20066,Pako Forever,7525,08/29/2025, 12:32:31,844
GEOR20066,Pako Forever,7525,08/29/2025, 13:25:28,844
GEOR20066,Pako Forever,7525,08/29/2025, 14:16:07,844
GEOR20066,Pako Forever,7525,08/29/2025, 15:15:01,844
GEOR20066,Pako Forever,7526,08/29/2025, 16:20:50,844
GEOR20066,Pako Forever,7527,08/29/2025, 17:14:41,844
GEOR20066,Pako Forever,7527,08/29/2025, 18:22:42,844
GEOR20066,Pako Forever,7527,08/29/2025, 19:13:13,844
GEOR20066,Pako Forever,7527,08/29/2025, 20:17:38,844
GEOR20066,Pako Forever,7527,08/29/2025, 21:14:50,844
GEOR20066,Pako Forever,7527,08/29/2025, 22:15:43,844
GEOR20066,Pako Forever,7527,08/29/2025, 23:15:30,844
GEOR20066,Pako Forever,7527,08/30/2025, 01:09:31,844
GEOR20066,Pako Forever,7527,08/30/2025, 02:55:12,844
GEOR20066,Pako Forever,7527,08/30/2025, 03:28:15,844
GEOR20066,Pako Forever,7527,08/30/2025, 04:18:50,844
GEOR20066,Pako Forever,7527,08/30/2025, 05:15:24,844
GEOR20066,Pako Forever,7527,08/30/2025, 06:21:29,844
GEOR20066,Pako Forever,7527,08/30/2025, 07:14:21,844
GEOR20066,Pako Forever,7527,08/30/2025, 08:19:12,844
GEOR20066,Pako Forever,7527,08/30/2025, 09:15:22,844
GEOR20066,Pako Forever,7527,08/30/2025, 10:15:38,844
GEOR20066,Pako Forever,7527,08/30/2025, 11:12:57,844
GEOR20066,Pako Forever,7528,08/30/2025, 12:29:25,844
GEOR20066,Pako Forever,7528,08/30/2025, 13:21:08,844
GEOR20066,Pako Forever,7528,08/30/2025, 14:14:01,844
GEOR20066,Pako Forever,7528,08/30/2025, 15:15:20,844
GEOR20066,Pako Forever,7529,08/30/2025, 16:18:08,844
GEOR20066,Pako Forever,7529,08/30/2025, 17:13:14,844
GEOR20066,Pako Forever,7530,08/30/2025, 18:20:47,844
GEOR20066,Pako Forever,7530,08/30/2025, 19:12:24,844
GEOR20066,Pako Forever,7530,08/30/2025, 20:16:14,844
GEOR20066,Pako Forever,7530,08/30/2025, 21:14:03,844
GEOR20066,Pako Forever,7531,08/30/2025, 22:14:35,844
GEOR20066,Pako Forever,7531,08/30/2025, 23:14:45,844
GEOR20066,Pako Forever,7531,08/31/2025, 01:17:35,844
GEOR20066,Pako Forever,7531,08/31/2025, 03:05:15,844
GEOR20066,Pako Forever,7531,08/31/2025, 04:19:13,844
GEOR20066,Pako Forever,7531,08/31/2025, 05:15:28,844
GEOR20066,Pako Forever,7531,08/31/2025, 06:22:16,844
GEOR20066,Pako Forever,7531,08/31/2025, 07:15:25,844
GEOR20066,Pako Forever,7531,08/31/2025, 08:19:14,844
GEOR20066,Pako Forever,7532,08/31/2025, 09:15:06,844
GEOR20066,Pako Forever,7533,08/31/2025, 10:15:32,844
GEOR20066,Pako Forever,7533,08/31/2025, 11:13:23,844
GEOR20066,Pako Forever,7533,08/31/2025, 12:30:11,844
GEOR20066,Pako Forever,7533,08/31/2025, 13:21:49,844
GEOR20066,Pako Forever,7535,08/31/2025, 14:13:59,844
GEOR20066,Pako Forever,7535,08/31/2025, 15:15:33,844
GEOR20066,Pako Forever,7535,08/31/2025, 16:18:08,844
GEOR20066,Pako Forever,7535,08/31/2025, 17:13:30,844
GEOR20066,Pako Forever,7535,08/31/2025, 18:21:26,844
GEOR20066,Pako Forever,7535,08/31/2025, 19:13:17,844
GEOR20066,Pako Forever,7535,08/31/2025, 20:17:34,844
GEOR20066,Pako Forever,7536,08/31/2025, 21:14:36,844
GEOR20066,Pako Forever,7536,08/31/2025, 22:15:24,844
GEOR20066,Pako Forever,7536,08/31/2025, 23:15:06,844
GEOR20066,Pako Forever,7537,09/01/2025, 01:24:21,844
GEOR20066,Pako Forever,7537,09/01/2025, 03:19:57,844
GEOR20066,Pako Forever,7537,09/01/2025, 04:27:31,844
GEOR20066,Pako Forever,7537,09/01/2025, 05:17:52,844
GEOR20066,Pako Forever,7537,09/01/2025, 06:27:27,844
GEOR20066,Pako Forever,7537,09/01/2025, 07:18:48,844
GEOR20066,Pako Forever,7537,09/01/2025, 08:24:20,844
GEOR20066,Pako Forever,7538,09/01/2025, 09:20:50,844
GEOR20066,Pako Forever,7538,09/01/2025, 10:19:14,844
GEOR20066,Pako Forever,7538,09/01/2025, 11:14:38,844
GEOR20066,Pako Forever,7539,09/01/2025, 12:34:09,844
GEOR20066,Pako Forever,7539,09/01/2025, 13:26:59,844
GEOR20066,Pako Forever,7539,09/01/2025, 14:16:29,844
GEOR20066,Pako Forever,7539,09/01/2025, 15:16:34,844
GEOR20066,Pako Forever,7539,09/01/2025, 16:20:01,844
GEOR20066,Pako Forever,7539,09/01/2025, 17:14:23,844
GEOR20066,Pako Forever,7539,09/01/2025, 18:22:18,844
GEOR20066,Pako Forever,7539,09/01/2025, 19:13:17,844
GEOR20066,Pako Forever,7540,09/01/2025, 20:17:17,844
GEOR20066,Pako Forever,7540,09/01/2025, 21:14:43,844
GEOR20066,Pako Forever,7540,09/01/2025, 22:15:39,844
GEOR20066,Pako Forever,7541,09/01/2025, 23:15:30,844
GEOR20066,Pako Forever,7541,09/02/2025, 01:14:12,844
GEOR20066,Pako Forever,7541,09/02/2025, 03:05:04,844
GEOR20066,Pako Forever,7541,09/02/2025, 04:20:47,844
GEOR20066,Pako Forever,7541,09/02/2025, 05:17:17,844
GEOR20066,Pako Forever,7542,09/02/2025, 06:26:09,844
GEOR20066,Pako Forever,7542,09/02/2025, 07:16:50,844
GEOR20066,Pako Forever,7542,09/02/2025, 08:22:51,844
GEOR20066,Pako Forever,7542,09/02/2025, 09:18:36,844
GEOR20066,Pako Forever,7542,09/02/2025, 10:18:28,844
GEOR20066,Pako Forever,7542,09/02/2025, 11:14:26,844
GEOR20066,Pako Forever,7542,09/02/2025, 12:33:50,844
GEOR20066,Pako Forever,7542,09/02/2025, 13:28:13,844
GEOR20066,Pako Forever,7542,09/02/2025, 14:17:12,844
GEOR20066,Pako Forever,7542,09/02/2025, 15:18:00,844
GEOR20066,Pako Forever,7542,09/02/2025, 16:20:52,844
GEOR20066,Pako Forever,7542,09/02/2025, 17:14:36,844
GEOR20066,Pako Forever,7542,09/02/2025, 18:21:59,844
GEOR20066,Pako Forever,7543,09/02/2025, 19:13:39,844
GEOR20066,Pako Forever,7543,09/02/2025, 20:17:31,844
GEOR20066,Pako Forever,7543,09/02/2025, 21:14:40,844
GEOR20066,Pako Forever,7543,09/02/2025, 22:15:10,844
GEOR20066,Pako Forever,7545,09/02/2025, 23:14:23,844
GEOR20066,Pako Forever,7546,09/03/2025, 01:09:52,844
GEOR20066,Pako Forever,7547,09/03/2025, 02:53:51,844
GEOR20066,Pako Forever,7547,09/03/2025, 03:25:36,844
GEOR20066,Pako Forever,7547,09/03/2025, 04:19:58,844
GEOR20066,Pako Forever,7547,09/03/2025, 05:15:35,844
GEOR20066,Pako Forever,7547,09/03/2025, 06:23:23,844
GEOR20066,Pako Forever,7547,09/03/2025, 07:16:31,844
GEOR20066,Pako Forever,7547,09/03/2025, 08:21:22,844
GEOR20066,Pako Forever,7548,09/03/2025, 09:17:37,844
GEOR20066,Pako Forever,7548,09/03/2025, 10:16:41,844
GEOR20066,Pako Forever,7548,09/03/2025, 11:14:08,844
GEOR20066,Pako Forever,7548,09/03/2025, 12:32:41,844
GEOR20066,Pako Forever,7548,09/03/2025, 13:25:53,844
GEOR20066,Pako Forever,7548,09/03/2025, 14:16:29,844
GEOR20066,Pako Forever,7548,09/03/2025, 15:17:48,844
GEOR20066,Pako Forever,7548,09/03/2025, 16:20:21,844
GEOR20066,Pako Forever,7549,09/03/2025, 17:14:51,844
GEOR20066,Pako Forever,7549,09/03/2025, 18:22:19,844
GEOR20066,Pako Forever,7549,09/03/2025, 19:14:17,844
GEOR20066,Pako Forever,7549,09/03/2025, 20:17:30,844
GEOR20066,Pako Forever,7549,09/03/2025, 21:14:42,844
GEOR20066,Pako Forever,7549,09/03/2025, 22:14:45,844
GEOR20066,Pako Forever,7549,09/03/2025, 23:14:53,844
GEOR20066,Pako Forever,7549,09/04/2025, 01:09:33,844
GEOR20066,Pako Forever,7550,09/04/2025, 02:54:21,844
GEOR20066,Pako Forever,7550,09/04/2025, 03:26:49,844
GEOR20066,Pako Forever,7551,09/04/2025, 04:19:19,844
GEOR20066,Pako Forever,7551,09/04/2025, 05:16:09,844
GEOR20066,Pako Forever,7551,09/04/2025, 06:23:57,844
GEOR20066,Pako Forever,7551,09/04/2025, 07:16:10,844
GEOR20066,Pako Forever,7551,09/04/2025, 08:21:05,844
GEOR20066,Pako Forever,7551,09/04/2025, 09:17:32,844
GEOR20066,Pako Forever,7551,09/04/2025, 10:17:16,844
GEOR20066,Pako Forever,7551,09/04/2025, 11:13:56,844
GEOR20066,Pako Forever,7551,09/04/2025, 12:31:45,844
GEOR20066,Pako Forever,7551,09/04/2025, 13:25:27,844
GEOR20066,Pako Forever,7551,09/04/2025, 14:16:48,844
GEOR20066,Pako Forever,7552,09/04/2025, 15:17:06,844
GEOR20066,Pako Forever,7552,09/04/2025, 16:20:45,844
GEOR20066,Pako Forever,7552,09/04/2025, 17:14:37,844
GEOR20066,Pako Forever,7552,09/04/2025, 18:22:43,844
GEOR20066,Pako Forever,7552,09/04/2025, 19:14:10,844
GEOR20066,Pako Forever,7552,09/04/2025, 20:18:06,844
GEOR20066,Pako Forever,7552,09/04/2025, 21:15:29,844
GEOR20066,Pako Forever,7552,09/04/2025, 22:15:17,844
GEOR20066,Pako Forever,7552,09/04/2025, 23:15:19,844
GEOR20066,Pako Forever,7552,09/05/2025, 01:11:22,844
GEOR20066,Pako Forever,7552,09/05/2025, 02:57:24,844
GEOR20066,Pako Forever,7552,09/05/2025, 03:30:15,844
GEOR20066,Pako Forever,7552,09/05/2025, 04:19:58,844
GEOR20066,Pako Forever,7552,09/05/2025, 05:16:21,844
GEOR20066,Pako Forever,7552,09/05/2025, 06:24:08,844
GEOR20066,Pako Forever,7552,09/05/2025, 07:16:27,844
GEOR20066,Pako Forever,7552,09/05/2025, 08:21:10,844
GEOR20066,Pako Forever,7553,09/05/2025, 09:18:01,844
GEOR20066,Pako Forever,7553,09/05/2025, 10:17:55,844
GEOR20066,Pako Forever,7553,09/05/2025, 11:14:09,844
GEOR20066,Pako Forever,7553,09/05/2025, 12:31:32,844
GEOR20066,Pako Forever,7553,09/05/2025, 13:24:40,844
GEOR20066,Pako Forever,7553,09/05/2025, 14:15:26,844
GEOR20066,Pako Forever,7553,09/05/2025, 15:16:56,844
GEOR20066,Pako Forever,7553,09/05/2025, 16:20:19,844
GEOR20066,Pako Forever,7553,09/05/2025, 17:15:17,844
GEOR20066,Pako Forever,7553,09/05/2025, 18:21:38,844
GEOR20066,Pako Forever,7553,09/05/2025, 19:14:38,844
GEOR20066,Pako Forever,7553,09/05/2025, 20:17:44,844
GEOR20066,Pako Forever,7553,09/05/2025, 21:14:47,844
GEOR20066,Pako Forever,7553,09/05/2025, 22:15:27,844
GEOR20066,Pako Forever,7553,09/05/2025, 23:14:58,844
GEOR20066,Pako Forever,7553,09/06/2025, 01:09:26,844
GEOR20066,Pako Forever,7553,09/06/2025, 02:52:41,844
GEOR20066,Pako Forever,7553,09/06/2025, 03:24:47,844
GEOR20066,Pako Forever,7553,09/06/2025, 04:18:37,844
GEOR20066,Pako Forever,7554,09/06/2025, 05:14:40,844
GEOR20066,Pako Forever,7554,09/06/2025, 06:21:39,844
GEOR20066,Pako Forever,7554,09/06/2025, 07:14:37,844
GEOR20066,Pako Forever,7554,09/06/2025, 08:18:26,844
GEOR20066,Pako Forever,7554,09/06/2025, 09:15:09,844
GEOR20066,Pako Forever,7554,09/06/2025, 10:15:18,844
GEOR20066,Pako Forever,7555,09/06/2025, 11:12:42,844
GEOR20066,Pako Forever,7555,09/06/2025, 12:28:19,844
GEOR20066,Pako Forever,7555,09/06/2025, 13:19:12,844
GEOR20066,Pako Forever,7555,09/06/2025, 14:13:17,844
GEOR20066,Pako Forever,7555,09/06/2025, 15:14:11,844
GEOR20066,Pako Forever,7555,09/06/2025, 16:17:44,844
GEOR20066,Pako Forever,7555,09/06/2025, 17:13:10,844
GEOR20066,Pako Forever,7556,09/06/2025, 18:19:57,844
GEOR20066,Pako Forever,7556,09/06/2025, 19:11:56,844
GEOR20066,Pako Forever,7557,09/06/2025, 20:16:15,844
GEOR20066,Pako Forever,7557,09/06/2025, 21:13:37,844
GEOR20066,Pako Forever,7557,09/06/2025, 22:14:45,844
GEOR20066,Pako Forever,7557,09/06/2025, 23:14:21,844
GEOR20066,Pako Forever,7557,09/07/2025, 01:16:30,844
GEOR20066,Pako Forever,7557,09/07/2025, 03:01:22,844
GEOR20066,Pako Forever,7557,09/07/2025, 03:37:08,844
GEOR20066,Pako Forever,7557,09/07/2025, 04:18:50,844
GEOR20066,Pako Forever,7558,09/07/2025, 05:15:29,844
GEOR20066,Pako Forever,7558,09/07/2025, 06:21:47,844
GEOR20066,Pako Forever,7558,09/07/2025, 07:14:39,844
GEOR20066,Pako Forever,7558,09/07/2025, 08:18:43,844
GEOR20066,Pako Forever,7558,09/07/2025, 09:14:49,844
GEOR20066,Pako Forever,7559,09/07/2025, 10:15:43,844
GEOR20066,Pako Forever,7559,09/07/2025, 11:12:12,844
GEOR20066,Pako Forever,7559,09/07/2025, 12:28:55,844
GEOR20066,Pako Forever,7559,09/07/2025, 13:19:37,844
GEOR20066,Pako Forever,7559,09/07/2025, 14:13:27,844
GEOR20066,Pako Forever,7559,09/07/2025, 15:14:20,844
GEOR20066,Pako Forever,7559,09/07/2025, 16:17:41,844
GEOR20066,Pako Forever,7559,09/07/2025, 17:13:12,844
GEOR20066,Pako Forever,7559,09/07/2025, 18:19:50,844
GEOR20066,Pako Forever,7559,09/07/2025, 19:12:03,844
GEOR20066,Pako Forever,7559,09/07/2025, 20:16:19,844
GEOR20066,Pako Forever,7560,09/07/2025, 21:14:12,844
GEOR20066,Pako Forever,7560,09/07/2025, 22:14:39,844
GEOR20066,Pako Forever,7560,09/07/2025, 23:14:31,844
GEOR20066,Pako Forever,7560,09/08/2025, 01:15:08,844
GEOR20066,Pako Forever,7560,09/08/2025, 03:04:39,844
GEOR20066,Pako Forever,7560,09/08/2025, 04:20:28,844
GEOR20066,Pako Forever,7560,09/08/2025, 05:17:26,844
GEOR20066,Pako Forever,7561,09/08/2025, 06:25:57,844
GEOR20066,Pako Forever,7561,09/08/2025, 07:17:04,844
GEOR20066,Pako Forever,7562,09/08/2025, 08:23:20,844
GEOR20066,Pako Forever,7562,09/08/2025, 09:19:50,844
GEOR20066,Pako Forever,7562,09/08/2025, 10:18:52,844
GEOR20066,Pako Forever,7562,09/08/2025, 11:14:32,844
GEOR20066,Pako Forever,7562,09/08/2025, 12:34:40,844
GEOR20066,Pako Forever,7562,09/08/2025, 13:27:52,844
GEOR20066,Pako Forever,7562,09/08/2025, 14:17:45,844
GEOR20066,Pako Forever,7562,09/08/2025, 15:16:22,844
GEOR20066,Pako Forever,7562,09/08/2025, 16:19:42,844
GEOR20066,Pako Forever,7562,09/08/2025, 17:16:44,844
GEOR20066,Pako Forever,7562,09/08/2025, 18:23:49,844
GEOR20066,Pako Forever,7563,09/08/2025, 19:14:26,844
GEOR20066,Pako Forever,7563,09/08/2025, 20:17:52,844
GEOR20066,Pako Forever,7563,09/08/2025, 21:15:14,844
GEOR20066,Pako Forever,7564,09/08/2025, 22:15:59,844
GEOR20066,Pako Forever,7564,09/08/2025, 23:15:47,844
GEOR20066,Pako Forever,7564,09/09/2025, 01:12:19,844
GEOR20066,Pako Forever,7564,09/09/2025, 02:59:59,844
GEOR20066,Pako Forever,7564,09/09/2025, 03:36:25,844
GEOR20066,Pako Forever,7564,09/09/2025, 04:19:57,844
GEOR20066,Pako Forever,7564,09/09/2025, 05:16:35,844
GEOR20066,Pako Forever,7565,09/09/2025, 06:25:29,844
GEOR20066,Pako Forever,7565,09/09/2025, 07:16:45,844
GEOR20066,Pako Forever,7565,09/09/2025, 08:22:58,844
GEOR20066,Pako Forever,7566,09/09/2025, 09:19:17,844
GEOR20066,Pako Forever,7566,09/09/2025, 10:18:45,844
GEOR20066,Pako Forever,7566,09/09/2025, 11:14:48,844
GEOR20066,Pako Forever,7567,09/09/2025, 12:34:47,844
GEOR20066,Pako Forever,7567,09/09/2025, 13:29:30,844
GEOR20066,Pako Forever,7567,09/09/2025, 14:15:30,844
GEOR20066,Pako Forever,7567,09/09/2025, 15:18:50,844
GEOR20066,Pako Forever,7567,09/09/2025, 16:20:48,844
GEOR20066,Pako Forever,7567,09/09/2025, 17:15:01,844
GEOR20066,Pako Forever,7567,09/09/2025, 18:20:36,844
GEOR20066,Pako Forever,7567,09/09/2025, 19:13:20,844
GEOR20066,Pako Forever,7567,09/09/2025, 20:17:46,844
GEOR20066,Pako Forever,7567,09/09/2025, 21:14:17,844
GEOR20066,Pako Forever,7568,09/09/2025, 22:15:22,844
GEOR20066,Pako Forever,7569,09/09/2025, 23:14:53,844
GEOR20066,Pako Forever,7569,09/10/2025, 01:10:22,844
GEOR20066,Pako Forever,7570,09/10/2025, 02:54:02,844
GEOR20066,Pako Forever,7570,09/10/2025, 03:25:39,844
GEOR20066,Pako Forever,7570,09/10/2025, 04:19:29,844
GEOR20066,Pako Forever,7570,09/10/2025, 05:16:08,844
GEOR20066,Pako Forever,7570,09/10/2025, 06:24:27,844
GEOR20066,Pako Forever,7570,09/10/2025, 07:15:54,844
GEOR20066,Pako Forever,7570,09/10/2025, 08:21:46,844
GEOR20066,Pako Forever,7570,09/10/2025, 09:17:30,844
GEOR20066,Pako Forever,7570,09/10/2025, 10:17:02,844
GEOR20066,Pako Forever,7571,09/10/2025, 11:13:44,844
GEOR20066,Pako Forever,7571,09/10/2025, 12:32:41,844
GEOR20066,Pako Forever,7571,09/10/2025, 13:25:08,844
GEOR20066,Pako Forever,7571,09/10/2025, 14:16:00,844
GEOR20066,Pako Forever,7571,09/10/2025, 15:17:43,844
GEOR20066,Pako Forever,7571,09/10/2025, 16:20:08,844
GEOR20066,Pako Forever,7571,09/10/2025, 17:14:26,844
GEOR20066,Pako Forever,7571,09/10/2025, 18:23:15,844
GEOR20066,Pako Forever,7572,09/10/2025, 19:13:19,844
GEOR20066,Pako Forever,7572,09/10/2025, 20:18:48,844
GEOR20066,Pako Forever,7572,09/10/2025, 21:14:53,844
GEOR20066,Pako Forever,7572,09/10/2025, 22:15:16,844
GEOR20066,Pako Forever,7573,09/10/2025, 23:15:35,844
GEOR20066,Pako Forever,7573,09/11/2025, 01:12:01,844
GEOR20066,Pako Forever,7575,09/11/2025, 02:58:47,844
GEOR20066,Pako Forever,7575,09/11/2025, 03:33:06,844
GEOR20066,Pako Forever,7575,09/11/2025, 04:20:15,844
GEOR20066,Pako Forever,7575,09/11/2025, 05:16:40,844
GEOR20066,Pako Forever,7575,09/11/2025, 06:24:40,844
GEOR20066,Pako Forever,7576,09/11/2025, 07:16:08,844
GEOR20066,Pako Forever,7577,09/11/2025, 08:21:31,844
GEOR20066,Pako Forever,7577,09/11/2025, 09:17:16,844
GEOR20066,Pako Forever,7577,09/11/2025, 10:16:52,844
GEOR20066,Pako Forever,7577,09/11/2025, 11:13:37,844
GEOR20066,Pako Forever,7577,09/11/2025, 12:31:25,844
GEOR20066,Pako Forever,7577,09/11/2025, 13:22:30,844
GEOR20066,Pako Forever,7577,09/11/2025, 14:17:12,844
GEOR20066,Pako Forever,7578,09/11/2025, 15:16:33,844
GEOR20066,Pako Forever,7578,09/11/2025, 16:20:21,844
GEOR20066,Pako Forever,7578,09/11/2025, 17:14:12,844
GEOR20066,Pako Forever,7578,09/11/2025, 18:20:00,844
GEOR20066,Pako Forever,7578,09/11/2025, 19:12:51,844
GEOR20066,Pako Forever,7578,09/11/2025, 20:15:10,844
GEOR20066,Pako Forever,7578,09/11/2025, 21:14:47,844
GEOR20066,Pako Forever,7578,09/11/2025, 22:15:16,844
GEOR20066,Pako Forever,7579,09/11/2025, 23:15:34,844
GEOR20066,Pako Forever,7579,09/12/2025, 01:09:50,844
GEOR20066,Pako Forever,7579,09/12/2025, 02:53:26,844
GEOR20066,Pako Forever,7579,09/12/2025, 03:25:31,844
GEOR20066,Pako Forever,7579,09/12/2025, 04:18:58,844
GEOR20066,Pako Forever,7580,09/12/2025, 05:16:04,844
GEOR20066,Pako Forever,7580,09/12/2025, 06:24:10,844
GEOR20066,Pako Forever,7580,09/12/2025, 07:15:58,844
GEOR20066,Pako Forever,7580,09/12/2025, 08:20:40,844
GEOR20066,Pako Forever,7581,09/12/2025, 09:17:12,844
GEOR20066,Pako Forever,7581,09/12/2025, 10:17:37,844
GEOR20066,Pako Forever,7581,09/12/2025, 11:13:45,844
GEOR20066,Pako Forever,7581,09/12/2025, 12:31:07,844
GEOR20066,Pako Forever,7581,09/12/2025, 13:24:17,844
GEOR20066,Pako Forever,7581,09/12/2025, 14:15:46,844
GEOR20066,Pako Forever,7581,09/12/2025, 15:16:03,844
GEOR20066,Pako Forever,7581,09/12/2025, 16:17:05,844
GEOR20066,Pako Forever,7582,09/12/2025, 17:14:12,844
GEOR20066,Pako Forever,7582,09/12/2025, 18:19:45,844
GEOR20066,Pako Forever,7582,09/12/2025, 19:14:28,844
GEOR20066,Pako Forever,7582,09/12/2025, 20:17:57,844
GEOR20066,Pako Forever,7582,09/12/2025, 21:14:16,844
GEOR20066,Pako Forever,7582,09/12/2025, 22:14:52,844
GEOR20066,Pako Forever,7582,09/12/2025, 23:14:29,844
GEOR20066,Pako Forever,7582,09/13/2025, 01:06:46,844
GEOR20066,Pako Forever,7583,09/13/2025, 02:44:27,844
GEOR20066,Pako Forever,7583,09/13/2025, 03:19:34,844
GEOR20066,Pako Forever,7583,09/13/2025, 04:18:00,844
GEOR20066,Pako Forever,7583,09/13/2025, 05:14:45,844
GEOR20066,Pako Forever,7583,09/13/2025, 06:21:23,844
GEOR20066,Pako Forever,7583,09/13/2025, 07:13:41,844
GEOR20066,Pako Forever,7583,09/13/2025, 08:19:11,844
GEOR20066,Pako Forever,7583,09/13/2025, 09:15:00,844
GEOR20066,Pako Forever,7584,09/13/2025, 10:15:20,844
GEOR20066,Pako Forever,7584,09/13/2025, 11:12:07,844
GEOR20066,Pako Forever,7585,09/13/2025, 12:29:04,844
GEOR20066,Pako Forever,7585,09/13/2025, 13:18:47,844
GEOR20066,Pako Forever,7585,09/13/2025, 14:13:04,844
GEOR20066,Pako Forever,7585,09/13/2025, 15:13:50,844
GEOR20066,Pako Forever,7585,09/13/2025, 16:17:30,844
GEOR20066,Pako Forever,7586,09/13/2025, 17:12:35,844
GEOR20066,Pako Forever,7586,09/13/2025, 18:19:31,844
GEOR20066,Pako Forever,7586,09/13/2025, 19:12:08,844
GEOR20066,Pako Forever,7586,09/13/2025, 20:15:46,844
GEOR20066,Pako Forever,7587,09/13/2025, 21:13:13,844
GEOR20066,Pako Forever,7589,09/13/2025, 22:13:47,844
GEOR20066,Pako Forever,7590,09/13/2025, 23:14:16,844
GEOR20066,Pako Forever,7590,09/14/2025, 01:15:39,844
GEOR20066,Pako Forever,7590,09/14/2025, 03:01:10,844
GEOR20066,Pako Forever,7590,09/14/2025, 03:36:02,844
GEOR20066,Pako Forever,7590,09/14/2025, 04:19:12,844
GEOR20066,Pako Forever,7590,09/14/2025, 05:14:52,844
GEOR20066,Pako Forever,7591,09/14/2025, 06:21:54,844
GEOR20066,Pako Forever,7592,09/14/2025, 07:15:04,844
GEOR20066,Pako Forever,7592,09/14/2025, 08:19:10,844
GEOR20066,Pako Forever,7592,09/14/2025, 09:14:53,844
GEOR20066,Pako Forever,7592,09/14/2025, 10:14:36,844
GEOR20066,Pako Forever,7592,09/14/2025, 11:12:15,844
GEOR20066,Pako Forever,7592,09/14/2025, 12:28:26,844
GEOR20066,Pako Forever,7592,09/14/2025, 13:18:11,844
GEOR20066,Pako Forever,7592,09/14/2025, 14:13:30,844
GEOR20066,Pako Forever,7592,09/14/2025, 15:14:56,844
GEOR20066,Pako Forever,7593,09/14/2025, 16:17:05,844
GEOR20066,Pako Forever,7593,09/14/2025, 17:13:21,844
GEOR20066,Pako Forever,7593,09/14/2025, 18:19:49,844
GEOR20066,Pako Forever,7593,09/14/2025, 19:11:58,844
GEOR20066,Pako Forever,7593,09/14/2025, 20:16:21,844
GEOR20066,Pako Forever,7593,09/14/2025, 21:13:40,844
GEOR20066,Pako Forever,7594,09/14/2025, 22:14:26,844
GEOR20066,Pako Forever,7594,09/14/2025, 23:14:23,844
GEOR20066,Pako Forever,7594,09/15/2025, 01:16:01,844
GEOR20066,Pako Forever,7594,09/15/2025, 03:05:54,844
GEOR20066,Pako Forever,7594,09/15/2025, 04:20:11,844
GEOR20066,Pako Forever,7594,09/15/2025, 05:16:47,844
GEOR20066,Pako Forever,7595,09/15/2025, 06:26:17,844
GEOR20066,Pako Forever,7595,09/15/2025, 07:17:23,844
GEOR20066,Pako Forever,7595,09/15/2025, 08:22:56,844
GEOR20066,Pako Forever,7595,09/15/2025, 09:19:50,844
GEOR20066,Pako Forever,7595,09/15/2025, 10:18:20,844
GEOR20066,Pako Forever,7595,09/15/2025, 11:14:12,844
GEOR20066,Pako Forever,7595,09/15/2025, 12:33:28,844
GEOR20066,Pako Forever,7595,09/15/2025, 13:26:28,844
GEOR20066,Pako Forever,7595,09/15/2025, 14:17:13,844
GEOR20066,Pako Forever,7595,09/15/2025, 15:18:24,844
GEOR20066,Pako Forever,7596,09/15/2025, 16:20:24,844
GEOR20066,Pako Forever,7596,09/15/2025, 17:14:58,844
GEOR20066,Pako Forever,7596,09/15/2025, 18:23:12,844
GEOR20066,Pako Forever,7596,09/15/2025, 20:17:42,844
GEOR20066,Pako Forever,7596,09/15/2025, 21:14:48,844
GEOR20066,Pako Forever,7596,09/15/2025, 22:14:54,844
GEOR20066,Pako Forever,7596,09/15/2025, 23:14:55,844
GEOR20066,Pako Forever,7597,09/16/2025, 01:10:14,844
GEOR20066,Pako Forever,7598,09/16/2025, 02:54:56,844
GEOR20066,Pako Forever,7598,09/16/2025, 03:28:14,844
GEOR20066,Pako Forever,7598,09/16/2025, 04:19:17,844
GEOR20066,Pako Forever,7598,09/16/2025, 05:16:46,844
GEOR20066,Pako Forever,7598,09/16/2025, 06:24:36,844
GEOR20066,Pako Forever,7598,09/16/2025, 07:16:29,844
GEOR20066,Pako Forever,7598,09/16/2025, 08:22:39,844
GEOR20066,Pako Forever,7599,09/16/2025, 09:18:13,844
GEOR20066,Pako Forever,7599,09/16/2025, 10:17:47,844
GEOR20066,Pako Forever,7599,09/16/2025, 11:14:33,844
GEOR20066,Pako Forever,7599,09/16/2025, 12:32:48,844
GEOR20066,Pako Forever,7599,09/16/2025, 13:26:52,844
GEOR20066,Pako Forever,7601,09/16/2025, 14:16:50,844
GEOR20066,Pako Forever,7601,09/16/2025, 15:18:17,844
GEOR20066,Pako Forever,7601,09/16/2025, 16:20:24,844
GEOR20066,Pako Forever,7601,09/16/2025, 17:14:45,844
GEOR20066,Pako Forever,7601,09/16/2025, 18:24:00,844
GEOR20066,Pako Forever,7601,09/16/2025, 19:14:00,844
GEOR20066,Pako Forever,7602,09/16/2025, 20:17:52,844
GEOR20066,Pako Forever,7602,09/16/2025, 21:15:19,844
GEOR20066,Pako Forever,7602,09/16/2025, 22:14:57,844
GEOR20066,Pako Forever,7603,09/16/2025, 23:12:14,844
GEOR20066,Pako Forever,7603,09/17/2025, 01:09:45,844
GEOR20066,Pako Forever,7603,09/17/2025, 02:54:09,844
GEOR20066,Pako Forever,7603,09/17/2025, 03:26:22,844
GEOR20066,Pako Forever,7603,09/17/2025, 04:19:29,844
GEOR20066,Pako Forever,7603,09/17/2025, 05:16:44,844
GEOR20066,Pako Forever,7603,09/17/2025, 06:24:55,844
GEOR20066,Pako Forever,7603,09/17/2025, 07:15:24,844
GEOR20066,Pako Forever,7603,09/17/2025, 08:21:26,844
GEOR20066,Pako Forever,7603,09/17/2025, 09:18:08,844
GEOR20066,Pako Forever,7603,09/17/2025, 10:17:21,844
GEOR20066,Pako Forever,7603,09/17/2025, 11:13:55,844
GEOR20066,Pako Forever,7603,09/17/2025, 12:33:10,844
GEOR20066,Pako Forever,7603,09/17/2025, 13:25:43,844
GEOR20066,Pako Forever,7603,09/17/2025, 14:16:35,844
GEOR20066,Pako Forever,7603,09/17/2025, 15:18:05,844
GEOR20066,Pako Forever,7604,09/17/2025, 16:21:24,844
GEOR20066,Pako Forever,7604,09/17/2025, 17:14:14,844
GEOR20066,Pako Forever,7606,09/17/2025, 18:22:57,844
GEOR20066,Pako Forever,7606,09/17/2025, 19:13:32,844
GEOR20066,Pako Forever,7606,09/17/2025, 20:17:37,844
GEOR20066,Pako Forever,7606,09/17/2025, 21:14:57,844
GEOR20066,Pako Forever,7606,09/17/2025, 22:15:09,844
GEOR20066,Pako Forever,7606,09/17/2025, 23:14:37,844
GEOR20066,Pako Forever,7606,09/18/2025, 01:09:52,844
GEOR20066,Pako Forever,7607,09/18/2025, 02:56:03,844
GEOR20066,Pako Forever,7607,09/18/2025, 03:28:56,844
GEOR20066,Pako Forever,7607,09/18/2025, 04:20:02,844
GEOR20066,Pako Forever,7607,09/18/2025, 05:16:18,844
GEOR20066,Pako Forever,7607,09/18/2025, 06:23:55,844
GEOR20066,Pako Forever,7607,09/18/2025, 07:16:08,844
GEOR20066,Pako Forever,7607,09/18/2025, 08:21:39,844
GEOR20066,Pako Forever,7607,09/18/2025, 09:17:36,844
GEOR20066,Pako Forever,7607,09/18/2025, 10:17:14,844
GEOR20066,Pako Forever,7607,09/18/2025, 11:14:19,844
GEOR20066,Pako Forever,7607,09/18/2025, 12:32:13,844
GEOR20066,Pako Forever,7607,09/18/2025, 13:25:43,844
GEOR20066,Pako Forever,7608,09/18/2025, 14:16:50,844
GEOR20066,Pako Forever,7608,09/18/2025, 15:17:57,844
GEOR20066,Pako Forever,7608,09/18/2025, 16:19:42,844
GEOR20066,Pako Forever,7608,09/18/2025, 17:14:36,844
GEOR20066,Pako Forever,7608,09/18/2025, 18:23:57,844
GEOR20066,Pako Forever,7608,09/18/2025, 19:13:23,844
GEOR20066,Pako Forever,7608,09/18/2025, 20:18:24,844
GEOR20066,Pako Forever,7608,09/18/2025, 21:15:25,844
GEOR20066,Pako Forever,7610,09/18/2025, 22:14:25,844
GEOR20066,Pako Forever,7610,09/18/2025, 23:15:04,844
GEOR20066,Pako Forever,7610,09/19/2025, 01:12:19,844
GEOR20066,Pako Forever,7611,09/19/2025, 02:58:51,844
GEOR20066,Pako Forever,7611,09/19/2025, 03:33:59,844
GEOR20066,Pako Forever,7611,09/19/2025, 04:19:35,844
GEOR20066,Pako Forever,7611,09/19/2025, 05:16:06,844
GEOR20066,Pako Forever,7611,09/19/2025, 06:24:09,844
GEOR20066,Pako Forever,7611,09/19/2025, 07:15:45,844
GEOR20066,Pako Forever,7611,09/19/2025, 08:21:38,844
GEOR20066,Pako Forever,7611,09/19/2025, 09:18:42,844
GEOR20066,Pako Forever,7612,09/19/2025, 10:18:10,844
GEOR20066,Pako Forever,7612,09/19/2025, 11:13:58,844
GEOR20066,Pako Forever,7612,09/19/2025, 12:33:03,844
GEOR20066,Pako Forever,7612,09/19/2025, 13:25:24,844
GEOR20066,Pako Forever,7612,09/19/2025, 14:16:25,844
GEOR20066,Pako Forever,7612,09/19/2025, 15:16:56,844
GEOR20066,Pako Forever,7612,09/19/2025, 16:19:13,844
GEOR20066,Pako Forever,7612,09/19/2025, 17:14:08,844
GEOR20066,Pako Forever,7612,09/19/2025, 18:22:27,844
GEOR20066,Pako Forever,7612,09/19/2025, 19:13:25,844
GEOR20066,Pako Forever,7612,09/19/2025, 20:17:33,844
GEOR20066,Pako Forever,7613,09/19/2025, 21:14:34,844
GEOR20066,Pako Forever,7614,09/19/2025, 22:15:23,844
GEOR20066,Pako Forever,7614,09/19/2025, 23:14:49,844
GEOR20066,Pako Forever,7615,09/20/2025, 01:08:41,844
GEOR20066,Pako Forever,7615,09/20/2025, 02:52:54,844
GEOR20066,Pako Forever,7615,09/20/2025, 03:25:38,844
GEOR20066,Pako Forever,7615,09/20/2025, 04:19:24,844
GEOR20066,Pako Forever,7615,09/20/2025, 05:15:19,844
GEOR20066,Pako Forever,7615,09/20/2025, 06:22:14,844
GEOR20066,Pako Forever,7616,09/20/2025, 07:14:46,844
GEOR20066,Pako Forever,7617,09/20/2025, 08:19:47,844
GEOR20066,Pako Forever,7617,09/20/2025, 09:15:37,844
GEOR20066,Pako Forever,7617,09/20/2025, 10:15:45,844
GEOR20066,Pako Forever,7617,09/20/2025, 11:12:41,844
GEOR20066,Pako Forever,7617,09/20/2025, 12:29:59,844
GEOR20066,Pako Forever,7619,09/20/2025, 13:20:27,844
GEOR20066,Pako Forever,7619,09/20/2025, 14:13:46,844
GEOR20066,Pako Forever,7619,09/20/2025, 15:14:52,844
GEOR20066,Pako Forever,7620,09/20/2025, 16:17:49,844
GEOR20066,Pako Forever,7620,09/20/2025, 17:12:52,844
GEOR20066,Pako Forever,7620,09/20/2025, 18:20:35,844
GEOR20066,Pako Forever,7620,09/20/2025, 19:11:34,844
GEOR20066,Pako Forever,7621,09/20/2025, 20:15:31,844
GEOR20066,Pako Forever,7621,09/20/2025, 21:13:06,844
GEOR20066,Pako Forever,7621,09/20/2025, 22:14:22,844
GEOR20066,Pako Forever,7622,09/20/2025, 23:14:39,844
GEOR20066,Pako Forever,7623,09/21/2025, 01:17:29,844
GEOR20066,Pako Forever,7623,09/21/2025, 03:05:36,844
GEOR20066,Pako Forever,7623,09/21/2025, 04:19:16,844
GEOR20066,Pako Forever,7623,09/21/2025, 05:15:21,844
GEOR20066,Pako Forever,7623,09/21/2025, 06:22:45,844
GEOR20066,Pako Forever,7623,09/21/2025, 07:14:19,844
GEOR20066,Pako Forever,7623,09/21/2025, 08:18:42,844
GEOR20066,Pako Forever,7623,09/21/2025, 09:14:40,844
GEOR20066,Pako Forever,7623,09/21/2025, 10:15:15,844
GEOR20066,Pako Forever,7623,09/21/2025, 11:12:13,844
GEOR20066,Pako Forever,7623,09/21/2025, 12:29:44,844
GEOR20066,Pako Forever,7623,09/21/2025, 13:20:36,844
GEOR20066,Pako Forever,7623,09/21/2025, 14:13:38,844
GEOR20066,Pako Forever,7623,09/21/2025, 15:15:02,844
GEOR20066,Pako Forever,7623,09/21/2025, 16:18:09,844
GEOR20066,Pako Forever,7623,09/21/2025, 17:13:47,844
GEOR20066,Pako Forever,7626,09/21/2025, 18:20:41,844
GEOR20066,Pako Forever,7626,09/21/2025, 19:12:49,844
GEOR20066,Pako Forever,7627,09/21/2025, 20:16:54,844
GEOR20066,Pako Forever,7627,09/21/2025, 21:13:48,844
GEOR20066,Pako Forever,7627,09/21/2025, 22:14:58,844
GEOR20066,Pako Forever,7629,09/21/2025, 23:14:40,844
GEOR20066,Pako Forever,7630,09/22/2025, 01:16:49,844
GEOR20066,Pako Forever,7630,09/22/2025, 03:05:34,844
GEOR20066,Pako Forever,7632,09/22/2025, 04:20:10,844
GEOR20066,Pako Forever,7632,09/22/2025, 05:16:53,844
GEOR20066,Pako Forever,7632,09/22/2025, 06:26:09,844
GEOR20066,Pako Forever,7633,09/22/2025, 07:17:20,844
GEOR20066,Pako Forever,7633,09/22/2025, 08:23:12,844
GEOR20066,Pako Forever,7633,09/22/2025, 09:20:39,844
GEOR20066,Pako Forever,7633,09/22/2025, 10:18:49,844
GEOR20066,Pako Forever,7633,09/22/2025, 11:14:37,844
GEOR20066,Pako Forever,7633,09/22/2025, 12:33:37,844
GEOR20066,Pako Forever,7633,09/22/2025, 13:27:13,844
GEOR20066,Pako Forever,7633,09/22/2025, 14:17:50,844
GEOR20066,Pako Forever,7633,09/22/2025, 15:18:28,844
GEOR20066,Pako Forever,7633,09/22/2025, 16:20:52,844
GEOR20066,Pako Forever,7633,09/22/2025, 17:14:50,844
GEOR20066,Pako Forever,7633,09/22/2025, 18:22:55,844
GEOR20066,Pako Forever,7633,09/22/2025, 19:14:04,844
GEOR20066,Pako Forever,7633,09/22/2025, 20:18:17,844
GEOR20066,Pako Forever,7633,09/22/2025, 21:14:42,844
GEOR20066,Pako Forever,7633,09/22/2025, 22:15:28,844
GEOR20066,Pako Forever,7633,09/22/2025, 23:15:20,844
GEOR20066,Pako Forever,7633,09/23/2025, 01:10:17,844
GEOR20066,Pako Forever,7634,09/23/2025, 02:56:11,844
GEOR20066,Pako Forever,7635,09/23/2025, 03:29:58,844
GEOR20066,Pako Forever,7635,09/23/2025, 04:19:23,844
GEOR20066,Pako Forever,7635,09/23/2025, 05:16:24,844
GEOR20066,Pako Forever,7635,09/23/2025, 06:24:39,844
GEOR20066,Pako Forever,7635,09/23/2025, 07:16:53,844
GEOR20066,Pako Forever,7635,09/23/2025, 08:21:58,844
GEOR20066,Pako Forever,7635,09/23/2025, 09:18:11,844
GEOR20066,Pako Forever,7635,09/23/2025, 10:17:23,844
GEOR20066,Pako Forever,7635,09/23/2025, 11:14:09,844
GEOR20066,Pako Forever,7635,09/23/2025, 12:32:40,844
GEOR20066,Pako Forever,7635,09/23/2025, 13:27:05,844
GEOR20066,Pako Forever,7635,09/23/2025, 14:16:59,844
GEOR20066,Pako Forever,7635,09/23/2025, 15:18:10,844
GEOR20066,Pako Forever,7635,09/23/2025, 16:20:33,844
GEOR20066,Pako Forever,7635,09/23/2025, 17:13:09,844
GEOR20066,Pako Forever,7635,09/23/2025, 18:23:57,844
GEOR20066,Pako Forever,7635,09/23/2025, 19:13:52,844
GEOR20066,Pako Forever,7635,09/23/2025, 20:17:56,844
GEOR20066,Pako Forever,7635,09/23/2025, 21:14:48,844
GEOR20066,Pako Forever,7635,09/23/2025, 22:15:48,844
GEOR20066,Pako Forever,7636,09/23/2025, 23:15:17,844
GEOR20066,Pako Forever,7636,09/24/2025, 01:11:48,844
GEOR20066,Pako Forever,7636,09/24/2025, 02:57:44,844
GEOR20066,Pako Forever,7636,09/24/2025, 03:31:01,844
GEOR20066,Pako Forever,7636,09/24/2025, 04:19:29,844
GEOR20066,Pako Forever,7636,09/24/2025, 05:16:25,844
GEOR20066,Pako Forever,7636,09/24/2025, 06:24:36,844
GEOR20066,Pako Forever,7636,09/24/2025, 07:17:19,844
GEOR20066,Pako Forever,7636,09/24/2025, 08:22:18,844
GEOR20066,Pako Forever,7636,09/24/2025, 09:18:29,844
GEOR20066,Pako Forever,7636,09/24/2025, 10:17:26,844
GEOR20066,Pako Forever,7636,09/24/2025, 11:14:14,844
GEOR20066,Pako Forever,7636,09/24/2025, 12:32:51,844
GEOR20066,Pako Forever,7636,09/24/2025, 13:27:03,844
GEOR20066,Pako Forever,7636,09/24/2025, 14:14:45,844
GEOR20066,Pako Forever,7636,09/24/2025, 15:17:48,844
GEOR20066,Pako Forever,7636,09/24/2025, 16:21:13,844
GEOR20066,Pako Forever,7636,09/24/2025, 17:15:12,844
GEOR20066,Pako Forever,7636,09/24/2025, 18:22:44,844
GEOR20066,Pako Forever,7636,09/24/2025, 19:14:25,844
GEOR20066,Pako Forever,7636,09/24/2025, 20:18:26,844
GEOR20066,Pako Forever,7636,09/24/2025, 21:15:18,844
GEOR20066,Pako Forever,7637,09/24/2025, 22:15:23,844
GEOR20066,Pako Forever,7637,09/25/2025, 01:11:50,844
GEOR20066,Pako Forever,7637,09/25/2025, 02:59:54,844
GEOR20066,Pako Forever,7637,09/25/2025, 03:36:57,844
GEOR20066,Pako Forever,7637,09/25/2025, 04:20:12,844
GEOR20066,Pako Forever,7638,09/25/2025, 05:16:30,844
GEOR20066,Pako Forever,7638,09/25/2025, 06:24:49,844
GEOR20066,Pako Forever,7638,09/25/2025, 07:17:51,844
GEOR20066,Pako Forever,7638,09/25/2025, 08:22:07,844
GEOR20066,Pako Forever,7638,09/25/2025, 09:17:39,844
GEOR20066,Pako Forever,7638,09/25/2025, 10:18:09,844
GEOR20066,Pako Forever,7638,09/25/2025, 11:15:22,844
GEOR20066,Pako Forever,7638,09/25/2025, 12:34:08,844
GEOR20066,Pako Forever,7638,09/25/2025, 13:27:32,844
GEOR20066,Pako Forever,7638,09/25/2025, 14:17:36,844
GEOR20066,Pako Forever,7638,09/25/2025, 15:18:09,844
GEOR20066,Pako Forever,7639,09/25/2025, 16:20:27,844
GEOR20066,Pako Forever,7639,09/25/2025, 17:14:37,844
GEOR20066,Pako Forever,7639,09/25/2025, 18:24:08,844
GEOR20066,Pako Forever,7639,09/25/2025, 19:14:22,844
GEOR20066,Pako Forever,7639,09/25/2025, 20:18:50,844
GEOR20066,Pako Forever,7640,09/25/2025, 21:15:31,844
GEOR20066,Pako Forever,7640,09/25/2025, 22:14:19,844
GEOR20066,Pako Forever,7640,09/25/2025, 23:15:11,844
GEOR20066,Pako Forever,7640,09/26/2025, 01:11:36,844
GEOR20066,Pako Forever,7641,09/26/2025, 02:58:05,844
GEOR20066,Pako Forever,7642,09/26/2025, 03:32:05,844
GEOR20066,Pako Forever,7642,09/26/2025, 04:19:41,844
GEOR20066,Pako Forever,7642,09/26/2025, 05:16:13,844
GEOR20066,Pako Forever,7642,09/26/2025, 06:24:59,844
GEOR20066,Pako Forever,7642,09/26/2025, 07:17:31,844
GEOR20066,Pako Forever,7642,09/26/2025, 08:23:11,844
GEOR20066,Pako Forever,7643,09/26/2025, 09:18:27,844
GEOR20066,Pako Forever,7643,09/26/2025, 10:17:16,844
GEOR20066,Pako Forever,7643,09/26/2025, 11:14:22,844
GEOR20066,Pako Forever,7644,09/26/2025, 12:32:50,844
GEOR20066,Pako Forever,7644,09/26/2025, 13:25:40,844
GEOR20066,Pako Forever,7644,09/26/2025, 14:15:01,844
GEOR20066,Pako Forever,7644,09/26/2025, 15:17:29,844
GEOR20066,Pako Forever,7644,09/26/2025, 16:20:34,844
GEOR20066,Pako Forever,7644,09/26/2025, 17:14:48,844
GEOR20066,Pako Forever,7644,09/26/2025, 18:21:57,844
GEOR20066,Pako Forever,7644,09/26/2025, 19:13:47,844
GEOR20066,Pako Forever,7645,09/26/2025, 20:17:46,844
GEOR20066,Pako Forever,7646,09/26/2025, 21:14:41,844
GEOR20066,Pako Forever,7646,09/26/2025, 22:14:57,844
GEOR20066,Pako Forever,7646,09/26/2025, 23:15:27,844
GEOR20066,Pako Forever,7646,09/27/2025, 01:08:37,844
GEOR20066,Pako Forever,7646,09/27/2025, 02:52:31,844
GEOR20066,Pako Forever,7646,09/27/2025, 03:25:39,844
GEOR20066,Pako Forever,7646,09/27/2025, 04:19:19,844
GEOR20066,Pako Forever,7646,09/27/2025, 05:15:39,844
GEOR20066,Pako Forever,7646,09/27/2025, 06:21:13,844
GEOR20066,Pako Forever,7646,09/27/2025, 07:14:10,844
GEOR20066,Pako Forever,7646,09/27/2025, 08:19:29,844
GEOR20066,Pako Forever,7646,09/27/2025, 09:14:41,844
GEOR20066,Pako Forever,7647,09/27/2025, 10:15:32,844
GEOR20066,Pako Forever,7647,09/27/2025, 11:12:11,844
GEOR20066,Pako Forever,7647,09/27/2025, 12:29:05,844
GEOR20066,Pako Forever,7647,09/27/2025, 13:20:00,844
GEOR20066,Pako Forever,7647,09/27/2025, 14:13:26,844
GEOR20066,Pako Forever,7647,09/27/2025, 15:14:36,844
GEOR20066,Pako Forever,7647,09/27/2025, 16:18:04,844
GEOR20066,Pako Forever,7647,09/27/2025, 17:13:19,844
GEOR20066,Pako Forever,7648,09/27/2025, 18:20:33,844
GEOR20066,Pako Forever,7648,09/27/2025, 19:12:14,844
GEOR20066,Pako Forever,7648,09/27/2025, 20:16:13,844
GEOR20066,Pako Forever,7648,09/27/2025, 21:13:35,844
GEOR20066,Pako Forever,7648,09/27/2025, 22:14:41,844
GEOR20066,Pako Forever,7648,09/27/2025, 23:14:51,844
GEOR20066,Pako Forever,7648,09/28/2025, 01:18:36,844
GEOR20066,Pako Forever,7648,09/28/2025, 03:06:53,844
GEOR20066,Pako Forever,7648,09/28/2025, 04:19:10,844
GEOR20066,Pako Forever,7648,09/28/2025, 05:15:35,844
GEOR20066,Pako Forever,7648,09/28/2025, 06:22:23,844
GEOR20066,Pako Forever,7648,09/28/2025, 07:14:43,844
GEOR20066,Pako Forever,7648,09/28/2025, 08:19:34,844
GEOR20066,Pako Forever,7648,09/28/2025, 09:14:55,844
GEOR20066,Pako Forever,7648,09/28/2025, 10:15:48,844
GEOR20066,Pako Forever,7648,09/28/2025, 11:12:35,844
GEOR20066,Pako Forever,7648,09/28/2025, 12:29:26,844
GEOR20066,Pako Forever,7648,09/28/2025, 13:20:28,844
GEOR20066,Pako Forever,7648,09/28/2025, 14:12:57,844
GEOR20066,Pako Forever,7648,09/28/2025, 15:14:34,844
GEOR20066,Pako Forever,7649,09/28/2025, 16:17:31,844
GEOR20066,Pako Forever,7649,09/28/2025, 17:13:15,844
GEOR20066,Pako Forever,7650,09/28/2025, 18:20:35,844
GEOR20066,Pako Forever,7651,09/28/2025, 19:12:11,844
GEOR20066,Pako Forever,7652,09/28/2025, 20:17:10,844
GEOR20066,Pako Forever,7652,09/28/2025, 21:13:32,844
GEOR20066,Pako Forever,7652,09/28/2025, 22:14:35,844
GEOR20066,Pako Forever,7652,09/28/2025, 23:15:15,844
GEOR20066,Pako Forever,7652,09/29/2025, 01:13:33,844
GEOR20066,Pako Forever,7653,09/29/2025, 03:02:42,844
GEOR20066,Pako Forever,7653,09/29/2025, 04:20:44,844
GEOR20066,Pako Forever,7653,09/29/2025, 05:18:13,844
GEOR20066,Pako Forever,7653,09/29/2025, 06:26:10,844
GEOR20066,Pako Forever,7654,09/29/2025, 07:17:34,844
GEOR20066,Pako Forever,7654,09/29/2025, 08:23:57,844
GEOR20066,Pako Forever,7654,09/29/2025, 09:19:59,844
GEOR20066,Pako Forever,7655,09/29/2025, 10:19:15,844
GEOR20066,Pako Forever,7655,09/29/2025, 11:14:59,844
GEOR20066,Pako Forever,7655,09/29/2025, 12:34:18,844
GEOR20066,Pako Forever,7655,09/29/2025, 13:27:42,844
GEOR20066,Pako Forever,7655,09/29/2025, 14:16:57,844
GEOR20066,Pako Forever,7655,09/29/2025, 15:17:20,844
GEOR20066,Pako Forever,7655,09/29/2025, 16:17:32,844
GEOR20066,Pako Forever,7655,09/29/2025, 17:15:25,844
GEOR20066,Pako Forever,7655,09/29/2025, 18:24:04,844
GEOR20066,Pako Forever,7655,09/29/2025, 19:14:07,844
GEOR20066,Pako Forever,7656,09/29/2025, 20:16:56,844
GEOR20066,Pako Forever,7656,09/29/2025, 21:14:38,844
GEOR20066,Pako Forever,7656,09/29/2025, 22:15:11,844
GEOR20066,Pako Forever,7656,09/29/2025, 23:15:30,844
GEOR20066,Pako Forever,7656,09/30/2025, 01:12:42,844
GEOR20066,Pako Forever,7656,09/30/2025, 02:56:58,844
GEOR20066,Pako Forever,7656,09/30/2025, 03:30:11,844
GEOR20066,Pako Forever,7656,09/30/2025, 04:20:01,844
GEOR20066,Pako Forever,7657,09/30/2025, 05:16:32,844
GEOR20066,Pako Forever,7657,09/30/2025, 06:25:41,844
GEOR20066,Pako Forever,7657,09/30/2025, 07:17:59,844
GEOR20066,Pako Forever,7658,09/30/2025, 08:23:09,844
GEOR20066,Pako Forever,7658,09/30/2025, 09:18:06,844
GEOR20066,Pako Forever,7658,09/30/2025, 10:17:45,844
GEOR20066,Pako Forever,7658,09/30/2025, 11:14:33,844
GEOR20066,Pako Forever,7658,09/30/2025, 12:34:22,844
GEOR20066,Pako Forever,7658,09/30/2025, 13:27:56,844
GEOR20066,Pako Forever,7658,09/30/2025, 14:17:04,844
GEOR20066,Pako Forever,7658,09/30/2025, 15:15:30,844
GEOR20066,Pako Forever,7658,09/30/2025, 16:20:48,844
GEOR20066,Pako Forever,7658,09/30/2025, 17:15:23,844
GEOR20066,Pako Forever,7658,09/30/2025, 18:21:44,844
GEOR20066,Pako Forever,7658,09/30/2025, 19:13:51,844
GEOR20066,Pako Forever,7658,09/30/2025, 20:17:47,844
GEOR20066,Pako Forever,7659,09/30/2025, 21:15:08,844
GEOR20066,Pako Forever,7659,09/30/2025, 22:15:13,844
GEOR20066,Pako Forever,7659,09/30/2025, 23:15:18,844
GEOR20066,Pako Forever,7660,10/01/2025, 01:19:48,844
GEOR20066,Pako Forever,7660,10/01/2025, 03:09:58,844
GEOR20066,Pako Forever,7660,10/01/2025, 04:19:58,844
GEOR20066,Pako Forever,7660,10/01/2025, 05:16:44,844
GEOR20066,Pako Forever,7660,10/01/2025, 06:25:05,844
GEOR20066,Pako Forever,7660,10/01/2025, 07:17:23,844
GEOR20066,Pako Forever,7660,10/01/2025, 08:22:44,844
GEOR20066,Pako Forever,7660,10/01/2025, 09:18:38,844
GEOR20066,Pako Forever,7660,10/01/2025, 10:18:04,844
GEOR20066,Pako Forever,7660,10/01/2025, 11:15:09,844
GEOR20066,Pako Forever,7660,10/01/2025, 12:35:06,844
GEOR20066,Pako Forever,7660,10/01/2025, 13:27:38,844
GEOR20066,Pako Forever,7660,10/01/2025, 14:17:33,844
GEOR20066,Pako Forever,7660,10/01/2025, 15:16:36,844
GEOR20066,Pako Forever,7660,10/01/2025, 16:21:23,844
GEOR20066,Pako Forever,7660,10/01/2025, 17:15:50,844
GEOR20066,Pako Forever,7660,10/01/2025, 18:23:29,844
GEOR20066,Pako Forever,7660,10/01/2025, 19:14:09,844
GEOR20066,Pako Forever,7660,10/01/2025, 20:18:41,844
GEOR20066,Pako Forever,7660,10/01/2025, 21:15:27,844
GEOR20066,Pako Forever,7660,10/01/2025, 22:15:27,844
GEOR20066,Pako Forever,7660,10/01/2025, 23:14:38,844
GEOR20066,Pako Forever,7660,10/02/2025, 01:10:16,844
GEOR20066,Pako Forever,7660,10/02/2025, 02:55:35,844
GEOR20066,Pako Forever,7660,10/02/2025, 03:28:06,844
GEOR20066,Pako Forever,7660,10/02/2025, 04:19:04,844
GEOR20066,Pako Forever,7660,10/02/2025, 05:15:51,844
GEOR20066,Pako Forever,7660,10/02/2025, 06:24:35,844
GEOR20066,Pako Forever,7660,10/02/2025, 07:16:16,844
GEOR20066,Pako Forever,7660,10/02/2025, 08:21:21,844
GEOR20066,Pako Forever,7660,10/02/2025, 09:17:41,844
GEOR20066,Pako Forever,7660,10/02/2025, 10:16:25,844
GEOR20066,Pako Forever,7660,10/02/2025, 11:13:36,844
GEOR20066,Pako Forever,7660,10/02/2025, 12:31:52,844
GEOR20066,Pako Forever,7660,10/02/2025, 13:24:56,844
GEOR20066,Pako Forever,7660,10/02/2025, 14:16:02,844
GEOR20066,Pako Forever,7660,10/02/2025, 15:17:17,844
GEOR20066,Pako Forever,7660,10/02/2025, 16:19:56,844
GEOR20066,Pako Forever,7660,10/02/2025, 17:13:08,844
GEOR20066,Pako Forever,7660,10/02/2025, 18:23:07,844
GEOR20066,Pako Forever,7660,10/02/2025, 19:14:10,844
GEOR20066,Pako Forever,7660,10/02/2025, 20:17:30,844
GEOR20066,Pako Forever,7660,10/02/2025, 21:14:37,844
GEOR20066,Pako Forever,7660,10/02/2025, 22:15:05,844
GEOR20066,Pako Forever,7660,10/02/2025, 23:14:47,844
GEOR20066,Pako Forever,7660,10/03/2025, 01:10:05,844
GEOR20066,Pako Forever,7660,10/03/2025, 02:55:11,844
GEOR20066,Pako Forever,7660,10/03/2025, 03:27:07,844
GEOR20066,Pako Forever,7660,10/03/2025, 04:19:20,844
GEOR20066,Pako Forever,7660,10/03/2025, 05:16:12,844
GEOR20066,Pako Forever,7661,10/03/2025, 06:23:42,844
GEOR20066,Pako Forever,7661,10/03/2025, 07:16:19,844
GEOR20066,Pako Forever,7661,10/03/2025, 08:20:53,844
GEOR20066,Pako Forever,7661,10/03/2025, 09:17:06,844
GEOR20066,Pako Forever,7661,10/03/2025, 10:17:06,844
GEOR20066,Pako Forever,7661,10/03/2025, 11:13:53,844
GEOR20066,Pako Forever,7662,10/03/2025, 12:32:06,844
GEOR20066,Pako Forever,7662,10/03/2025, 13:24:01,844
GEOR20066,Pako Forever,7663,10/03/2025, 14:15:42,844
GEOR20066,Pako Forever,7663,10/03/2025, 15:16:33,844
GEOR20066,Pako Forever,7663,10/03/2025, 16:19:35,844
GEOR20066,Pako Forever,7663,10/03/2025, 17:14:38,844
GEOR20066,Pako Forever,7663,10/03/2025, 18:22:35,844
GEOR20066,Pako Forever,7663,10/03/2025, 19:14:08,844
GEOR20066,Pako Forever,7663,10/03/2025, 20:17:28,844
GEOR20066,Pako Forever,7663,10/03/2025, 21:14:37,844
GEOR20066,Pako Forever,7664,10/03/2025, 22:14:49,844
GEOR20066,Pako Forever,7664,10/03/2025, 23:14:27,844
GEOR20066,Pako Forever,7664,10/04/2025, 01:07:20,844
GEOR20066,Pako Forever,7664,10/04/2025, 02:48:01,844
GEOR20066,Pako Forever,7664,10/04/2025, 03:22:37,844
GEOR20066,Pako Forever,7664,10/04/2025, 04:18:56,844
GEOR20066,Pako Forever,7664,10/04/2025, 05:14:49,844
GEOR20066,Pako Forever,7664,10/04/2025, 06:21:52,844
GEOR20066,Pako Forever,7664,10/04/2025, 07:14:16,844
GEOR20066,Pako Forever,7664,10/04/2025, 08:19:17,844
GEOR20066,Pako Forever,7665,10/04/2025, 09:15:09,844
GEOR20066,Pako Forever,7665,10/04/2025, 10:15:08,844
GEOR20066,Pako Forever,7665,10/04/2025, 11:12:36,844
GEOR20066,Pako Forever,7665,10/04/2025, 12:28:59,844
GEOR20066,Pako Forever,7665,10/04/2025, 13:19:13,844
GEOR20066,Pako Forever,7665,10/04/2025, 14:13:50,844
GEOR20066,Pako Forever,7665,10/04/2025, 15:14:31,844
GEOR20066,Pako Forever,7665,10/04/2025, 16:17:46,844
GEOR20066,Pako Forever,7666,10/04/2025, 17:13:17,844
GEOR20066,Pako Forever,7667,10/04/2025, 18:20:28,844
GEOR20066,Pako Forever,7667,10/04/2025, 19:12:02,844
GEOR20066,Pako Forever,7667,10/04/2025, 20:16:39,844
GEOR20066,Pako Forever,7667,10/04/2025, 21:13:17,844
GEOR20066,Pako Forever,7667,10/04/2025, 22:14:27,844
GEOR20066,Pako Forever,7667,10/04/2025, 23:15:03,844
GEOR20066,Pako Forever,7667,10/05/2025, 01:17:35,844
GEOR20066,Pako Forever,7667,10/05/2025, 03:06:04,844
GEOR20066,Pako Forever,7668,10/05/2025, 04:18:43,844
GEOR20066,Pako Forever,7668,10/05/2025, 05:14:48,844
GEOR20066,Pako Forever,7668,10/05/2025, 06:21:39,844
GEOR20066,Pako Forever,7668,10/05/2025, 07:14:22,844
GEOR20066,Pako Forever,7668,10/05/2025, 08:18:49,844
GEOR20066,Pako Forever,7668,10/05/2025, 09:14:57,844
GEOR20066,Pako Forever,7668,10/05/2025, 10:15:33,844
GEOR20066,Pako Forever,7668,10/05/2025, 11:12:11,844
GEOR20066,Pako Forever,7668,10/05/2025, 12:29:17,844
GEOR20066,Pako Forever,7668,10/05/2025, 13:20:12,844
GEOR20066,Pako Forever,7669,10/05/2025, 14:13:46,844
GEOR20066,Pako Forever,7670,10/05/2025, 15:14:20,844
GEOR20066,Pako Forever,7670,10/05/2025, 16:17:40,844
GEOR20066,Pako Forever,7670,10/05/2025, 17:13:24,844
GEOR20066,Pako Forever,7670,10/05/2025, 18:21:01,844
GEOR20066,Pako Forever,7670,10/05/2025, 19:12:14,844
GEOR20066,Pako Forever,7670,10/05/2025, 20:16:33,844
GEOR20066,Pako Forever,7671,10/05/2025, 21:14:02,844
GEOR20066,Pako Forever,7674,10/05/2025, 22:14:38,844
GEOR20066,Pako Forever,7674,10/05/2025, 23:13:53,844
GEOR20066,Pako Forever,7674,10/06/2025, 01:12:27,844
GEOR20066,Pako Forever,7674,10/06/2025, 03:00:31,844
GEOR20066,Pako Forever,7674,10/06/2025, 03:37:43,844
GEOR20066,Pako Forever,7674,10/06/2025, 04:19:51,844
GEOR20066,Pako Forever,7674,10/06/2025, 05:16:52,844
GEOR20066,Pako Forever,7674,10/06/2025, 06:25:18,844
GEOR20066,Pako Forever,7674,10/06/2025, 07:17:09,844
GEOR20066,Pako Forever,7675,10/06/2025, 08:22:25,844
GEOR20066,Pako Forever,7675,10/06/2025, 09:20:39,844
GEOR20066,Pako Forever,7675,10/06/2025, 10:18:26,844
GEOR20066,Pako Forever,7675,10/06/2025, 11:14:16,844
GEOR20066,Pako Forever,7675,10/06/2025, 12:33:46,844
GEOR20066,Pako Forever,7675,10/06/2025, 13:27:20,844
GEOR20066,Pako Forever,7676,10/06/2025, 14:16:43,844
GEOR20066,Pako Forever,7676,10/06/2025, 15:16:58,844
GEOR20066,Pako Forever,7676,10/06/2025, 16:20:39,844
GEOR20066,Pako Forever,7676,10/06/2025, 17:15:51,844
GEOR20066,Pako Forever,7676,10/06/2025, 18:24:28,844
GEOR20066,Pako Forever,7676,10/06/2025, 19:14:00,844
GEOR20066,Pako Forever,7676,10/06/2025, 20:18:12,844
GEOR20066,Pako Forever,7676,10/06/2025, 21:14:48,844
GEOR20066,Pako Forever,7676,10/06/2025, 22:15:04,844
GEOR20066,Pako Forever,7677,10/06/2025, 23:15:02,844
GEOR20066,Pako Forever,7678,10/07/2025, 01:11:11,844
GEOR20066,Pako Forever,7678,10/07/2025, 02:56:20,844
GEOR20066,Pako Forever,7678,10/07/2025, 03:29:36,844
GEOR20066,Pako Forever,7678,10/07/2025, 04:20:10,844
GEOR20066,Pako Forever,7678,10/07/2025, 05:16:13,844
GEOR20066,Pako Forever,7678,10/07/2025, 06:24:56,844
GEOR20066,Pako Forever,7678,10/07/2025, 07:16:56,844
GEOR20066,Pako Forever,7678,10/07/2025, 08:22:19,844
GEOR20066,Pako Forever,7678,10/07/2025, 09:18:26,844
GEOR20066,Pako Forever,7678,10/07/2025, 10:17:50,844
GEOR20066,Pako Forever,7678,10/07/2025, 11:14:20,844
GEOR20066,Pako Forever,7678,10/07/2025, 12:33:55,844
GEOR20066,Pako Forever,7679,10/07/2025, 13:27:53,844
GEOR20066,Pako Forever,7679,10/07/2025, 14:17:47,844
GEOR20066,Pako Forever,7679,10/07/2025, 15:18:19,844
GEOR20066,Pako Forever,7679,10/07/2025, 16:20:25,844
GEOR20066,Pako Forever,7679,10/07/2025, 17:15:32,844
GEOR20066,Pako Forever,7679,10/07/2025, 18:23:46,844
GEOR20066,Pako Forever,7679,10/07/2025, 19:13:50,844
GEOR20066,Pako Forever,7680,10/07/2025, 20:17:55,844
GEOR20066,Pako Forever,7680,10/07/2025, 21:15:05,844
GEOR20066,Pako Forever,7680,10/07/2025, 22:15:39,844
GEOR20066,Pako Forever,7680,10/07/2025, 23:15:01,844
GEOR20066,Pako Forever,7680,10/08/2025, 01:11:05,844
GEOR20066,Pako Forever,7680,10/08/2025, 02:56:23,844
GEOR20066,Pako Forever,7680,10/08/2025, 03:29:03,844
GEOR20066,Pako Forever,7680,10/08/2025, 04:19:32,844
GEOR20066,Pako Forever,7680,10/08/2025, 05:16:38,844
GEOR20066,Pako Forever,7680,10/08/2025, 06:25:02,844
GEOR20066,Pako Forever,7680,10/08/2025, 07:16:16,844
GEOR20066,Pako Forever,7680,10/08/2025, 08:22:21,844
GEOR20066,Pako Forever,7680,10/08/2025, 09:18:22,844
GEOR20066,Pako Forever,7680,10/08/2025, 10:17:41,844
GEOR20066,Pako Forever,7681,10/08/2025, 11:14:19,844
GEOR20066,Pako Forever,7681,10/08/2025, 12:34:22,844
GEOR20066,Pako Forever,7681,10/08/2025, 13:27:54,844
GEOR20066,Pako Forever,7681,10/08/2025, 14:17:23,844
GEOR20066,Pako Forever,7682,10/08/2025, 15:17:59,844
GEOR20066,Pako Forever,7682,10/08/2025, 16:20:40,844
GEOR20066,Pako Forever,7682,10/08/2025, 17:15:23,844
GEOR20066,Pako Forever,7682,10/08/2025, 18:24:53,844
GEOR20066,Pako Forever,7682,10/08/2025, 19:13:50,844
GEOR20066,Pako Forever,7682,10/08/2025, 20:18:45,844
GEOR20066,Pako Forever,7682,10/08/2025, 21:15:28,844
GEOR20066,Pako Forever,7683,10/08/2025, 22:15:55,844
GEOR20066,Pako Forever,7683,10/08/2025, 23:15:05,844
GEOR20066,Pako Forever,7684,10/09/2025, 01:11:52,844
GEOR20066,Pako Forever,7684,10/09/2025, 02:58:38,844
GEOR20066,Pako Forever,7684,10/09/2025, 03:33:06,844
GEOR20066,Pako Forever,7684,10/09/2025, 04:20:19,844
GEOR20066,Pako Forever,7684,10/09/2025, 05:16:42,844
GEOR20066,Pako Forever,7684,10/09/2025, 06:25:20,844
GEOR20066,Pako Forever,7684,10/09/2025, 07:16:34,844
GEOR20066,Pako Forever,7684,10/09/2025, 08:21:58,844
GEOR20066,Pako Forever,7684,10/09/2025, 09:17:42,844
GEOR20066,Pako Forever,7684,10/09/2025, 10:18:27,844
GEOR20066,Pako Forever,7684,10/09/2025, 11:14:40,844
GEOR20066,Pako Forever,7684,10/09/2025, 12:33:25,844
GEOR20066,Pako Forever,7684,10/09/2025, 13:28:28,844
GEOR20066,Pako Forever,7684,10/09/2025, 14:17:02,844
GEOR20066,Pako Forever,7684,10/09/2025, 15:31:05,844
GEOR20066,Pako Forever,7685,10/09/2025, 16:21:47,844
GEOR20066,Pako Forever,7685,10/09/2025, 17:15:38,844
GEOR20066,Pako Forever,7686,10/09/2025, 22:15:18,844
GEOR20066,Pako Forever,7686,10/09/2025, 23:15:10,844
GEOR20066,Pako Forever,7686,10/10/2025, 01:11:23,844
GEOR20066,Pako Forever,7687,10/10/2025, 02:58:59,844
GEOR20066,Pako Forever,7687,10/10/2025, 03:33:44,844
GEOR20066,Pako Forever,7688,10/10/2025, 04:19:59,844
GEOR20066,Pako Forever,7688,10/10/2025, 05:16:29,844
GEOR20066,Pako Forever,7688,10/10/2025, 06:25:10,844
GEOR20066,Pako Forever,7688,10/10/2025, 07:16:31,844
GEOR20066,Pako Forever,7688,10/10/2025, 08:21:48,844
GEOR20066,Pako Forever,7688,10/10/2025, 09:18:40,844
GEOR20066,Pako Forever,7688,10/10/2025, 10:18:22,844
GEOR20066,Pako Forever,7688,10/10/2025, 11:14:34,844
GEOR20066,Pako Forever,7688,10/10/2025, 12:33:35,844
GEOR20066,Pako Forever,7688,10/10/2025, 13:26:33,844
GEOR20066,Pako Forever,7688,10/10/2025, 14:17:05,844
GEOR20066,Pako Forever,7688,10/10/2025, 15:16:36,844
GEOR20066,Pako Forever,7688,10/10/2025, 16:20:18,844
GEOR20066,Pako Forever,7688,10/10/2025, 17:15:48,844
GEOR20066,Pako Forever,7688,10/10/2025, 18:23:34,844
GEOR20066,Pako Forever,7688,10/10/2025, 19:13:42,844
GEOR20066,Pako Forever,7688,10/10/2025, 20:17:24,844
GEOR20066,Pako Forever,7689,10/10/2025, 21:15:02,844
GEOR20066,Pako Forever,7689,10/10/2025, 22:15:13,844
GEOR20066,Pako Forever,7690,10/10/2025, 23:14:54,844
GEOR20066,Pako Forever,7692,10/11/2025, 01:08:58,844
GEOR20066,Pako Forever,7692,10/11/2025, 02:52:20,844
GEOR20066,Pako Forever,7693,10/11/2025, 03:25:00,844
GEOR20066,Pako Forever,7693,10/11/2025, 04:18:47,844
GEOR20066,Pako Forever,7693,10/11/2025, 05:15:11,844
GEOR20066,Pako Forever,7693,10/11/2025, 06:21:59,844
GEOR20066,Pako Forever,7693,10/11/2025, 07:14:24,844
GEOR20066,Pako Forever,7694,10/11/2025, 08:19:20,844
GEOR20066,Pako Forever,7695,10/11/2025, 09:15:26,844
GEOR20066,Pako Forever,7695,10/11/2025, 10:15:42,844
GEOR20066,Pako Forever,7695,10/11/2025, 11:13:06,844
GEOR20066,Pako Forever,7696,10/11/2025, 12:29:03,844
GEOR20066,Pako Forever,7696,10/11/2025, 13:20:27,844
GEOR20066,Pako Forever,7696,10/11/2025, 14:13:13,844
GEOR20066,Pako Forever,7696,10/11/2025, 15:14:06,844
GEOR20066,Pako Forever,7697,10/11/2025, 16:17:41,844
GEOR20066,Pako Forever,7697,10/11/2025, 17:13:11,844
GEOR20066,Pako Forever,7697,10/11/2025, 18:19:38,844
GEOR20066,Pako Forever,7697,10/11/2025, 19:12:05,844
GEOR20066,Pako Forever,7697,10/11/2025, 20:16:13,844
GEOR20066,Pako Forever,7698,10/11/2025, 21:13:23,844
GEOR20066,Pako Forever,7698,10/11/2025, 22:14:31,844
GEOR20066,Pako Forever,7698,10/11/2025, 23:14:42,844
GEOR20066,Pako Forever,7698,10/12/2025, 01:15:04,844
GEOR20066,Pako Forever,7698,10/12/2025, 03:01:00,844
GEOR20066,Pako Forever,7698,10/12/2025, 03:37:10,844
GEOR20066,Pako Forever,7698,10/12/2025, 04:19:08,844
GEOR20066,Pako Forever,7699,10/12/2025, 05:15:35,844
GEOR20066,Pako Forever,7699,10/12/2025, 06:21:43,844
GEOR20066,Pako Forever,7699,10/12/2025, 07:14:41,844
GEOR20066,Pako Forever,7699,10/12/2025, 08:19:23,844
GEOR20066,Pako Forever,7700,10/12/2025, 09:15:36,844
GEOR20066,Pako Forever,7700,10/12/2025, 10:15:44,844
GEOR20066,Pako Forever,7700,10/12/2025, 11:12:57,844
GEOR20066,Pako Forever,7700,10/12/2025, 12:29:31,844
GEOR20066,Pako Forever,7701,10/12/2025, 13:20:46,844
GEOR20066,Pako Forever,7701,10/12/2025, 14:14:23,844
GEOR20066,Pako Forever,7701,10/12/2025, 15:14:41,844
GEOR20066,Pako Forever,7701,10/12/2025, 16:18:08,844
GEOR20066,Pako Forever,7701,10/12/2025, 17:13:24,844
GEOR20066,Pako Forever,7701,10/12/2025, 18:20:43,844
GEOR20066,Pako Forever,7701,10/12/2025, 19:12:20,844
GEOR20066,Pako Forever,7701,10/12/2025, 20:17:05,844
GEOR20066,Pako Forever,7701,10/12/2025, 21:14:20,844
GEOR20066,Pako Forever,7701,10/12/2025, 22:14:43,844
GEOR20066,Pako Forever,7701,10/12/2025, 23:14:31,844
GEOR20066,Pako Forever,7702,10/13/2025, 01:16:37,844
GEOR20066,Pako Forever,7702,10/13/2025, 03:08:14,844
GEOR20066,Pako Forever,7702,10/13/2025, 04:20:24,844
GEOR20066,Pako Forever,7702,10/13/2025, 05:17:42,844
GEOR20066,Pako Forever,7702,10/13/2025, 06:26:57,844
GEOR20066,Pako Forever,7702,10/13/2025, 07:17:33,844
GEOR20066,Pako Forever,7702,10/13/2025, 08:24:05,844
GEOR20066,Pako Forever,7702,10/13/2025, 09:20:35,844
GEOR20066,Pako Forever,7702,10/13/2025, 10:20:02,844
GEOR20066,Pako Forever,7702,10/13/2025, 11:14:57,844
GEOR20066,Pako Forever,7702,10/13/2025, 12:34:02,844
GEOR20066,Pako Forever,7702,10/13/2025, 13:28:23,844
GEOR20066,Pako Forever,7703,10/13/2025, 14:17:43,844
GEOR20066,Pako Forever,7703,10/13/2025, 15:17:13,844
GEOR20066,Pako Forever,7704,10/13/2025, 16:20:22,844
GEOR20066,Pako Forever,7704,10/13/2025, 17:15:32,844
GEOR20066,Pako Forever,7704,10/13/2025, 18:22:43,844
GEOR20066,Pako Forever,7704,10/13/2025, 19:13:32,844
GEOR20066,Pako Forever,7705,10/13/2025, 20:18:52,844
GEOR20066,Pako Forever,7705,10/13/2025, 21:14:52,844
GEOR20066,Pako Forever,7705,10/13/2025, 22:15:46,844
GEOR20066,Pako Forever,7705,10/13/2025, 23:14:51,844
GEOR20066,Pako Forever,7705,10/14/2025, 01:11:43,844
GEOR20066,Pako Forever,7705,10/14/2025, 02:59:20,844
GEOR20066,Pako Forever,7705,10/14/2025, 03:34:58,844
GEOR20066,Pako Forever,7708,10/14/2025, 04:20:14,844
GEOR20066,Pako Forever,7708,10/14/2025, 05:16:13,844
GEOR20066,Pako Forever,7708,10/14/2025, 06:25:15,844
GEOR20066,Pako Forever,7708,10/14/2025, 07:17:35,844
GEOR20066,Pako Forever,7708,10/14/2025, 08:20:40,844
GEOR20066,Pako Forever,7708,10/14/2025, 09:19:02,844
GEOR20066,Pako Forever,7708,10/14/2025, 10:18:26,844
GEOR20066,Pako Forever,7709,10/14/2025, 11:14:16,844
GEOR20066,Pako Forever,7709,10/14/2025, 12:35:27,844
GEOR20066,Pako Forever,7709,10/14/2025, 13:28:43,844
GEOR20066,Pako Forever,7709,10/14/2025, 14:18:24,844
GEOR20066,Pako Forever,7709,10/14/2025, 15:18:58,844
GEOR20066,Pako Forever,7709,10/14/2025, 16:20:51,844
GEOR20066,Pako Forever,7709,10/14/2025, 17:15:12,844
GEOR20066,Pako Forever,7709,10/14/2025, 18:24:25,844
GEOR20066,Pako Forever,7709,10/14/2025, 19:14:00,844
GEOR20066,Pako Forever,7709,10/14/2025, 20:18:51,844
GEOR20066,Pako Forever,7710,10/14/2025, 21:14:59,844
GEOR20066,Pako Forever,7710,10/14/2025, 22:15:57,844
GEOR20066,Pako Forever,7711,10/14/2025, 23:15:10,844
GEOR20066,Pako Forever,7711,10/15/2025, 01:13:35,844
GEOR20066,Pako Forever,7711,10/15/2025, 03:03:25,844
GEOR20066,Pako Forever,7711,10/15/2025, 04:20:08,844
GEOR20066,Pako Forever,7711,10/15/2025, 05:16:50,844
GEOR20066,Pako Forever,7711,10/15/2025, 06:25:19,844
GEOR20066,Pako Forever,7711,10/15/2025, 07:17:29,844
GEOR20066,Pako Forever,7711,10/15/2025, 08:23:07,844
GEOR20066,Pako Forever,7711,10/15/2025, 09:18:41,844
GEOR20066,Pako Forever,7711,10/15/2025, 10:19:18,844
GEOR20066,Pako Forever,7711,10/15/2025, 11:14:41,844
GEOR20066,Pako Forever,7711,10/15/2025, 12:35:18,844
GEOR20066,Pako Forever,7711,10/15/2025, 13:30:16,844
GEOR20066,Pako Forever,7711,10/15/2025, 14:18:04,844
GEOR20066,Pako Forever,7711,10/15/2025, 15:16:56,844
GEOR20066,Pako Forever,7711,10/15/2025, 16:18:30,844
GEOR20066,Pako Forever,7712,10/15/2025, 17:15:41,844
GEOR20066,Pako Forever,7712,10/15/2025, 18:24:36,844
GEOR20066,Pako Forever,7712,10/15/2025, 19:14:05,844
GEOR20066,Pako Forever,7712,10/15/2025, 20:19:45,844
GEOR20066,Pako Forever,7713,10/15/2025, 21:15:20,844
GEOR20066,Pako Forever,7713,10/15/2025, 22:14:28,844
GEOR20066,Pako Forever,7713,10/15/2025, 23:14:56,844
GEOR20066,Pako Forever,7713,10/16/2025, 01:13:07,844
GEOR20066,Pako Forever,7714,10/16/2025, 03:01:46,844
GEOR20066,Pako Forever,7714,10/16/2025, 03:41:00,844
GEOR20066,Pako Forever,7714,10/16/2025, 04:19:31,844
GEOR20066,Pako Forever,7714,10/16/2025, 05:16:40,844
GEOR20066,Pako Forever,7714,10/16/2025, 06:25:13,844
GEOR20066,Pako Forever,7714,10/16/2025, 07:17:26,844
GEOR20066,Pako Forever,7714,10/16/2025, 08:23:36,844
GEOR20066,Pako Forever,7714,10/16/2025, 09:19:06,844
GEOR20066,Pako Forever,7714,10/16/2025, 10:19:22,844
GEOR20066,Pako Forever,7714,10/16/2025, 11:14:54,844
GEOR20066,Pako Forever,7714,10/16/2025, 12:35:20,844
GEOR20066,Pako Forever,7714,10/16/2025, 13:29:59,844
GEOR20066,Pako Forever,7714,10/16/2025, 14:17:59,844
GEOR20066,Pako Forever,7714,10/16/2025, 15:18:24,844
GEOR20066,Pako Forever,7714,10/16/2025, 16:21:36,844
GEOR20066,Pako Forever,7714,10/16/2025, 17:15:32,844
GEOR20066,Pako Forever,7714,10/16/2025, 18:24:24,844
GEOR20066,Pako Forever,7715,10/16/2025, 19:12:52,844
GEOR20066,Pako Forever,7715,10/16/2025, 20:18:57,844
GEOR20066,Pako Forever,7715,10/16/2025, 21:15:16,844
GEOR20066,Pako Forever,7715,10/16/2025, 22:13:32,844
GEOR20066,Pako Forever,7715,10/16/2025, 23:14:55,844
GEOR20066,Pako Forever,7715,10/17/2025, 01:12:42,844
GEOR20066,Pako Forever,7715,10/17/2025, 03:00:40,844
GEOR20066,Pako Forever,7715,10/17/2025, 03:37:05,844
GEOR20066,Pako Forever,7715,10/17/2025, 04:20:14,844
GEOR20066,Pako Forever,7715,10/17/2025, 05:16:23,844
GEOR20066,Pako Forever,7715,10/17/2025, 06:24:12,844
GEOR20066,Pako Forever,7715,10/17/2025, 07:16:53,844
GEOR20066,Pako Forever,7715,10/17/2025, 08:22:59,844
GEOR20066,Pako Forever,7715,10/17/2025, 09:18:58,844
GEOR20066,Pako Forever,7715,10/17/2025, 10:18:20,844
GEOR20066,Pako Forever,7715,10/17/2025, 11:14:27,844
GEOR20066,Pako Forever,7715,10/17/2025, 12:33:32,844
GEOR20066,Pako Forever,7715,10/17/2025, 13:26:27,844
GEOR20066,Pako Forever,7715,10/17/2025, 14:17:02,844
GEOR20066,Pako Forever,7715,10/17/2025, 15:17:12,844
GEOR20066,Pako Forever,7715,10/17/2025, 16:20:16,844
GEOR20066,Pako Forever,7715,10/17/2025, 17:14:56,844
GEOR20066,Pako Forever,7716,10/17/2025, 18:21:55,844
GEOR20066,Pako Forever,7717,10/17/2025, 19:14:07,844
GEOR20066,Pako Forever,7717,10/17/2025, 20:18:53,844
GEOR20066,Pako Forever,7717,10/17/2025, 21:15:12,844
GEOR20066,Pako Forever,7717,10/17/2025, 22:15:23,844
GEOR20066,Pako Forever,7717,10/17/2025, 23:14:56,844
GEOR20066,Pako Forever,7717,10/18/2025, 01:09:38,844
GEOR20066,Pako Forever,7718,10/18/2025, 02:53:37,844
GEOR20066,Pako Forever,7718,10/18/2025, 03:26:45,844
GEOR20066,Pako Forever,7718,10/18/2025, 04:19:04,844
GEOR20066,Pako Forever,7718,10/18/2025, 05:15:40,844
GEOR20066,Pako Forever,7718,10/18/2025, 06:22:24,844
GEOR20066,Pako Forever,7718,10/18/2025, 07:15:05,844
GEOR20066,Pako Forever,7718,10/18/2025, 08:20:06,844
GEOR20066,Pako Forever,7718,10/18/2025, 09:16:20,844
GEOR20066,Pako Forever,7718,10/18/2025, 10:16:09,844
GEOR20066,Pako Forever,7718,10/18/2025, 11:13:12,844
GEOR20066,Pako Forever,7718,10/18/2025, 12:30:12,844
GEOR20066,Pako Forever,7718,10/18/2025, 13:21:36,844
GEOR20066,Pako Forever,7718,10/18/2025, 14:14:31,844
GEOR20066,Pako Forever,7718,10/18/2025, 15:14:53,844
GEOR20066,Pako Forever,7718,10/18/2025, 16:18:23,844
GEOR20066,Pako Forever,7718,10/18/2025, 17:13:16,844
GEOR20066,Pako Forever,7718,10/18/2025, 18:21:01,844
GEOR20066,Pako Forever,7718,10/18/2025, 19:12:47,844
GEOR20066,Pako Forever,7718,10/18/2025, 20:16:55,844
GEOR20066,Pako Forever,7720,10/18/2025, 21:14:12,844
GEOR20066,Pako Forever,7720,10/18/2025, 22:14:57,844
GEOR20066,Pako Forever,7720,10/18/2025, 23:14:46,844
GEOR20066,Pako Forever,7720,10/19/2025, 01:21:11,844
GEOR20066,Pako Forever,7720,10/19/2025, 03:14:17,844
GEOR20066,Pako Forever,7720,10/19/2025, 04:20:54,844
GEOR20066,Pako Forever,7720,10/19/2025, 05:16:19,844
GEOR20066,Pako Forever,7720,10/19/2025, 06:23:38,844
GEOR20066,Pako Forever,7720,10/19/2025, 07:14:54,844
GEOR20066,Pako Forever,7720,10/19/2025, 08:19:36,844
GEOR20066,Pako Forever,7720,10/19/2025, 09:15:33,844
GEOR20066,Pako Forever,7720,10/19/2025, 10:16:15,844
GEOR20066,Pako Forever,7720,10/19/2025, 11:13:00,844
GEOR20066,Pako Forever,7720,10/19/2025, 12:30:09,844
GEOR20066,Pako Forever,7720,10/19/2025, 13:21:41,844
GEOR20066,Pako Forever,7720,10/19/2025, 14:14:33,844
GEOR20066,Pako Forever,7720,10/19/2025, 15:14:53,844
GEOR20066,Pako Forever,7720,10/19/2025, 16:18:38,844
GEOR20066,Pako Forever,7720,10/19/2025, 17:14:00,844
GEOR20066,Pako Forever,7720,10/19/2025, 18:21:28,844
GEOR20066,Pako Forever,7720,10/19/2025, 19:13:14,844
GEOR20066,Pako Forever,7720,10/19/2025, 20:17:36,844
GEOR20066,Pako Forever,7720,10/19/2025, 21:14:16,844
GEOR20066,Pako Forever,7720,10/19/2025, 22:15:15,844
GEOR20066,Pako Forever,7720,10/19/2025, 23:15:09,844
GEOR20066,Pako Forever,7721,10/20/2025, 01:18:31,844
GEOR20066,Pako Forever,7722,10/20/2025, 03:14:10,844
GEOR20066,Pako Forever,7722,10/20/2025, 04:23:02,844
GEOR20066,Pako Forever,7722,10/20/2025, 05:17:50,844
GEOR20066,Pako Forever,7722,10/20/2025, 06:26:04,844
GEOR20066,Pako Forever,7722,10/20/2025, 07:18:11,844
GEOR20066,Pako Forever,7723,10/20/2025, 09:20:28,844
GEOR20066,Pako Forever,7723,10/20/2025, 10:19:15,844
GEOR20066,Pako Forever,7723,10/20/2025, 11:15:15,844
GEOR20066,Pako Forever,7723,10/20/2025, 12:35:05,844
GEOR20066,Pako Forever,7723,10/20/2025, 13:27:50,844
GEOR20066,Pako Forever,7723,10/20/2025, 14:17:03,844
GEOR20066,Pako Forever,7723,10/20/2025, 15:17:25,844
GEOR20066,Pako Forever,7723,10/20/2025, 16:20:49,844
GEOR20066,Pako Forever,7723,10/20/2025, 17:15:22,844
GEOR20066,Pako Forever,7723,10/20/2025, 18:25:20,844
GEOR20066,Pako Forever,7723,10/20/2025, 19:14:17,844
GEOR20066,Pako Forever,7723,10/20/2025, 20:19:29,844
GEOR20066,Pako Forever,7723,10/20/2025, 21:15:43,844
GEOR20066,Pako Forever,7723,10/20/2025, 22:15:59,844
GEOR20066,Pako Forever,7723,10/20/2025, 23:15:18,844
GEOR20066,Pako Forever,7723,10/21/2025, 01:15:05,844
GEOR20066,Pako Forever,7723,10/21/2025, 03:04:28,844
GEOR20066,Pako Forever,7723,10/21/2025, 04:20:29,844
GEOR20066,Pako Forever,7723,10/21/2025, 05:17:18,844
GEOR20066,Pako Forever,7723,10/21/2025, 06:25:18,844
GEOR20066,Pako Forever,7723,10/21/2025, 07:17:57,844
GEOR20066,Pako Forever,7723,10/21/2025, 08:23:48,844
GEOR20066,Pako Forever,7723,10/21/2025, 09:18:44,844
GEOR20066,Pako Forever,7723,10/21/2025, 10:18:28,844
GEOR20066,Pako Forever,7723,10/21/2025, 11:14:38,844
GEOR20066,Pako Forever,7723,10/21/2025, 12:35:11,844
GEOR20066,Pako Forever,7723,10/21/2025, 13:32:06,844
GEOR20066,Pako Forever,7723,10/21/2025, 14:16:16,844
GEOR20066,Pako Forever,7723,10/21/2025, 15:17:56,844
GEOR20066,Pako Forever,7723,10/21/2025, 16:22:30,844
GEOR20066,Pako Forever,7723,10/21/2025, 17:18:18,844
GEOR20066,Pako Forever,7723,10/21/2025, 18:23:22,844
GEOR20066,Pako Forever,7723,10/21/2025, 19:14:42,844
GEOR20066,Pako Forever,7723,10/21/2025, 20:20:00,844
GEOR20066,Pako Forever,7723,10/21/2025, 21:15:58,844
GEOR20066,Pako Forever,7723,10/21/2025, 22:15:26,844
GEOR20066,Pako Forever,7723,10/21/2025, 23:16:06,844
GEOR20066,Pako Forever,7724,10/22/2025, 01:16:28,844
GEOR20066,Pako Forever,7724,10/22/2025, 03:09:12,844
GEOR20066,Pako Forever,7724,10/22/2025, 04:20:18,844
GEOR20066,Pako Forever,7724,10/22/2025, 05:17:50,844
GEOR20066,Pako Forever,7724,10/22/2025, 06:26:13,844
GEOR20066,Pako Forever,7724,10/22/2025, 07:17:28,844
GEOR20066,Pako Forever,7724,10/22/2025, 08:24:26,844
GEOR20066,Pako Forever,7724,10/22/2025, 09:19:58,844
GEOR20066,Pako Forever,7724,10/22/2025, 10:19:36,844
GEOR20066,Pako Forever,7724,10/22/2025, 11:15:53,844
GEOR20066,Pako Forever,7724,10/22/2025, 12:35:28,844
GEOR20066,Pako Forever,7724,10/22/2025, 13:31:37,844
GEOR20066,Pako Forever,7724,10/22/2025, 14:18:31,844
GEOR20066,Pako Forever,7724,10/22/2025, 15:17:01,844
GEOR20066,Pako Forever,7724,10/22/2025, 16:22:05,844
GEOR20066,Pako Forever,7724,10/22/2025, 17:16:01,844
GEOR20066,Pako Forever,7724,10/22/2025, 18:26:08,844
GEOR20066,Pako Forever,7724,10/22/2025, 19:14:06,844
GEOR20066,Pako Forever,7724,10/22/2025, 20:20:38,844
GEOR20066,Pako Forever,7724,10/22/2025, 21:13:29,844
GEOR20066,Pako Forever,7724,10/22/2025, 22:14:27,844
GEOR20066,Pako Forever,7725,10/22/2025, 23:14:57,844
GEOR20066,Pako Forever,7725,10/23/2025, 01:14:30,844
GEOR20066,Pako Forever,7725,10/23/2025, 03:02:33,844
GEOR20066,Pako Forever,7725,10/23/2025, 04:20:07,844
GEOR20066,Pako Forever,7725,10/23/2025, 05:17:39,844
GEOR20066,Pako Forever,7725,10/23/2025, 06:25:11,844
GEOR20066,Pako Forever,7725,10/23/2025, 07:17:36,844
GEOR20066,Pako Forever,7726,10/23/2025, 08:23:18,844
GEOR20066,Pako Forever,7727,10/23/2025, 09:18:46,844
GEOR20066,Pako Forever,7728,10/23/2025, 10:19:18,844
GEOR20066,Pako Forever,7728,10/23/2025, 11:15:08,844
GEOR20066,Pako Forever,7728,10/23/2025, 12:35:13,844
GEOR20066,Pako Forever,7728,10/23/2025, 13:30:30,844
GEOR20066,Pako Forever,7729,10/23/2025, 14:18:07,844
GEOR20066,Pako Forever,7729,10/23/2025, 15:18:24,844
GEOR20066,Pako Forever,7729,10/23/2025, 16:21:22,844
GEOR20066,Pako Forever,7729,10/23/2025, 17:15:42,844
GEOR20066,Pako Forever,7729,10/23/2025, 18:24:27,844
GEOR20066,Pako Forever,7729,10/23/2025, 19:14:18,844
GEOR20066,Pako Forever,7729,10/23/2025, 20:18:26,844
GEOR20066,Pako Forever,7729,10/23/2025, 21:15:20,844
GEOR20066,Pako Forever,7729,10/23/2025, 22:15:54,844
GEOR20066,Pako Forever,7729,10/23/2025, 23:15:19,844
GEOR20066,Pako Forever,7730,10/24/2025, 01:11:09,844
GEOR20066,Pako Forever,7730,10/24/2025, 02:58:52,844
GEOR20066,Pako Forever,7730,10/24/2025, 03:34:00,844
GEOR20066,Pako Forever,7730,10/24/2025, 04:20:49,844
GEOR20066,Pako Forever,7731,10/24/2025, 05:16:59,844
GEOR20066,Pako Forever,7731,10/24/2025, 06:24:32,844
GEOR20066,Pako Forever,7731,10/24/2025, 07:16:50,844
GEOR20066,Pako Forever,7731,10/24/2025, 08:22:38,844
GEOR20066,Pako Forever,7731,10/24/2025, 09:19:10,844
GEOR20066,Pako Forever,7731,10/24/2025, 10:19:40,844
GEOR20066,Pako Forever,7731,10/24/2025, 11:15:08,844
GEOR20066,Pako Forever,7731,10/24/2025, 12:35:34,844
GEOR20066,Pako Forever,7731,10/24/2025, 13:29:02,844
GEOR20066,Pako Forever,7731,10/24/2025, 14:17:50,844
GEOR20066,Pako Forever,7731,10/24/2025, 15:18:03,844
GEOR20066,Pako Forever,7731,10/24/2025, 16:20:56,844
GEOR20066,Pako Forever,7731,10/24/2025, 17:15:44,844
GEOR20066,Pako Forever,7731,10/24/2025, 18:23:41,844
GEOR20066,Pako Forever,7731,10/24/2025, 19:14:44,844
GEOR20066,Pako Forever,7732,10/24/2025, 20:19:01,844
GEOR20066,Pako Forever,7734,10/24/2025, 21:15:27,844
GEOR20066,Pako Forever,7735,10/24/2025, 22:16:50,844
GEOR20066,Pako Forever,7735,10/24/2025, 23:15:36,844
GEOR20066,Pako Forever,7735,10/25/2025, 01:12:16,844
GEOR20066,Pako Forever,7735,10/25/2025, 03:00:32,844
GEOR20066,Pako Forever,7735,10/25/2025, 03:37:50,844
GEOR20066,Pako Forever,7735,10/25/2025, 04:19:12,844
GEOR20066,Pako Forever,7735,10/25/2025, 05:16:11,844
GEOR20066,Pako Forever,7736,10/25/2025, 06:22:40,844
GEOR20066,Pako Forever,7736,10/25/2025, 07:15:39,844
GEOR20066,Pako Forever,7736,10/25/2025, 08:19:28,844
GEOR20066,Pako Forever,7736,10/25/2025, 09:15:56,844
GEOR20066,Pako Forever,7736,10/25/2025, 10:16:08,844
GEOR20066,Pako Forever,7736,10/25/2025, 11:13:18,844
GEOR20066,Pako Forever,7736,10/25/2025, 12:30:03,844
GEOR20066,Pako Forever,7736,10/25/2025, 13:22:01,844
GEOR20066,Pako Forever,7736,10/25/2025, 14:14:33,844
GEOR20066,Pako Forever,7736,10/25/2025, 15:15:01,844
GEOR20066,Pako Forever,7737,10/25/2025, 16:18:49,844
GEOR20066,Pako Forever,7737,10/25/2025, 17:14:01,844
GEOR20066,Pako Forever,7737,10/25/2025, 18:21:35,844
GEOR20066,Pako Forever,7737,10/25/2025, 19:13:47,844
GEOR20066,Pako Forever,7737,10/25/2025, 20:17:32,844
GEOR20066,Pako Forever,7737,10/25/2025, 21:14:48,844
GEOR20066,Pako Forever,7737,10/25/2025, 22:14:57,844
GEOR20066,Pako Forever,7737,10/25/2025, 23:14:59,844
GEOR20066,Pako Forever,7737,10/26/2025, 01:19:20,844
GEOR20066,Pako Forever,7737,10/26/2025, 03:08:31,844
GEOR20066,Pako Forever,7737,10/26/2025, 04:19:26,844
GEOR20066,Pako Forever,7737,10/26/2025, 05:16:22,844
GEOR20066,Pako Forever,7737,10/26/2025, 06:23:06,844
GEOR20066,Pako Forever,7737,10/26/2025, 07:15:10,844
GEOR20066,Pako Forever,7737,10/26/2025, 08:20:20,844
GEOR20066,Pako Forever,7737,10/26/2025, 09:15:59,844
GEOR20066,Pako Forever,7738,10/26/2025, 10:16:18,844
GEOR20066,Pako Forever,7738,10/26/2025, 11:13:22,844
GEOR20066,Pako Forever,7739,10/26/2025, 12:30:44,844
GEOR20066,Pako Forever,7739,10/26/2025, 13:22:26,844
GEOR20066,Pako Forever,7739,10/26/2025, 14:14:50,844
GEOR20066,Pako Forever,7740,10/26/2025, 15:15:32,844
GEOR20066,Pako Forever,7740,10/26/2025, 16:18:53,844
GEOR20066,Pako Forever,7741,10/26/2025, 17:14:08,844
GEOR20066,Pako Forever,7741,10/26/2025, 18:22:11,844
GEOR20066,Pako Forever,7741,10/26/2025, 19:13:37,844
GEOR20066,Pako Forever,7742,10/26/2025, 20:17:54,844
GEOR20066,Pako Forever,7742,10/26/2025, 21:14:51,844
GEOR20066,Pako Forever,7742,10/26/2025, 22:15:48,844
GEOR20066,Pako Forever,7742,10/26/2025, 23:15:31,844
GEOR20066,Pako Forever,7742,10/27/2025, 01:20:32,844
GEOR20066,Pako Forever,7743,10/27/2025, 03:18:18,844
GEOR20066,Pako Forever,7743,10/27/2025, 04:27:26,844
GEOR20066,Pako Forever,7743,10/27/2025, 05:18:39,844
GEOR20066,Pako Forever,7743,10/27/2025, 06:28:12,844
GEOR20066,Pako Forever,7743,10/27/2025, 07:18:06,844
GEOR20066,Pako Forever,7743,10/27/2025, 08:23:39,844
GEOR20066,Pako Forever,7743,10/27/2025, 09:21:31,844
GEOR20066,Pako Forever,7743,10/27/2025, 10:20:52,844
GEOR20066,Pako Forever,7743,10/27/2025, 11:15:58,844
GEOR20066,Pako Forever,7743,10/27/2025, 12:36:13,844
GEOR20066,Pako Forever,7743,10/27/2025, 13:30:17,844
GEOR20066,Pako Forever,7743,10/27/2025, 14:18:12,844
GEOR20066,Pako Forever,7743,10/27/2025, 15:19:00,844
GEOR20066,Pako Forever,7743,10/27/2025, 16:22:04,844
GEOR20066,Pako Forever,7743,10/27/2025, 17:15:47,844
GEOR20066,Pako Forever,7744,10/27/2025, 18:25:05,844
GEOR20066,Pako Forever,7744,10/27/2025, 19:14:12,844
GEOR20066,Pako Forever,7746,10/27/2025, 20:17:15,844
GEOR20066,Pako Forever,7746,10/27/2025, 21:15:31,844
GEOR20066,Pako Forever,7746,10/27/2025, 22:16:20,844
GEOR20066,Pako Forever,7746,10/27/2025, 23:15:27,844
GEOR20066,Pako Forever,7746,10/28/2025, 01:13:08,844
GEOR20066,Pako Forever,7746,10/28/2025, 03:06:15,844
GEOR20066,Pako Forever,7746,10/28/2025, 04:20:04,844
GEOR20066,Pako Forever,7746,10/28/2025, 05:17:53,844
GEOR20066,Pako Forever,7746,10/28/2025, 06:26:42,844
GEOR20066,Pako Forever,7746,10/28/2025, 07:17:23,844
GEOR20066,Pako Forever,7747,10/28/2025, 08:23:16,844
GEOR20066,Pako Forever,7747,10/28/2025, 09:18:57,844
GEOR20066,Pako Forever,7747,10/28/2025, 10:19:45,844
GEOR20066,Pako Forever,7747,10/28/2025, 11:14:54,844
GEOR20066,Pako Forever,7747,10/28/2025, 12:34:26,844
GEOR20066,Pako Forever,7747,10/28/2025, 13:29:01,844
GEOR20066,Pako Forever,7747,10/28/2025, 14:18:21,844
GEOR20066,Pako Forever,7747,10/28/2025, 15:19:32,844
GEOR20066,Pako Forever,7747,10/28/2025, 16:22:24,844
GEOR20066,Pako Forever,7747,10/28/2025, 17:16:49,844
GEOR20066,Pako Forever,7747,10/28/2025, 18:25:42,844
GEOR20066,Pako Forever,7747,10/28/2025, 19:14:21,844
GEOR20066,Pako Forever,7747,10/28/2025, 20:19:55,844
GEOR20066,Pako Forever,7747,10/28/2025, 21:16:08,844
GEOR20066,Pako Forever,7747,10/28/2025, 22:16:54,844
GEOR20066,Pako Forever,7747,10/28/2025, 23:15:59,844
GEOR20066,Pako Forever,7748,10/29/2025, 01:18:14,844
GEOR20066,Pako Forever,7749,10/29/2025, 03:13:58,844
GEOR20066,Pako Forever,7750,10/29/2025, 04:24:03,844
GEOR20066,Pako Forever,7750,10/29/2025, 05:18:15,844
GEOR20066,Pako Forever,7750,10/29/2025, 06:27:02,844
GEOR20066,Pako Forever,7750,10/29/2025, 07:17:41,844
GEOR20066,Pako Forever,7750,10/29/2025, 08:23:29,844
GEOR20066,Pako Forever,7750,10/29/2025, 09:18:31,844
GEOR20066,Pako Forever,7751,10/29/2025, 10:19:20,844
GEOR20066,Pako Forever,7751,10/29/2025, 11:15:50,844
GEOR20066,Pako Forever,7752,10/29/2025, 12:35:52,844
GEOR20066,Pako Forever,7752,10/29/2025, 13:31:25,844
GEOR20066,Pako Forever,7752,10/29/2025, 14:18:37,844
GEOR20066,Pako Forever,7752,10/29/2025, 15:20:14,844
GEOR20066,Pako Forever,7752,10/29/2025, 16:22:53,844
GEOR20066,Pako Forever,7752,10/29/2025, 17:16:45,844
GEOR20066,Pako Forever,7752,10/29/2025, 18:25:46,844
GEOR20066,Pako Forever,7752,10/29/2025, 19:14:31,844
GEOR20066,Pako Forever,7752,10/29/2025, 20:19:36,844
GEOR20066,Pako Forever,7752,10/29/2025, 21:16:25,844
GEOR20066,Pako Forever,7752,10/29/2025, 22:17:00,844
GEOR20066,Pako Forever,7752,10/29/2025, 23:16:30,844
GEOR20066,Pako Forever,7752,10/30/2025, 01:17:46,844
GEOR20066,Pako Forever,7752,10/30/2025, 03:09:49,844
GEOR20066,Pako Forever,7752,10/30/2025, 04:19:47,844
GEOR20066,Pako Forever,7752,10/30/2025, 05:17:17,844
GEOR20066,Pako Forever,7752,10/30/2025, 06:25:19,844
GEOR20066,Pako Forever,7752,10/30/2025, 07:16:46,844
GEOR20066,Pako Forever,7752,10/30/2025, 08:22:37,844
GEOR20066,Pako Forever,7752,10/30/2025, 09:18:56,844
GEOR20066,Pako Forever,7752,10/30/2025, 10:18:57,844
GEOR20066,Pako Forever,7752,10/30/2025, 11:15:36,844
GEOR20066,Pako Forever,7752,10/30/2025, 12:34:50,844
GEOR20066,Pako Forever,7752,10/30/2025, 13:29:33,844
GEOR20066,Pako Forever,7752,10/30/2025, 14:17:44,844
GEOR20066,Pako Forever,7752,10/30/2025, 15:19:22,844
GEOR20066,Pako Forever,7752,10/30/2025, 16:22:02,844
GEOR20066,Pako Forever,7753,10/30/2025, 17:16:27,844
GEOR20066,Pako Forever,7753,10/30/2025, 18:24:12,844
GEOR20066,Pako Forever,7753,10/30/2025, 19:14:34,844
GEOR20066,Pako Forever,7754,10/30/2025, 20:19:05,844
GEOR20066,Pako Forever,7754,10/30/2025, 21:15:50,844
GEOR20066,Pako Forever,7754,10/30/2025, 22:16:47,844
GEOR20066,Pako Forever,7754,10/30/2025, 23:16:03,844
GEOR20066,Pako Forever,7754,10/31/2025, 01:15:31,844
GEOR20066,Pako Forever,7754,10/31/2025, 03:09:11,844
GEOR20066,Pako Forever,7754,10/31/2025, 04:21:21,844
GEOR20066,Pako Forever,7754,10/31/2025, 05:18:13,844
GEOR20066,Pako Forever,7754,10/31/2025, 06:25:53,844
GEOR20066,Pako Forever,7754,10/31/2025, 07:16:52,844
GEOR20066,Pako Forever,7755,10/31/2025, 08:22:20,844
GEOR20066,Pako Forever,7755,10/31/2025, 09:18:54,844
GEOR20066,Pako Forever,7756,10/31/2025, 10:18:37,844
GEOR20066,Pako Forever,7756,10/31/2025, 11:15:16,844
GEOR20066,Pako Forever,7756,10/31/2025, 12:34:46,844
GEOR20066,Pako Forever,7756,10/31/2025, 13:28:36,844
GEOR20066,Pako Forever,7756,10/31/2025, 14:17:29,844
GEOR20066,Pako Forever,7756,10/31/2025, 15:16:33,844
GEOR20066,Pako Forever,7756,10/31/2025, 16:21:09,844
GEOR20066,Pako Forever,7756,10/31/2025, 17:16:50,844
GEOR20066,Pako Forever,7756,10/31/2025, 18:25:16,844
GEOR20066,Pako Forever,7757,10/31/2025, 19:13:10,844
GEOR20066,Pako Forever,7757,10/31/2025, 20:19:23,844
GEOR20066,Pako Forever,7757,10/31/2025, 21:15:23,844
GEOR20066,Pako Forever,7757,10/31/2025, 22:16:46,844
GEOR20066,Pako Forever,7758,10/31/2025, 23:16:19,844
GEOR20066,Pako Forever,7758,11/01/2025, 01:19:36,844
GEOR20066,Pako Forever,7758,11/01/2025, 03:10:24,844
GEOR20066,Pako Forever,7758,11/01/2025, 04:18:53,844
GEOR20066,Pako Forever,7758,11/01/2025, 05:15:52,844
GEOR20066,Pako Forever,7758,11/01/2025, 06:22:53,844
GEOR20066,Pako Forever,7758,11/01/2025, 07:15:41,844
GEOR20066,Pako Forever,7758,11/01/2025, 08:20:15,844
GEOR20066,Pako Forever,7758,11/01/2025, 09:16:28,844
GEOR20066,Pako Forever,7758,11/01/2025, 10:16:30,844
GEOR20066,Pako Forever,7758,11/01/2025, 11:13:17,844
GEOR20066,Pako Forever,7758,11/01/2025, 12:30:26,844
GEOR20066,Pako Forever,7758,11/01/2025, 13:22:29,844
GEOR20066,Pako Forever,7758,11/01/2025, 14:14:38,844
GEOR20066,Pako Forever,7758,11/01/2025, 15:14:44,844
GEOR20066,Pako Forever,7759,11/01/2025, 16:18:22,844
GEOR20066,Pako Forever,7759,11/01/2025, 17:13:20,844
GEOR20066,Pako Forever,7761,11/01/2025, 18:21:35,844
GEOR20066,Pako Forever,7761,11/01/2025, 19:12:15,844
GEOR20066,Pako Forever,7761,11/01/2025, 20:16:29,844
GEOR20066,Pako Forever,7761,11/01/2025, 21:14:08,844
GEOR20066,Pako Forever,7761,11/01/2025, 22:15:13,844
GEOR20066,Pako Forever,7762,11/01/2025, 23:15:05,844
GEOR20066,Pako Forever,7763,11/02/2025, 01:20:08,844
GEOR20066,Pako Forever,7763,11/02/2025, 03:13:57,844
GEOR20066,Pako Forever,7763,11/02/2025, 04:20:35,844
GEOR20066,Pako Forever,7763,11/02/2025, 05:16:40,844
GEOR20066,Pako Forever,7763,11/02/2025, 06:23:54,844
GEOR20066,Pako Forever,7763,11/02/2025, 07:15:29,844
GEOR20066,Pako Forever,7763,11/02/2025, 08:19:34,844
GEOR20066,Pako Forever,7763,11/02/2025, 09:15:58,844
GEOR20066,Pako Forever,7763,11/02/2025, 10:16:15,844
GEOR20066,Pako Forever,7763,11/02/2025, 11:13:12,844
GEOR20066,Pako Forever,7763,11/02/2025, 12:29:48,844
GEOR20066,Pako Forever,7763,11/02/2025, 13:21:55,844
GEOR20066,Pako Forever,7763,11/02/2025, 14:14:38,844
GEOR20066,Pako Forever,7764,11/02/2025, 15:15:03,844
GEOR20066,Pako Forever,7764,11/02/2025, 16:18:35,844
GEOR20066,Pako Forever,7764,11/02/2025, 17:14:09,844
GEOR20066,Pako Forever,7764,11/02/2025, 18:20:52,844
GEOR20066,Pako Forever,7764,11/02/2025, 19:12:53,844
GEOR20066,Pako Forever,7764,11/02/2025, 20:16:58,844
GEOR20066,Pako Forever,7765,11/02/2025, 21:14:25,844
GEOR20066,Pako Forever,7765,11/02/2025, 22:15:39,844
GEOR20066,Pako Forever,7765,11/02/2025, 23:14:59,844
GEOR20066,Pako Forever,7765,11/03/2025, 01:19:09,844
GEOR20066,Pako Forever,7765,11/03/2025, 03:15:49,844
GEOR20066,Pako Forever,7765,11/03/2025, 04:26:09,844
GEOR20066,Pako Forever,7765,11/03/2025, 05:18:35,844
GEOR20066,Pako Forever,7765,11/03/2025, 06:27:31,844
GEOR20066,Pako Forever,7765,11/03/2025, 07:18:04,844
GEOR20066,Pako Forever,7765,11/03/2025, 08:24:40,844
GEOR20066,Pako Forever,7765,11/03/2025, 09:21:29,844
GEOR20066,Pako Forever,7765,11/03/2025, 10:20:31,844
GEOR20066,Pako Forever,7765,11/03/2025, 11:15:28,844
GEOR20066,Pako Forever,7765,11/03/2025, 12:35:53,844
GEOR20066,Pako Forever,7765,11/03/2025, 13:29:16,844
GEOR20066,Pako Forever,7765,11/03/2025, 14:17:56,844
GEOR20066,Pako Forever,7765,11/03/2025, 15:18:23,844
GEOR20066,Pako Forever,7765,11/03/2025, 16:20:39,844
GEOR20066,Pako Forever,7765,11/03/2025, 17:16:14,844
GEOR20066,Pako Forever,7765,11/03/2025, 18:24:10,844
GEOR20066,Pako Forever,7765,11/03/2025, 19:15:20,844
GEOR20066,Pako Forever,7766,11/03/2025, 20:19:51,844
GEOR20066,Pako Forever,7766,11/03/2025, 21:16:27,844
GEOR20066,Pako Forever,7766,11/03/2025, 22:17:07,844
GEOR20066,Pako Forever,7766,11/03/2025, 23:16:13,844
GEOR20066,Pako Forever,7766,11/04/2025, 01:16:13,844
GEOR20066,Pako Forever,7766,11/04/2025, 03:08:48,844
GEOR20066,Pako Forever,7766,11/04/2025, 04:20:17,844
GEOR20066,Pako Forever,7766,11/04/2025, 05:17:46,844
GEOR20066,Pako Forever,7767,11/04/2025, 06:26:41,844
GEOR20066,Pako Forever,7767,11/04/2025, 07:17:25,844
GEOR20066,Pako Forever,7767,11/04/2025, 08:23:39,844
GEOR20066,Pako Forever,7767,11/04/2025, 09:20:25,844
GEOR20066,Pako Forever,7767,11/04/2025, 10:20:38,844
GEOR20066,Pako Forever,7767,11/04/2025, 11:16:11,844
GEOR20066,Pako Forever,7768,11/04/2025, 12:37:26,844
GEOR20066,Pako Forever,7768,11/04/2025, 13:32:18,844
GEOR20066,Pako Forever,7768,11/04/2025, 14:18:08,844
GEOR20066,Pako Forever,7769,11/04/2025, 15:19:28,844
GEOR20066,Pako Forever,7770,11/04/2025, 16:21:23,844
GEOR20066,Pako Forever,7770,11/04/2025, 17:14:48,844
GEOR20066,Pako Forever,7771,11/04/2025, 18:24:44,844
GEOR20066,Pako Forever,7771,11/04/2025, 19:14:09,844
GEOR20066,Pako Forever,7772,11/04/2025, 20:19:49,844
GEOR20066,Pako Forever,7772,11/04/2025, 21:16:30,844
GEOR20066,Pako Forever,7773,11/04/2025, 22:15:41,844
GEOR20066,Pako Forever,7773,11/04/2025, 23:16:06,844
GEOR20066,Pako Forever,7773,11/05/2025, 01:17:31,844
GEOR20066,Pako Forever,7773,11/05/2025, 03:10:23,844
GEOR20066,Pako Forever,7773,11/05/2025, 04:20:43,844
GEOR20066,Pako Forever,7773,11/05/2025, 05:18:15,844
GEOR20066,Pako Forever,7773,11/05/2025, 06:26:23,844
GEOR20066,Pako Forever,7774,11/05/2025, 07:17:31,844
GEOR20066,Pako Forever,7774,11/05/2025, 08:23:39,844
GEOR20066,Pako Forever,7774,11/05/2025, 09:19:42,844
GEOR20066,Pako Forever,7774,11/05/2025, 10:20:10,844
GEOR20066,Pako Forever,7774,11/05/2025, 11:16:07,844
GEOR20066,Pako Forever,7774,11/05/2025, 12:35:17,844
GEOR20066,Pako Forever,7774,11/05/2025, 13:30:42,844
GEOR20066,Pako Forever,7774,11/05/2025, 14:17:47,844
GEOR20066,Pako Forever,7775,11/05/2025, 15:18:32,844
GEOR20066,Pako Forever,7775,11/05/2025, 16:22:41,844
GEOR20066,Pako Forever,7775,11/05/2025, 17:18:15,844
GEOR20066,Pako Forever,7775,11/05/2025, 18:25:02,844
GEOR20066,Pako Forever,7775,11/05/2025, 19:14:56,844
GEOR20066,Pako Forever,7775,11/05/2025, 20:20:32,844
GEOR20066,Pako Forever,7775,11/05/2025, 21:16:24,844
GEOR20066,Pako Forever,7775,11/05/2025, 22:16:47,844
GEOR20066,Pako Forever,7775,11/05/2025, 23:16:41,844
GEOR20066,Pako Forever,7775,11/06/2025, 01:16:45,844
GEOR20066,Pako Forever,7775,11/06/2025, 03:12:29,844
GEOR20066,Pako Forever,7775,11/06/2025, 04:23:40,844
GEOR20066,Pako Forever,7776,11/06/2025, 05:18:07,844
GEOR20066,Pako Forever,7776,11/06/2025, 06:26:38,844
GEOR20066,Pako Forever,7776,11/06/2025, 07:17:09,844
GEOR20066,Pako Forever,7777,11/06/2025, 08:23:25,844
GEOR20066,Pako Forever,7777,11/06/2025, 09:19:00,844
GEOR20066,Pako Forever,7777,11/06/2025, 10:20:05,844
GEOR20066,Pako Forever,7777,11/06/2025, 11:15:56,844
GEOR20066,Pako Forever,7777,11/06/2025, 12:34:52,844
GEOR20066,Pako Forever,7777,11/06/2025, 13:29:56,844
GEOR20066,Pako Forever,7777,11/06/2025, 14:18:07,844
GEOR20066,Pako Forever,7777,11/06/2025, 15:19:28,844
GEOR20066,Pako Forever,7777,11/06/2025, 16:22:56,844
GEOR20066,Pako Forever,7777,11/06/2025, 17:17:19,844
GEOR20066,Pako Forever,7777,11/06/2025, 18:25:39,844
GEOR20066,Pako Forever,7777,11/06/2025, 19:14:57,844
GEOR20066,Pako Forever,7777,11/06/2025, 20:19:36,844
GEOR20066,Pako Forever,7777,11/06/2025, 21:16:01,844
GEOR20066,Pako Forever,7778,11/06/2025, 22:17:02,844
GEOR20066,Pako Forever,7778,11/06/2025, 23:16:28,844
GEOR20066,Pako Forever,7778,11/07/2025, 01:16:17,844
GEOR20066,Pako Forever,7778,11/07/2025, 03:09:30,844
GEOR20066,Pako Forever,7778,11/07/2025, 04:20:05,844
GEOR20066,Pako Forever,7778,11/07/2025, 05:18:05,844
GEOR20066,Pako Forever,7778,11/07/2025, 06:26:23,844
GEOR20066,Pako Forever,7778,11/07/2025, 07:17:12,844
GEOR20066,Pako Forever,7778,11/07/2025, 08:23:25,844
GEOR20066,Pako Forever,7778,11/07/2025, 09:18:16,844
GEOR20066,Pako Forever,7778,11/07/2025, 10:19:29,844
GEOR20066,Pako Forever,7778,11/07/2025, 11:15:22,844
GEOR20066,Pako Forever,7778,11/07/2025, 12:33:49,844
GEOR20066,Pako Forever,7778,11/07/2025, 13:26:43,844
GEOR20066,Pako Forever,7778,11/07/2025, 14:17:15,844
GEOR20066,Pako Forever,7778,11/07/2025, 15:18:14,844
GEOR20066,Pako Forever,7778,11/07/2025, 16:18:30,844
GEOR20066,Pako Forever,7778,11/07/2025, 17:16:04,844
GEOR20066,Pako Forever,7778,11/07/2025, 18:23:57,844
GEOR20066,Pako Forever,7778,11/07/2025, 19:14:50,844
GEOR20066,Pako Forever,7779,11/07/2025, 20:17:49,844
GEOR20066,Pako Forever,7779,11/07/2025, 21:13:21,844
GEOR20066,Pako Forever,7780,11/07/2025, 22:16:19,844
GEOR20066,Pako Forever,7780,11/07/2025, 23:15:59,844
GEOR20066,Pako Forever,7780,11/08/2025, 01:12:31,844
GEOR20066,Pako Forever,7780,11/08/2025, 03:00:46,844
GEOR20066,Pako Forever,7780,11/08/2025, 03:38:55,844
GEOR20066,Pako Forever,7780,11/08/2025, 04:19:38,844
GEOR20066,Pako Forever,7780,11/08/2025, 05:16:13,844
GEOR20066,Pako Forever,7782,11/08/2025, 06:23:07,844
GEOR20066,Pako Forever,7782,11/08/2025, 07:15:29,844
GEOR20066,Pako Forever,7782,11/08/2025, 08:20:26,844
GEOR20066,Pako Forever,7783,11/08/2025, 09:16:09,844
GEOR20066,Pako Forever,7783,11/08/2025, 10:16:24,844
GEOR20066,Pako Forever,7783,11/08/2025, 11:13:30,844
GEOR20066,Pako Forever,7784,11/08/2025, 12:30:37,844
GEOR20066,Pako Forever,7784,11/08/2025, 13:22:23,844
GEOR20066,Pako Forever,7785,11/08/2025, 14:14:45,844
GEOR20066,Pako Forever,7786,11/08/2025, 15:15:54,844
GEOR20066,Pako Forever,7786,11/08/2025, 16:19:11,844
GEOR20066,Pako Forever,7786,11/08/2025, 17:13:54,844
GEOR20066,Pako Forever,7786,11/08/2025, 18:21:51,844
GEOR20066,Pako Forever,7786,11/08/2025, 19:13:27,844
GEOR20066,Pako Forever,7786,11/08/2025, 20:16:46,844
GEOR20066,Pako Forever,7786,11/08/2025, 21:14:18,844
GEOR20066,Pako Forever,7786,11/08/2025, 22:14:47,844
GEOR20066,Pako Forever,7786,11/08/2025, 23:15:02,844
GEOR20066,Pako Forever,7786,11/09/2025, 01:19:52,844
GEOR20066,Pako Forever,7786,11/09/2025, 03:11:56,844
GEOR20066,Pako Forever,7786,11/09/2025, 04:20:01,844
GEOR20066,Pako Forever,7786,11/09/2025, 05:16:16,844
GEOR20066,Pako Forever,7786,11/09/2025, 06:23:39,844
GEOR20066,Pako Forever,7786,11/09/2025, 07:16:00,844
GEOR20066,Pako Forever,7786,11/09/2025, 08:19:45,844
GEOR20066,Pako Forever,7786,11/09/2025, 09:15:53,844
GEOR20066,Pako Forever,7786,11/09/2025, 10:16:04,844
GEOR20066,Pako Forever,7787,11/09/2025, 11:13:17,844
GEOR20066,Pako Forever,7787,11/09/2025, 12:30:26,844
GEOR20066,Pako Forever,7787,11/09/2025, 13:22:28,844
GEOR20066,Pako Forever,7787,11/09/2025, 14:14:20,844
GEOR20066,Pako Forever,7787,11/09/2025, 15:14:58,844
GEOR20066,Pako Forever,7787,11/09/2025, 16:18:49,844
GEOR20066,Pako Forever,7787,11/09/2025, 17:13:48,844
GEOR20066,Pako Forever,7787,11/09/2025, 18:22:02,844
GEOR20066,Pako Forever,7787,11/09/2025, 19:13:00,844
GEOR20066,Pako Forever,7787,11/09/2025, 20:17:03,844
GEOR20066,Pako Forever,7787,11/09/2025, 21:14:38,844
GEOR20066,Pako Forever,7787,11/09/2025, 22:15:49,844
GEOR20066,Pako Forever,7787,11/09/2025, 23:15:11,844
GEOR20066,Pako Forever,7787,11/10/2025, 01:19:43,844
GEOR20066,Pako Forever,7788,11/10/2025, 03:17:53,844
GEOR20066,Pako Forever,7788,11/10/2025, 04:25:20,844
GEOR20066,Pako Forever,7788,11/10/2025, 05:18:23,844
GEOR20066,Pako Forever,7788,11/10/2025, 06:28:12,844
GEOR20066,Pako Forever,7788,11/10/2025, 07:18:06,844
GEOR20066,Pako Forever,7788,11/10/2025, 08:24:55,844
GEOR20066,Pako Forever,7788,11/10/2025, 09:21:20,844
GEOR20066,Pako Forever,7788,11/10/2025, 10:20:39,844
GEOR20066,Pako Forever,7788,11/10/2025, 11:15:41,844
GEOR20066,Pako Forever,7788,11/10/2025, 12:35:35,844
GEOR20066,Pako Forever,7789,11/10/2025, 13:30:03,844
GEOR20066,Pako Forever,7789,11/10/2025, 14:18:03,844
GEOR20066,Pako Forever,7789,11/10/2025, 15:19:49,844
GEOR20066,Pako Forever,7789,11/10/2025, 16:22:50,844
GEOR20066,Pako Forever,7789,11/10/2025, 17:16:17,844
GEOR20066,Pako Forever,7789,11/10/2025, 18:24:37,844
GEOR20066,Pako Forever,7789,11/10/2025, 19:14:41,844
GEOR20066,Pako Forever,7789,11/10/2025, 20:20:29,844
GEOR20066,Pako Forever,7790,11/10/2025, 21:16:12,844
GEOR20066,Pako Forever,7791,11/10/2025, 22:17:25,844
GEOR20066,Pako Forever,7791,11/10/2025, 23:17:09,844
GEOR20066,Pako Forever,7791,11/11/2025, 01:17:29,844
GEOR20066,Pako Forever,7791,11/11/2025, 03:12:23,844
GEOR20066,Pako Forever,7793,11/11/2025, 04:22:17,844
GEOR20066,Pako Forever,7793,11/11/2025, 05:18:09,844
GEOR20066,Pako Forever,7793,11/11/2025, 06:26:50,844
GEOR20066,Pako Forever,7793,11/11/2025, 07:17:57,844
GEOR20066,Pako Forever,7793,11/11/2025, 08:23:05,844
GEOR20066,Pako Forever,7793,11/11/2025, 09:19:29,844
GEOR20066,Pako Forever,7793,11/11/2025, 10:20:04,844
GEOR20066,Pako Forever,7793,11/11/2025, 11:15:52,844
GEOR20066,Pako Forever,7793,11/11/2025, 12:35:27,844
GEOR20066,Pako Forever,7793,11/11/2025, 13:29:20,844
GEOR20066,Pako Forever,7793,11/11/2025, 14:17:50,844
GEOR20066,Pako Forever,7793,11/11/2025, 15:18:30,844
GEOR20066,Pako Forever,7793,11/11/2025, 16:22:12,844
GEOR20066,Pako Forever,7793,11/11/2025, 17:16:04,844
GEOR20066,Pako Forever,7793,11/11/2025, 18:24:19,844
GEOR20066,Pako Forever,7793,11/11/2025, 19:14:18,844
GEOR20066,Pako Forever,7793,11/11/2025, 20:19:05,844
GEOR20066,Pako Forever,7793,11/11/2025, 21:15:48,844
GEOR20066,Pako Forever,7794,11/11/2025, 22:17:14,844
GEOR20066,Pako Forever,7794,11/11/2025, 23:16:16,844
GEOR20066,Pako Forever,7794,11/12/2025, 01:16:56,844
GEOR20066,Pako Forever,7794,11/12/2025, 03:10:51,844
GEOR20066,Pako Forever,7795,11/12/2025, 04:21:34,844
GEOR20066,Pako Forever,7795,11/12/2025, 05:18:41,844
GEOR20066,Pako Forever,7796,11/12/2025, 06:26:43,844
GEOR20066,Pako Forever,7796,11/12/2025, 07:17:43,844
GEOR20066,Pako Forever,7796,11/12/2025, 08:23:51,844
GEOR20066,Pako Forever,7796,11/12/2025, 09:20:04,844
GEOR20066,Pako Forever,7796,11/12/2025, 10:19:47,844
GEOR20066,Pako Forever,7796,11/12/2025, 11:15:46,844
GEOR20066,Pako Forever,7796,11/12/2025, 12:36:02,844
GEOR20066,Pako Forever,7796,11/12/2025, 13:31:36,844
GEOR20066,Pako Forever,7796,11/12/2025, 14:18:48,844
GEOR20066,Pako Forever,7796,11/12/2025, 15:20:10,844
GEOR20066,Pako Forever,7796,11/12/2025, 16:23:17,844
GEOR20066,Pako Forever,7796,11/12/2025, 17:17:43,844
GEOR20066,Pako Forever,7796,11/12/2025, 18:25:04,844
GEOR20066,Pako Forever,7796,11/12/2025, 19:14:49,844
GEOR20066,Pako Forever,7797,11/12/2025, 20:19:51,844
GEOR20066,Pako Forever,7798,11/12/2025, 21:17:05,844
GEOR20066,Pako Forever,7798,11/12/2025, 22:17:18,844
GEOR20066,Pako Forever,7798,11/12/2025, 23:17:08,844
GEOR20066,Pako Forever,7799,11/13/2025, 01:17:33,844
GEOR20066,Pako Forever,7799,11/13/2025, 03:13:34,844
GEOR20066,Pako Forever,7799,11/13/2025, 04:23:24,844
GEOR20066,Pako Forever,7799,11/13/2025, 05:18:02,844
GEOR20066,Pako Forever,7799,11/13/2025, 06:26:55,844
GEOR20066,Pako Forever,7799,11/13/2025, 07:17:28,844
GEOR20066,Pako Forever,7799,11/13/2025, 08:23:08,844
GEOR20066,Pako Forever,7799,11/13/2025, 09:20:14,844
GEOR20066,Pako Forever,7799,11/13/2025, 10:20:06,844
GEOR20066,Pako Forever,7799,11/13/2025, 11:16:22,844
GEOR20066,Pako Forever,7799,11/13/2025, 12:36:53,844
GEOR20066,Pako Forever,7800,11/13/2025, 13:31:23,844
GEOR20066,Pako Forever,7800,11/13/2025, 14:17:47,844
GEOR20066,Pako Forever,7802,11/13/2025, 15:20:14,844
GEOR20066,Pako Forever,7802,11/13/2025, 16:21:50,844
GEOR20066,Pako Forever,7802,11/13/2025, 17:18:02,844
GEOR20066,Pako Forever,7802,11/13/2025, 18:24:48,844
GEOR20066,Pako Forever,7802,11/13/2025, 19:14:42,844
GEOR20066,Pako Forever,7802,11/13/2025, 20:20:14,844
GEOR20066,Pako Forever,7802,11/13/2025, 21:16:42,844
GEOR20066,Pako Forever,7803,11/13/2025, 22:17:44,844
GEOR20066,Pako Forever,7803,11/13/2025, 23:17:02,844
GEOR20066,Pako Forever,7803,11/14/2025, 01:16:51,844
GEOR20066,Pako Forever,7804,11/14/2025, 03:11:57,844
GEOR20066,Pako Forever,7804,11/14/2025, 04:21:45,844
GEOR20066,Pako Forever,7804,11/14/2025, 05:17:44,844
GEOR20066,Pako Forever,7804,11/14/2025, 06:26:39,844
GEOR20066,Pako Forever,7805,11/14/2025, 07:17:31,844
GEOR20066,Pako Forever,7805,11/14/2025, 08:23:06,844
GEOR20066,Pako Forever,7806,11/14/2025, 09:19:14,844
GEOR20066,Pako Forever,7806,11/14/2025, 10:20:03,844
GEOR20066,Pako Forever,7806,11/14/2025, 11:15:31,844
GEOR20066,Pako Forever,7806,11/14/2025, 12:35:11,844
GEOR20066,Pako Forever,7806,11/14/2025, 13:28:44,844
GEOR20066,Pako Forever,7806,11/14/2025, 14:17:33,844
GEOR20066,Pako Forever,7806,11/14/2025, 15:16:35,844
GEOR20066,Pako Forever,7806,11/14/2025, 16:22:07,844
GEOR20066,Pako Forever,7806,11/14/2025, 17:15:58,844
GEOR20066,Pako Forever,7806,11/14/2025, 18:24:31,844
GEOR20066,Pako Forever,7806,11/14/2025, 19:14:29,844
GEOR20066,Pako Forever,7806,11/14/2025, 20:19:49,844
GEOR20066,Pako Forever,7806,11/14/2025, 21:16:17,844
GEOR20066,Pako Forever,7806,11/14/2025, 22:16:36,844
GEOR20066,Pako Forever,7807,11/14/2025, 23:16:22,844
GEOR20066,Pako Forever,7808,11/15/2025, 01:14:58,844
GEOR20066,Pako Forever,7808,11/15/2025, 03:05:30,844
GEOR20066,Pako Forever,7808,11/15/2025, 04:20:03,844
GEOR20066,Pako Forever,7808,11/15/2025, 05:16:35,844
GEOR20066,Pako Forever,7808,11/15/2025, 06:23:52,844
GEOR20066,Pako Forever,7809,11/15/2025, 07:15:29,844
GEOR20066,Pako Forever,7809,11/15/2025, 08:20:30,844
GEOR20066,Pako Forever,7809,11/15/2025, 09:16:23,844
GEOR20066,Pako Forever,7809,11/15/2025, 10:16:49,844
GEOR20066,Pako Forever,7809,11/15/2025, 11:13:24,844
GEOR20066,Pako Forever,7809,11/15/2025, 12:30:39,844
GEOR20066,Pako Forever,7809,11/15/2025, 13:23:06,844
GEOR20066,Pako Forever,7809,11/15/2025, 14:14:51,844
GEOR20066,Pako Forever,7809,11/15/2025, 15:15:55,844
GEOR20066,Pako Forever,7809,11/15/2025, 16:18:48,844
GEOR20066,Pako Forever,7809,11/15/2025, 17:13:37,844
GEOR20066,Pako Forever,7809,11/15/2025, 18:21:53,844
GEOR20066,Pako Forever,7809,11/15/2025, 19:12:47,844
GEOR20066,Pako Forever,7809,11/15/2025, 20:17:44,844
GEOR20066,Pako Forever,7809,11/15/2025, 21:14:22,844
GEOR20066,Pako Forever,7809,11/15/2025, 22:13:11,844
GEOR20066,Pako Forever,7809,11/15/2025, 23:15:21,844
GEOR20066,Pako Forever,7809,11/16/2025, 01:21:45,844
GEOR20066,Pako Forever,7809,11/16/2025, 03:16:46,844
GEOR20066,Pako Forever,7809,11/16/2025, 04:23:48,844
GEOR20066,Pako Forever,7809,11/16/2025, 05:16:46,844
GEOR20066,Pako Forever,7810,11/16/2025, 06:24:28,844
GEOR20066,Pako Forever,7810,11/16/2025, 07:16:01,844
GEOR20066,Pako Forever,7810,11/16/2025, 08:20:55,844
GEOR20066,Pako Forever,7810,11/16/2025, 09:16:58,844
GEOR20066,Pako Forever,7810,11/16/2025, 10:16:46,844
GEOR20066,Pako Forever,7810,11/16/2025, 11:13:43,844
GEOR20066,Pako Forever,7810,11/16/2025, 12:30:56,844
GEOR20066,Pako Forever,7810,11/16/2025, 13:22:55,844
GEOR20066,Pako Forever,7810,11/16/2025, 14:14:42,844
GEOR20066,Pako Forever,7811,11/16/2025, 15:15:45,844
GEOR20066,Pako Forever,7811,11/16/2025, 16:19:01,844
GEOR20066,Pako Forever,7811,11/16/2025, 17:14:21,844
GEOR20066,Pako Forever,7811,11/16/2025, 18:22:17,844
GEOR20066,Pako Forever,7812,11/16/2025, 19:13:21,844
GEOR20066,Pako Forever,7812,11/16/2025, 20:18:18,844
GEOR20066,Pako Forever,7813,11/16/2025, 21:15:15,844
GEOR20066,Pako Forever,7813,11/16/2025, 22:16:12,844
GEOR20066,Pako Forever,7813,11/16/2025, 23:16:02,844
GEOR20066,Pako Forever,7813,11/17/2025, 01:17:48,844
GEOR20066,Pako Forever,7813,11/17/2025, 03:14:39,844
GEOR20066,Pako Forever,7813,11/17/2025, 04:24:14,844
GEOR20066,Pako Forever,7813,11/17/2025, 05:18:45,844
GEOR20066,Pako Forever,7813,11/17/2025, 06:27:28,844
GEOR20066,Pako Forever,7813,11/17/2025, 07:18:12,844
GEOR20066,Pako Forever,7813,11/17/2025, 08:25:32,844
GEOR20066,Pako Forever,7813,11/17/2025, 09:22:28,844
GEOR20066,Pako Forever,7813,11/17/2025, 10:20:29,844
GEOR20066,Pako Forever,7813,11/17/2025, 11:15:54,844
GEOR20066,Pako Forever,7813,11/17/2025, 12:35:46,844
GEOR20066,Pako Forever,7813,11/17/2025, 13:30:39,844
GEOR20066,Pako Forever,7813,11/17/2025, 14:18:02,844
GEOR20066,Pako Forever,7813,11/17/2025, 15:20:11,844
GEOR20066,Pako Forever,7813,11/17/2025, 16:23:32,844
GEOR20066,Pako Forever,7813,11/17/2025, 17:17:49,844
GEOR20066,Pako Forever,7813,11/17/2025, 18:25:06,844
GEOR20066,Pako Forever,7813,11/17/2025, 19:14:19,844
GEOR20066,Pako Forever,7814,11/17/2025, 20:20:11,844
GEOR20066,Pako Forever,7814,11/17/2025, 21:16:52,844
GEOR20066,Pako Forever,7814,11/17/2025, 22:17:03,844
GEOR20066,Pako Forever,7814,11/17/2025, 23:16:40,844
GEOR20066,Pako Forever,7814,11/18/2025, 01:17:06,844
GEOR20066,Pako Forever,7814,11/18/2025, 03:11:07,844
GEOR20066,Pako Forever,7814,11/18/2025, 04:21:42,844
GEOR20066,Pako Forever,7814,11/18/2025, 05:17:48,844
GEOR20066,Pako Forever,7814,11/18/2025, 06:26:11,844
GEOR20066,Pako Forever,7814,11/18/2025, 07:18:09,844
GEOR20066,Pako Forever,7814,11/18/2025, 08:23:49,844
GEOR20066,Pako Forever,7814,11/18/2025, 09:19:46,844
GEOR20066,Pako Forever,7814,11/18/2025, 10:20:50,844
GEOR20066,Pako Forever,7814,11/18/2025, 11:16:39,844
GEOR20066,Pako Forever,7814,11/18/2025, 12:36:01,844
GEOR20066,Pako Forever,7814,11/18/2025, 13:30:51,844
GEOR20066,Pako Forever,7814,11/18/2025, 14:17:39,844
GEOR20066,Pako Forever,7814,11/18/2025, 15:20:00,844
GEOR20066,Pako Forever,7814,11/18/2025, 16:23:32,844
GEOR20066,Pako Forever,7814,11/18/2025, 17:17:25,844
GEOR20066,Pako Forever,7814,11/18/2025, 18:26:17,844
GEOR20066,Pako Forever,7814,11/18/2025, 19:15:29,844
GEOR20066,Pako Forever,7814,11/18/2025, 20:20:55,844
GEOR20066,Pako Forever,7814,11/18/2025, 22:18:06,844
GEOR20066,Pako Forever,7814,11/18/2025, 23:16:41,844
GEOR20066,Pako Forever,7814,11/19/2025, 01:16:34,844
GEOR20066,Pako Forever,7815,11/19/2025, 03:10:18,844
GEOR20066,Pako Forever,7815,11/19/2025, 04:21:18,844
GEOR20066,Pako Forever,7815,11/19/2025, 05:18:20,844
GEOR20066,Pako Forever,7815,11/19/2025, 06:25:45,844
GEOR20066,Pako Forever,7815,11/19/2025, 07:18:03,844
GEOR20066,Pako Forever,7816,11/19/2025, 08:23:55,844
GEOR20066,Pako Forever,7816,11/19/2025, 09:20:18,844
GEOR20066,Pako Forever,7816,11/19/2025, 10:19:56,844
GEOR20066,Pako Forever,7816,11/19/2025, 11:15:49,844
GEOR20066,Pako Forever,7816,11/19/2025, 12:36:26,844
GEOR20066,Pako Forever,7816,11/19/2025, 13:30:28,844
GEOR20066,Pako Forever,7816,11/19/2025, 14:17:41,844
GEOR20066,Pako Forever,7816,11/19/2025, 15:19:31,844
GEOR20066,Pako Forever,7816,11/19/2025, 16:23:10,844
GEOR20066,Pako Forever,7816,11/19/2025, 17:17:20,844
GEOR20066,Pako Forever,7816,11/19/2025, 18:25:39,844
GEOR20066,Pako Forever,7817,11/19/2025, 19:15:01,844
GEOR20066,Pako Forever,7818,11/19/2025, 20:17:46,844
GEOR20066,Pako Forever,7818,11/19/2025, 21:14:14,844
GEOR20066,Pako Forever,7818,11/19/2025, 22:17:12,844
GEOR20066,Pako Forever,7818,11/19/2025, 23:17:08,844
GEOR20066,Pako Forever,7818,11/20/2025, 01:15:40,844
GEOR20066,Pako Forever,7818,11/20/2025, 03:08:33,844
GEOR20066,Pako Forever,7818,11/20/2025, 04:20:28,844
GEOR20066,Pako Forever,7818,11/20/2025, 05:18:19,844
GEOR20066,Pako Forever,7819,11/20/2025, 06:25:55,844
GEOR20066,Pako Forever,7820,11/20/2025, 07:17:42,844
GEOR20066,Pako Forever,7820,11/20/2025, 08:24:16,844
GEOR20066,Pako Forever,7820,11/20/2025, 09:19:27,844
GEOR20066,Pako Forever,7820,11/20/2025, 10:19:24,844
GEOR20066,Pako Forever,7821,11/20/2025, 11:16:19,844
GEOR20066,Pako Forever,7821,11/20/2025, 12:35:08,844
GEOR20066,Pako Forever,7821,11/20/2025, 13:29:01,844
GEOR20066,Pako Forever,7821,11/20/2025, 14:18:19,844
GEOR20066,Pako Forever,7821,11/20/2025, 15:18:51,844
GEOR20066,Pako Forever,7821,11/20/2025, 16:22:30,844
GEOR20066,Pako Forever,7821,11/20/2025, 17:14:48,844
GEOR20066,Pako Forever,7821,11/20/2025, 18:25:48,844
GEOR20066,Pako Forever,7822,11/20/2025, 19:14:28,844
GEOR20066,Pako Forever,7822,11/20/2025, 20:20:33,844
GEOR20066,Pako Forever,7822,11/20/2025, 21:16:51,844
GEOR20066,Pako Forever,7822,11/20/2025, 22:16:49,844
GEOR20066,Pako Forever,7822,11/20/2025, 23:16:45,844
GEOR20066,Pako Forever,7822,11/21/2025, 01:16:04,844
GEOR20066,Pako Forever,7822,11/21/2025, 03:09:15,844
GEOR20066,Pako Forever,7822,11/21/2025, 04:21:05,844
GEOR20066,Pako Forever,7822,11/21/2025, 05:18:24,844
GEOR20066,Pako Forever,7822,11/21/2025, 06:27:11,844
GEOR20066,Pako Forever,7822,11/21/2025, 07:18:07,844
GEOR20066,Pako Forever,7822,11/21/2025, 08:24:40,844
GEOR20066,Pako Forever,7822,11/21/2025, 09:19:15,844
GEOR20066,Pako Forever,7822,11/21/2025, 10:19:08,844
GEOR20066,Pako Forever,7823,11/21/2025, 11:15:23,844
GEOR20066,Pako Forever,7823,11/21/2025, 12:34:17,844
GEOR20066,Pako Forever,7823,11/21/2025, 13:26:59,844
GEOR20066,Pako Forever,7823,11/21/2025, 14:17:42,844
GEOR20066,Pako Forever,7823,11/21/2025, 15:16:47,844
GEOR20066,Pako Forever,7823,11/21/2025, 16:21:55,844
GEOR20066,Pako Forever,7823,11/21/2025, 17:16:06,844
GEOR20066,Pako Forever,7823,11/21/2025, 18:24:05,844
GEOR20066,Pako Forever,7823,11/21/2025, 19:15:25,844
GEOR20066,Pako Forever,7823,11/21/2025, 20:20:11,844
GEOR20066,Pako Forever,7823,11/21/2025, 21:16:12,844
GEOR20066,Pako Forever,7823,11/21/2025, 22:17:31,844
GEOR20066,Pako Forever,7824,11/21/2025, 23:16:10,844
GEOR20066,Pako Forever,7824,11/22/2025, 01:13:46,844
GEOR20066,Pako Forever,7825,11/22/2025, 03:02:38,844
GEOR20066,Pako Forever,7825,11/22/2025, 04:20:01,844
GEOR20066,Pako Forever,7825,11/22/2025, 05:16:42,844
GEOR20066,Pako Forever,7825,11/22/2025, 06:23:32,844
GEOR20066,Pako Forever,7825,11/22/2025, 07:15:55,844
GEOR20066,Pako Forever,7825,11/22/2025, 08:21:18,844
GEOR20066,Pako Forever,7825,11/22/2025, 09:17:02,844
GEOR20066,Pako Forever,7825,11/22/2025, 10:17:20,844
GEOR20066,Pako Forever,7825,11/22/2025, 11:13:40,844
GEOR20066,Pako Forever,7825,11/22/2025, 12:30:10,844
GEOR20066,Pako Forever,7825,11/22/2025, 13:22:17,844
GEOR20066,Pako Forever,7825,11/22/2025, 14:14:57,844
GEOR20066,Pako Forever,7825,11/22/2025, 15:15:48,844
GEOR20066,Pako Forever,7825,11/22/2025, 16:19:39,844
GEOR20066,Pako Forever,7825,11/22/2025, 17:14:33,844
GEOR20066,Pako Forever,7825,11/22/2025, 18:22:35,844
GEOR20066,Pako Forever,7825,11/22/2025, 19:13:26,844
GEOR20066,Pako Forever,7825,11/22/2025, 20:18:16,844
GEOR20066,Pako Forever,7826,11/22/2025, 21:15:07,844
GEOR20066,Pako Forever,7828,11/22/2025, 22:16:10,844
GEOR20066,Pako Forever,7828,11/22/2025, 23:16:37,844
GEOR20066,Pako Forever,7828,11/23/2025, 01:26:31,844
GEOR20066,Pako Forever,7828,11/23/2025, 03:25:52,844
GEOR20066,Pako Forever,7828,11/23/2025, 04:31:24,844
GEOR20066,Pako Forever,7828,11/23/2025, 05:16:41,844
GEOR20066,Pako Forever,7828,11/23/2025, 06:24:32,844
GEOR20066,Pako Forever,7828,11/23/2025, 07:16:36,844
GEOR20066,Pako Forever,7828,11/23/2025, 08:21:34,844
GEOR20066,Pako Forever,7828,11/23/2025, 09:17:11,844
GEOR20066,Pako Forever,7828,11/23/2025, 10:17:10,844
GEOR20066,Pako Forever,7828,11/23/2025, 11:14:08,844
GEOR20066,Pako Forever,7828,11/23/2025, 12:30:14,844
GEOR20066,Pako Forever,7828,11/23/2025, 13:22:16,844
GEOR20066,Pako Forever,7828,11/23/2025, 14:15:15,844
GEOR20066,Pako Forever,7828,11/23/2025, 15:16:10,844
GEOR20066,Pako Forever,7829,11/23/2025, 16:19:57,844
GEOR20066,Pako Forever,7829,11/23/2025, 17:14:57,844
GEOR20066,Pako Forever,7829,11/23/2025, 18:23:02,844
GEOR20066,Pako Forever,7829,11/23/2025, 19:13:57,844
GEOR20066,Pako Forever,7829,11/23/2025, 20:19:17,844
GEOR20066,Pako Forever,7829,11/23/2025, 21:15:45,844
GEOR20066,Pako Forever,7831,11/23/2025, 22:16:21,844
GEOR20066,Pako Forever,7831,11/23/2025, 23:16:22,844
GEOR20066,Pako Forever,7831,11/24/2025, 01:21:43,844
GEOR20066,Pako Forever,7831,11/24/2025, 03:22:45,844
GEOR20066,Pako Forever,7831,11/24/2025, 04:32:24,844
GEOR20066,Pako Forever,7831,11/24/2025, 05:19:17,844
GEOR20066,Pako Forever,7831,11/24/2025, 06:27:48,844
GEOR20066,Pako Forever,7831,11/24/2025, 07:18:53,844
GEOR20066,Pako Forever,7831,11/24/2025, 08:25:27,844
GEOR20066,Pako Forever,7831,11/24/2025, 09:22:09,844
GEOR20066,Pako Forever,7831,11/24/2025, 10:20:52,844
GEOR20066,Pako Forever,7831,11/24/2025, 11:22:49,844
GEOR20066,Pako Forever,7831,11/24/2025, 12:36:35,844
GEOR20066,Pako Forever,7831,11/24/2025, 13:32:14,844
GEOR20066,Pako Forever,7831,11/24/2025, 14:18:35,844
GEOR20066,Pako Forever,7831,11/24/2025, 15:20:57,844
GEOR20066,Pako Forever,7831,11/24/2025, 16:20:11,844
GEOR20066,Pako Forever,7831,11/24/2025, 17:17:27,844
GEOR20066,Pako Forever,7831,11/24/2025, 18:26:43,844
GEOR20066,Pako Forever,7831,11/24/2025, 19:12:39,844
GEOR20066,Pako Forever,7831,11/24/2025, 20:20:40,844
GEOR20066,Pako Forever,7831,11/24/2025, 21:17:12,844
GEOR20066,Pako Forever,7831,11/24/2025, 22:16:58,844
GEOR20066,Pako Forever,7831,11/24/2025, 23:16:42,844
GEOR20066,Pako Forever,7831,11/25/2025, 01:16:47,844
GEOR20066,Pako Forever,7832,11/25/2025, 03:13:12,844
GEOR20066,Pako Forever,7832,11/25/2025, 04:24:25,844
GEOR20066,Pako Forever,7832,11/25/2025, 05:18:49,844
GEOR20066,Pako Forever,7832,11/25/2025, 06:27:52,844
GEOR20066,Pako Forever,7833,11/25/2025, 07:18:27,844
GEOR20066,Pako Forever,7833,11/25/2025, 08:24:53,844
GEOR20066,Pako Forever,7833,11/25/2025, 09:21:21,844
GEOR20066,Pako Forever,7833,11/25/2025, 10:21:05,844
GEOR20066,Pako Forever,7833,11/25/2025, 11:16:49,844
GEOR20066,Pako Forever,7833,11/25/2025, 12:36:56,844
GEOR20066,Pako Forever,7833,11/25/2025, 13:32:48,844
GEOR20066,Pako Forever,7833,11/25/2025, 14:18:33,844
GEOR20066,Pako Forever,7833,11/25/2025, 15:20:14,844
GEOR20066,Pako Forever,7833,11/25/2025, 16:23:35,844
GEOR20066,Pako Forever,7833,11/25/2025, 17:18:33,844
GEOR20066,Pako Forever,7833,11/25/2025, 18:26:58,844
GEOR20066,Pako Forever,7833,11/25/2025, 19:16:04,844
GEOR20066,Pako Forever,7833,11/25/2025, 20:20:20,844
GEOR20066,Pako Forever,7833,11/25/2025, 21:16:40,844
GEOR20066,Pako Forever,7833,11/25/2025, 22:18:01,844
GEOR20066,Pako Forever,7833,11/25/2025, 23:16:41,844
GEOR20066,Pako Forever,7834,11/26/2025, 01:17:25,844
GEOR20066,Pako Forever,7834,11/26/2025, 03:13:28,844
GEOR20066,Pako Forever,7834,11/26/2025, 04:24:05,844
GEOR20066,Pako Forever,7834,11/26/2025, 05:18:18,844
GEOR20066,Pako Forever,7834,11/26/2025, 06:27:49,844
GEOR20066,Pako Forever,7834,11/26/2025, 07:18:05,844
GEOR20066,Pako Forever,7834,11/26/2025, 08:24:13,844
GEOR20066,Pako Forever,7834,11/26/2025, 09:20:47,844
GEOR20066,Pako Forever,7834,11/26/2025, 10:20:31,844
GEOR20066,Pako Forever,7834,11/26/2025, 11:16:33,844
GEOR20066,Pako Forever,7836,11/26/2025, 12:37:17,844
GEOR20066,Pako Forever,7836,11/26/2025, 13:33:26,844
GEOR20066,Pako Forever,7836,11/26/2025, 14:19:18,844
GEOR20066,Pako Forever,7836,11/26/2025, 15:17:38,844
GEOR20066,Pako Forever,7836,11/26/2025, 16:22:22,844
GEOR20066,Pako Forever,7837,11/26/2025, 17:16:36,844
GEOR20066,Pako Forever,7837,11/26/2025, 18:22:14,844
GEOR20066,Pako Forever,7837,11/26/2025, 19:14:44,844
GEOR20066,Pako Forever,7838,11/26/2025, 20:19:54,844
GEOR20066,Pako Forever,7839,11/26/2025, 21:16:13,844
GEOR20066,Pako Forever,7840,11/26/2025, 22:17:43,844
GEOR20066,Pako Forever,7840,11/26/2025, 23:16:31,844
GEOR20066,Pako Forever,7840,11/27/2025, 01:16:30,844
GEOR20066,Pako Forever,7840,11/27/2025, 03:10:06,844
GEOR20066,Pako Forever,7840,11/27/2025, 04:21:57,844
GEOR20066,Pako Forever,7840,11/27/2025, 05:18:53,844
GEOR20066,Pako Forever,7840,11/27/2025, 06:28:02,844
GEOR20066,Pako Forever,7840,11/27/2025, 07:19:03,844
GEOR20066,Pako Forever,7840,11/27/2025, 08:25:07,844
GEOR20066,Pako Forever,7840,11/27/2025, 09:20:19,844
GEOR20066,Pako Forever,7840,11/27/2025, 10:20:01,844
GEOR20066,Pako Forever,7840,11/27/2025, 11:16:42,844
GEOR20066,Pako Forever,7840,11/27/2025, 12:36:49,844
GEOR20066,Pako Forever,7840,11/27/2025, 13:31:00,844
GEOR20066,Pako Forever,7841,11/27/2025, 14:18:27,844
GEOR20066,Pako Forever,7841,11/27/2025, 15:18:19,844
GEOR20066,Pako Forever,7841,11/27/2025, 16:22:05,844
GEOR20066,Pako Forever,7841,11/27/2025, 17:14:58,844
GEOR20066,Pako Forever,7841,11/27/2025, 18:24:18,844
GEOR20066,Pako Forever,7841,11/27/2025, 19:14:44,844
GEOR20066,Pako Forever,7841,11/27/2025, 20:18:22,844
GEOR20066,Pako Forever,7841,11/27/2025, 21:16:09,844
GEOR20066,Pako Forever,7841,11/27/2025, 22:17:03,844
GEOR20066,Pako Forever,7841,11/27/2025, 23:16:42,844
GEOR20066,Pako Forever,7841,11/28/2025, 01:15:33,844
GEOR20066,Pako Forever,7841,11/28/2025, 03:09:51,844
GEOR20066,Pako Forever,7841,11/28/2025, 04:21:37,844
GEOR20066,Pako Forever,7841,11/28/2025, 05:19:01,844
GEOR20066,Pako Forever,7841,11/28/2025, 06:28:04,844
GEOR20066,Pako Forever,7841,11/28/2025, 07:18:38,844
GEOR20066,Pako Forever,7842,11/28/2025, 08:24:31,844
GEOR20066,Pako Forever,7842,11/28/2025, 09:19:15,844
GEOR20066,Pako Forever,7842,11/28/2025, 10:20:12,844
GEOR20066,Pako Forever,7842,11/28/2025, 11:16:20,844
GEOR20066,Pako Forever,7842,11/28/2025, 12:35:12,844
GEOR20066,Pako Forever,7842,11/28/2025, 13:29:25,844
GEOR20066,Pako Forever,7842,11/28/2025, 14:18:26,844
GEOR20066,Pako Forever,7842,11/28/2025, 15:18:41,844
GEOR20066,Pako Forever,7842,11/28/2025, 16:22:36,844
GEOR20066,Pako Forever,7842,11/28/2025, 17:15:52,844
GEOR20066,Pako Forever,7842,11/28/2025, 18:24:37,844
GEOR20066,Pako Forever,7842,11/28/2025, 19:14:14,844
GEOR20066,Pako Forever,7843,11/28/2025, 20:19:45,844
GEOR20066,Pako Forever,7843,11/28/2025, 21:15:36,844
GEOR20066,Pako Forever,7843,11/28/2025, 22:16:36,844
GEOR20066,Pako Forever,7843,11/28/2025, 23:16:41,844
GEOR20066,Pako Forever,7843,11/29/2025, 01:15:38,844
GEOR20066,Pako Forever,7843,11/29/2025, 03:10:24,844
GEOR20066,Pako Forever,7843,11/29/2025, 04:21:03,844
GEOR20066,Pako Forever,7843,11/29/2025, 05:17:48,844
GEOR20066,Pako Forever,7843,11/29/2025, 06:24:51,844
GEOR20066,Pako Forever,7843,11/29/2025, 07:16:17,844
GEOR20066,Pako Forever,7843,11/29/2025, 08:22:07,844
GEOR20066,Pako Forever,7843,11/29/2025, 09:17:46,844
GEOR20066,Pako Forever,7843,11/29/2025, 10:17:58,844
GEOR20066,Pako Forever,7843,11/29/2025, 11:14:21,844
GEOR20066,Pako Forever,7843,11/29/2025, 12:32:27,844
GEOR20066,Pako Forever,7843,11/29/2025, 13:25:06,844
GEOR20066,Pako Forever,7843,11/29/2025, 14:16:06,844
GEOR20066,Pako Forever,7843,11/29/2025, 15:16:28,844
GEOR20066,Pako Forever,7843,11/29/2025, 16:20:30,844
GEOR20066,Pako Forever,7843,11/29/2025, 17:15:28,844
GEOR20066,Pako Forever,7844,11/29/2025, 18:23:29,844
GEOR20066,Pako Forever,7845,11/29/2025, 19:13:51,844
GEOR20066,Pako Forever,7845,11/29/2025, 20:19:07,844
GEOR20066,Pako Forever,7846,11/29/2025, 21:15:26,844
GEOR20066,Pako Forever,7846,11/29/2025, 22:16:24,844
GEOR20066,Pako Forever,7847,11/29/2025, 23:16:35,844
GEOR20066,Pako Forever,7847,11/30/2025, 01:26:12,844
GEOR20066,Pako Forever,7848,11/30/2025, 03:25:30,844
GEOR20066,Pako Forever,7848,11/30/2025, 04:32:39,844
GEOR20066,Pako Forever,7848,11/30/2025, 05:17:48,844
GEOR20066,Pako Forever,7848,11/30/2025, 06:26:00,844
GEOR20066,Pako Forever,7848,11/30/2025, 07:16:03,844
GEOR20066,Pako Forever,7848,11/30/2025, 08:21:12,844
GEOR20066,Pako Forever,7848,11/30/2025, 09:17:08,844
GEOR20066,Pako Forever,7848,11/30/2025, 10:17:31,844
GEOR20066,Pako Forever,7848,11/30/2025, 11:14:45,844
GEOR20066,Pako Forever,7848,11/30/2025, 12:31:54,844
GEOR20066,Pako Forever,7848,11/30/2025, 13:24:37,844
GEOR20066,Pako Forever,7848,11/30/2025, 14:16:07,844
GEOR20066,Pako Forever,7849,11/30/2025, 15:16:37,844
GEOR20066,Pako Forever,7849,11/30/2025, 16:20:46,844
GEOR20066,Pako Forever,7849,11/30/2025, 17:15:14,844
GEOR20066,Pako Forever,7849,11/30/2025, 18:23:24,844
GEOR20066,Pako Forever,7849,11/30/2025, 19:14:08,844
GEOR20066,Pako Forever,7849,11/30/2025, 20:19:22,844
GEOR20066,Pako Forever,7849,11/30/2025, 21:16:14,844
GEOR20066,Pako Forever,7850,11/30/2025, 22:16:51,844
GEOR20066,Pako Forever,7851,11/30/2025, 23:16:28,844
GEOR20066,Pako Forever,7851,12/01/2025, 01:40:52,844
GEOR20066,Pako Forever,7852,12/01/2025, 03:49:09,844
GEOR20066,Pako Forever,7852,12/01/2025, 04:47:21,844
GEOR20066,Pako Forever,7852,12/01/2025, 05:26:11,844
GEOR20066,Pako Forever,7852,12/01/2025, 06:29:17,844
GEOR20066,Pako Forever,7852,12/01/2025, 07:21:39,844
GEOR20066,Pako Forever,7852,12/01/2025, 08:28:04,844
GEOR20066,Pako Forever,7852,12/01/2025, 09:25:21,844
GEOR20066,Pako Forever,7852,12/01/2025, 10:21:52,844
GEOR20066,Pako Forever,7852,12/01/2025, 11:16:53,844
GEOR20066,Pako Forever,7852,12/01/2025, 12:37:20,844
GEOR20066,Pako Forever,7852,12/01/2025, 13:34:22,844
GEOR20066,Pako Forever,7852,12/01/2025, 14:19:55,844
GEOR20066,Pako Forever,7852,12/01/2025, 15:19:33,844
GEOR20066,Pako Forever,7852,12/01/2025, 16:25:02,844
GEOR20066,Pako Forever,7852,12/01/2025, 17:19:53,844
GEOR20066,Pako Forever,7852,12/01/2025, 18:29:07,844
GEOR20066,Pako Forever,7852,12/01/2025, 19:19:40,844
GEOR20066,Pako Forever,7852,12/01/2025, 20:18:40,844
GEOR20066,Pako Forever,7852,12/01/2025, 21:15:50,844
GEOR20066,Pako Forever,7852,12/01/2025, 22:16:01,844
GEOR20066,Pako Forever,7852,12/01/2025, 23:17:19,844
GEOR20066,Pako Forever,7852,12/02/2025, 01:18:53,844
GEOR20066,Pako Forever,7852,12/02/2025, 03:17:15,844
GEOR20066,Pako Forever,7852,12/02/2025, 04:28:48,844
GEOR20066,Pako Forever,7852,12/02/2025, 05:18:34,844
GEOR20066,Pako Forever,7852,12/02/2025, 06:29:05,844
GEOR20066,Pako Forever,7852,12/02/2025, 07:20:45,844
GEOR20066,Pako Forever,7852,12/02/2025, 08:25:57,844
GEOR20066,Pako Forever,7852,12/02/2025, 09:23:59,844
GEOR20066,Pako Forever,7852,12/02/2025, 10:20:39,844
GEOR20066,Pako Forever,7853,12/02/2025, 11:17:46,844
GEOR20066,Pako Forever,7853,12/02/2025, 12:38:28,844
GEOR20066,Pako Forever,7853,12/02/2025, 13:36:02,844
GEOR20066,Pako Forever,7853,12/02/2025, 14:19:45,844
GEOR20066,Pako Forever,7853,12/02/2025, 15:20:55,844
GEOR20066,Pako Forever,7854,12/02/2025, 16:24:39,844
GEOR20066,Pako Forever,7854,12/02/2025, 17:21:18,844
GEOR20066,Pako Forever,7854,12/02/2025, 18:29:08,844
GEOR20066,Pako Forever,7854,12/02/2025, 19:18:24,844
GEOR20066,Pako Forever,7854,12/02/2025, 20:21:54,844
GEOR20066,Pako Forever,7855,12/02/2025, 21:18:17,844
GEOR20066,Pako Forever,7855,12/02/2025, 22:16:22,844
GEOR20066,Pako Forever,7855,12/02/2025, 23:16:37,844
GEOR20066,Pako Forever,7855,12/03/2025, 01:19:07,844
GEOR20066,Pako Forever,7856,12/03/2025, 03:16:00,844
GEOR20066,Pako Forever,7856,12/03/2025, 04:27:03,844
GEOR20066,Pako Forever,7856,12/03/2025, 05:18:16,844
GEOR20066,Pako Forever,7856,12/03/2025, 06:28:15,844
GEOR20066,Pako Forever,7856,12/03/2025, 07:20:02,844
GEOR20066,Pako Forever,7856,12/03/2025, 08:24:59,844
GEOR20066,Pako Forever,7856,12/03/2025, 09:22:45,844
GEOR20066,Pako Forever,7856,12/03/2025, 10:21:30,844
GEOR20066,Pako Forever,7856,12/03/2025, 11:17:22,844
GEOR20066,Pako Forever,7856,12/03/2025, 12:37:57,844
GEOR20066,Pako Forever,7856,12/03/2025, 13:34:37,844
GEOR20066,Pako Forever,7856,12/03/2025, 14:19:29,844
GEOR20066,Pako Forever,7856,12/03/2025, 15:20:38,844
GEOR20066,Pako Forever,7856,12/03/2025, 16:25:32,844
GEOR20066,Pako Forever,7856,12/03/2025, 17:21:42,844
GEOR20066,Pako Forever,7856,12/03/2025, 18:28:48,844
GEOR20066,Pako Forever,7856,12/03/2025, 19:16:23,844
GEOR20066,Pako Forever,7856,12/03/2025, 20:21:42,844
GEOR20066,Pako Forever,7856,12/03/2025, 21:17:22,844
GEOR20066,Pako Forever,7856,12/03/2025, 22:18:51,844
GEOR20066,Pako Forever,7856,12/03/2025, 23:15:22,844
GEOR20066,Pako Forever,7856,12/04/2025, 01:19:04,844
GEOR20066,Pako Forever,7856,12/04/2025, 03:17:53,844
GEOR20066,Pako Forever,7856,12/04/2025, 04:29:08,844
GEOR20066,Pako Forever,7856,12/04/2025, 05:17:53,844
GEOR20066,Pako Forever,7856,12/04/2025, 06:28:10,844
GEOR20066,Pako Forever,7856,12/04/2025, 07:20:17,844
GEOR20066,Pako Forever,7856,12/04/2025, 08:25:37,844
GEOR20066,Pako Forever,7856,12/04/2025, 09:22:31,844
GEOR20066,Pako Forever,7856,12/04/2025, 10:21:27,844
GEOR20066,Pako Forever,7856,12/04/2025, 11:18:29,844
GEOR20066,Pako Forever,7856,12/04/2025, 12:38:52,844
GEOR20066,Pako Forever,7856,12/04/2025, 13:35:20,844
GEOR20066,Pako Forever,7856,12/04/2025, 14:19:43,844
GEOR20066,Pako Forever,7856,12/04/2025, 15:20:51,844
GEOR20066,Pako Forever,7856,12/04/2025, 16:25:25,844
GEOR20066,Pako Forever,7856,12/04/2025, 17:20:53,844
GEOR20066,Pako Forever,7856,12/04/2025, 18:29:23,844
GEOR20066,Pako Forever,7856,12/04/2025, 19:17:38,844
GEOR20066,Pako Forever,7856,12/04/2025, 20:20:48,844
GEOR20066,Pako Forever,7857,12/04/2025, 21:18:01,844
GEOR20066,Pako Forever,7857,12/04/2025, 22:15:53,844
GEOR20066,Pako Forever,7858,12/04/2025, 23:17:45,844
GEOR20066,Pako Forever,7859,12/05/2025, 01:19:46,844
GEOR20066,Pako Forever,7859,12/05/2025, 03:17:49,844
GEOR20066,Pako Forever,7859,12/05/2025, 04:27:53,844
GEOR20066,Pako Forever,7859,12/05/2025, 05:18:34,844
GEOR20066,Pako Forever,7859,12/05/2025, 06:28:18,844
GEOR20066,Pako Forever,7859,12/05/2025, 07:19:54,844
GEOR20066,Pako Forever,7860,12/05/2025, 08:24:45,844
GEOR20066,Pako Forever,7860,12/05/2025, 09:20:11,844
GEOR20066,Pako Forever,7860,12/05/2025, 10:20:02,844
GEOR20066,Pako Forever,7860,12/05/2025, 11:17:49,844
GEOR20066,Pako Forever,7860,12/05/2025, 12:37:00,844
GEOR20066,Pako Forever,7860,12/05/2025, 13:31:06,844
GEOR20066,Pako Forever,7861,12/05/2025, 14:19:09,844
GEOR20066,Pako Forever,7861,12/05/2025, 15:19:54,844
GEOR20066,Pako Forever,7861,12/05/2025, 16:23:13,844
GEOR20066,Pako Forever,7861,12/05/2025, 17:17:32,844
GEOR20066,Pako Forever,7863,12/05/2025, 18:24:00,844
GEOR20066,Pako Forever,7863,12/05/2025, 19:15:34,844
GEOR20066,Pako Forever,7863,12/05/2025, 20:20:31,844
GEOR20066,Pako Forever,7863,12/05/2025, 21:17:04,844
GEOR20066,Pako Forever,7863,12/05/2025, 22:17:41,844
GEOR20066,Pako Forever,7863,12/05/2025, 23:17:38,844
GEOR20066,Pako Forever,7863,12/06/2025, 01:15:43,844
GEOR20066,Pako Forever,7865,12/06/2025, 03:08:06,844
GEOR20066,Pako Forever,7865,12/06/2025, 04:20:12,844
GEOR20066,Pako Forever,7865,12/06/2025, 05:17:37,844
GEOR20066,Pako Forever,7865,12/06/2025, 06:24:27,844
GEOR20066,Pako Forever,7865,12/06/2025, 07:16:23,844
GEOR20066,Pako Forever,7865,12/06/2025, 08:21:56,844
GEOR20066,Pako Forever,7865,12/06/2025, 09:18:38,844
GEOR20066,Pako Forever,7865,12/06/2025, 10:18:32,844
GEOR20066,Pako Forever,7865,12/06/2025, 11:15:40,844
GEOR20066,Pako Forever,7865,12/06/2025, 12:32:31,844
GEOR20066,Pako Forever,7865,12/06/2025, 13:25:09,844
GEOR20066,Pako Forever,7865,12/06/2025, 14:15:30,844
GEOR20066,Pako Forever,7866,12/06/2025, 15:16:31,844
GEOR20066,Pako Forever,7866,12/06/2025, 16:21:11,844
GEOR20066,Pako Forever,7866,12/06/2025, 17:15:54,844
GEOR20066,Pako Forever,7866,12/06/2025, 18:23:16,844
GEOR20066,Pako Forever,7866,12/06/2025, 19:14:42,844
GEOR20066,Pako Forever,7866,12/06/2025, 20:18:49,844
GEOR20066,Pako Forever,7866,12/06/2025, 21:15:50,844
GEOR20066,Pako Forever,7867,12/06/2025, 22:16:33,844
GEOR20066,Pako Forever,7867,12/06/2025, 23:16:40,844
GEOR20066,Pako Forever,7867,12/07/2025, 01:26:16,844
GEOR20066,Pako Forever,7868,12/07/2025, 03:25:56,844
GEOR20066,Pako Forever,7868,12/07/2025, 04:31:57,844
GEOR20066,Pako Forever,7868,12/07/2025, 05:16:42,844
GEOR20066,Pako Forever,7868,12/07/2025, 06:24:48,844
GEOR20066,Pako Forever,7868,12/07/2025, 07:17:23,844
GEOR20066,Pako Forever,7868,12/07/2025, 08:21:40,844
GEOR20066,Pako Forever,7868,12/07/2025, 09:17:54,844
GEOR20066,Pako Forever,7868,12/07/2025, 10:17:09,844
GEOR20066,Pako Forever,7868,12/07/2025, 11:14:28,844
GEOR20066,Pako Forever,7868,12/07/2025, 12:32:17,844
GEOR20066,Pako Forever,7868,12/07/2025, 13:24:09,844
GEOR20066,Pako Forever,7868,12/07/2025, 14:15:53,844
GEOR20066,Pako Forever,7868,12/07/2025, 15:15:59,844
GEOR20066,Pako Forever,7869,12/07/2025, 16:19:55,844
GEOR20066,Pako Forever,7869,12/07/2025, 17:14:43,844
GEOR20066,Pako Forever,7869,12/07/2025, 18:23:16,844
GEOR20066,Pako Forever,7869,12/07/2025, 19:14:17,844
GEOR20066,Pako Forever,7870,12/07/2025, 20:18:49,844
GEOR20066,Pako Forever,7870,12/07/2025, 21:15:16,844
GEOR20066,Pako Forever,7870,12/07/2025, 22:16:22,844
GEOR20066,Pako Forever,7871,12/07/2025, 23:16:05,844
GEOR20066,Pako Forever,7871,12/08/2025, 01:19:58,844
GEOR20066,Pako Forever,7872,12/08/2025, 03:20:27,844
GEOR20066,Pako Forever,7872,12/08/2025, 04:32:18,844
GEOR20066,Pako Forever,7872,12/08/2025, 05:20:45,844
GEOR20066,Pako Forever,7872,12/08/2025, 06:30:44,844
GEOR20066,Pako Forever,7872,12/08/2025, 07:22:36,844
GEOR20066,Pako Forever,7872,12/08/2025, 08:28:00,844
GEOR20066,Pako Forever,7872,12/08/2025, 09:26:08,844
GEOR20066,Pako Forever,7872,12/08/2025, 10:21:09,844
GEOR20066,Pako Forever,7872,12/08/2025, 11:17:11,844
GEOR20066,Pako Forever,7872,12/08/2025, 12:37:06,844
GEOR20066,Pako Forever,7872,12/08/2025, 13:33:51,844
GEOR20066,Pako Forever,7872,12/08/2025, 14:19:52,844
GEOR20066,Pako Forever,7872,12/08/2025, 15:20:31,844
GEOR20066,Pako Forever,7872,12/08/2025, 16:24:23,844
GEOR20066,Pako Forever,7872,12/08/2025, 17:18:43,844
GEOR20066,Pako Forever,7872,12/08/2025, 18:28:06,844
GEOR20066,Pako Forever,7872,12/08/2025, 19:15:57,844
GEOR20066,Pako Forever,7873,12/08/2025, 20:20:59,844
GEOR20066,Pako Forever,7874,12/08/2025, 21:16:29,844
GEOR20066,Pako Forever,7874,12/08/2025, 22:18:15,844
GEOR20066,Pako Forever,7874,12/08/2025, 23:17:48,844
GEOR20066,Pako Forever,7875,12/09/2025, 01:19:10,844
GEOR20066,Pako Forever,7875,12/09/2025, 03:17:39,844
GEOR20066,Pako Forever,7875,12/09/2025, 04:27:16,844
GEOR20066,Pako Forever,7875,12/09/2025, 05:18:53,844
GEOR20066,Pako Forever,7875,12/09/2025, 06:28:34,844
GEOR20066,Pako Forever,7875,12/09/2025, 07:21:14,844
GEOR20066,Pako Forever,7875,12/09/2025, 08:26:33,844
GEOR20066,Pako Forever,7875,12/09/2025, 09:22:27,844
GEOR20066,Pako Forever,7875,12/09/2025, 10:21:57,844
GEOR20066,Pako Forever,7875,12/09/2025, 11:17:43,844
GEOR20066,Pako Forever,7875,12/09/2025, 12:37:57,844
GEOR20066,Pako Forever,7876,12/09/2025, 13:34:57,844
GEOR20066,Pako Forever,7876,12/09/2025, 14:20:25,844
GEOR20066,Pako Forever,7877,12/09/2025, 15:21:08,844
GEOR20066,Pako Forever,7877,12/09/2025, 16:24:45,844
GEOR20066,Pako Forever,7877,12/09/2025, 17:19:25,844
GEOR20066,Pako Forever,7877,12/09/2025, 18:23:20,844
GEOR20066,Pako Forever,7877,12/09/2025, 19:14:42,844
GEOR20066,Pako Forever,7877,12/09/2025, 20:19:08,844
GEOR20066,Pako Forever,7877,12/09/2025, 21:15:52,844
GEOR20066,Pako Forever,7877,12/09/2025, 22:18:54,844
GEOR20066,Pako Forever,7877,12/09/2025, 23:18:06,844
GEOR20066,Pako Forever,7877,12/10/2025, 01:20:56,844
GEOR20066,Pako Forever,7877,12/10/2025, 03:21:36,844
GEOR20066,Pako Forever,7877,12/10/2025, 04:31:38,844
GEOR20066,Pako Forever,7877,12/10/2025, 05:19:58,844
GEOR20066,Pako Forever,7877,12/10/2025, 06:29:12,844
GEOR20066,Pako Forever,7877,12/10/2025, 07:21:44,844
GEOR20066,Pako Forever,7877,12/10/2025, 08:25:42,844
GEOR20066,Pako Forever,7877,12/10/2025, 09:22:34,844
GEOR20066,Pako Forever,7877,12/10/2025, 10:21:36,844
GEOR20066,Pako Forever,7877,12/10/2025, 11:17:27,844
GEOR20066,Pako Forever,7877,12/10/2025, 12:38:01,844
GEOR20066,Pako Forever,7877,12/10/2025, 13:36:12,844
GEOR20066,Pako Forever,7877,12/10/2025, 14:21:01,844
GEOR20066,Pako Forever,7877,12/10/2025, 15:22:05,844
GEOR20066,Pako Forever,7877,12/10/2025, 16:25:22,844
GEOR20066,Pako Forever,7878,12/10/2025, 17:20:52,844
GEOR20066,Pako Forever,7878,12/10/2025, 18:27:29,844
GEOR20066,Pako Forever,7878,12/10/2025, 19:16:43,844
GEOR20066,Pako Forever,7878,12/10/2025, 20:21:43,844
GEOR20066,Pako Forever,7878,12/10/2025, 21:20:00,844
GEOR20066,Pako Forever,7879,12/10/2025, 22:18:45,844
GEOR20066,Pako Forever,7879,12/10/2025, 23:16:03,844
GEOR20066,Pako Forever,7879,12/11/2025, 01:22:04,844
GEOR20066,Pako Forever,7879,12/11/2025, 03:23:17,844
GEOR20066,Pako Forever,7879,12/11/2025, 04:33:45,844
GEOR20066,Pako Forever,7879,12/11/2025, 05:20:58,844
GEOR20066,Pako Forever,7880,12/11/2025, 06:29:56,844
GEOR20066,Pako Forever,7880,12/11/2025, 07:23:16,844
GEOR20066,Pako Forever,7881,12/11/2025, 08:26:25,844
GEOR20066,Pako Forever,7881,12/11/2025, 09:23:56,844
GEOR20066,Pako Forever,7881,12/11/2025, 10:21:41,844
GEOR20066,Pako Forever,7881,12/11/2025, 11:17:49,844
GEOR20066,Pako Forever,7882,12/11/2025, 12:39:18,844
GEOR20066,Pako Forever,7882,12/11/2025, 13:37:35,844
GEOR20066,Pako Forever,7882,12/11/2025, 14:21:35,844
GEOR20066,Pako Forever,7882,12/11/2025, 15:21:45,844
GEOR20066,Pako Forever,7882,12/11/2025, 16:26:34,844
GEOR20066,Pako Forever,7882,12/11/2025, 17:24:44,844
GEOR20066,Pako Forever,7882,12/11/2025, 18:26:02,844
GEOR20066,Pako Forever,7882,12/11/2025, 19:19:15,844
GEOR20066,Pako Forever,7882,12/11/2025, 20:21:21,844
GEOR20066,Pako Forever,7882,12/11/2025, 21:20:40,844
GEOR20066,Pako Forever,7882,12/11/2025, 22:18:44,844
GEOR20066,Pako Forever,7882,12/11/2025, 23:18:17,844
GEOR20066,Pako Forever,7882,12/12/2025, 01:21:25,844
GEOR20066,Pako Forever,7882,12/12/2025, 03:22:21,844
GEOR20066,Pako Forever,7883,12/12/2025, 04:32:48,844
GEOR20066,Pako Forever,7883,12/12/2025, 05:19:40,844
GEOR20066,Pako Forever,7884,12/12/2025, 06:28:59,844
GEOR20066,Pako Forever,7884,12/12/2025, 07:22:01,844
GEOR20066,Pako Forever,7884,12/12/2025, 08:26:41,844
GEOR20066,Pako Forever,7884,12/12/2025, 09:22:56,844
GEOR20066,Pako Forever,7884,12/12/2025, 10:20:41,844
GEOR20066,Pako Forever,7884,12/12/2025, 11:18:29,844
GEOR20066,Pako Forever,7884,12/12/2025, 12:37:54,844
GEOR20066,Pako Forever,7884,12/12/2025, 13:33:44,844
GEOR20066,Pako Forever,7884,12/12/2025, 14:18:25,844
GEOR20066,Pako Forever,7884,12/12/2025, 15:20:28,844
GEOR20066,Pako Forever,7884,12/12/2025, 16:22:12,844
GEOR20066,Pako Forever,7884,12/12/2025, 17:17:57,844
GEOR20066,Pako Forever,7884,12/12/2025, 18:28:55,844
GEOR20066,Pako Forever,7884,12/12/2025, 19:16:05,844
GEOR20066,Pako Forever,7885,12/12/2025, 20:20:40,844
GEOR20066,Pako Forever,7885,12/12/2025, 21:16:58,844
GEOR20066,Pako Forever,7885,12/12/2025, 22:18:22,844
GEOR20066,Pako Forever,7885,12/12/2025, 23:18:12,844
GEOR20066,Pako Forever,7885,12/13/2025, 01:17:11,844
GEOR20066,Pako Forever,7885,12/13/2025, 03:14:32,844
GEOR20066,Pako Forever,7885,12/13/2025, 04:24:07,844
GEOR20066,Pako Forever,7886,12/13/2025, 05:18:38,844
GEOR20066,Pako Forever,7887,12/13/2025, 06:26:29,844
GEOR20066,Pako Forever,7887,12/13/2025, 07:17:56,844
GEOR20066,Pako Forever,7887,12/13/2025, 08:22:11,844
GEOR20066,Pako Forever,7887,12/13/2025, 09:17:49,844
GEOR20066,Pako Forever,7887,12/13/2025, 10:17:40,844
GEOR20066,Pako Forever,7887,12/13/2025, 11:14:44,844
GEOR20066,Pako Forever,7887,12/13/2025, 12:33:37,844
GEOR20066,Pako Forever,7887,12/13/2025, 13:26:03,844
GEOR20066,Pako Forever,7887,12/13/2025, 14:16:26,844
GEOR20066,Pako Forever,7887,12/13/2025, 15:16:39,844
GEOR20066,Pako Forever,7887,12/13/2025, 16:21:12,844
GEOR20066,Pako Forever,7887,12/13/2025, 17:15:36,844
GEOR20066,Pako Forever,7887,12/13/2025, 18:23:14,844
GEOR20066,Pako Forever,7887,12/13/2025, 19:13:59,844
GEOR20066,Pako Forever,7887,12/13/2025, 20:18:53,844
GEOR20066,Pako Forever,7887,12/13/2025, 21:16:07,844
GEOR20066,Pako Forever,7887,12/13/2025, 22:16:30,844
GEOR20066,Pako Forever,7887,12/13/2025, 23:16:40,844
GEOR20066,Pako Forever,7887,12/14/2025, 01:26:54,844
GEOR20066,Pako Forever,7888,12/14/2025, 03:27:41,844
GEOR20066,Pako Forever,7888,12/14/2025, 04:35:18,844
GEOR20066,Pako Forever,7888,12/14/2025, 05:18:52,844
GEOR20066,Pako Forever,7888,12/14/2025, 06:26:18,844
GEOR20066,Pako Forever,7888,12/14/2025, 07:17:26,844
GEOR20066,Pako Forever,7888,12/14/2025, 08:22:26,844
GEOR20066,Pako Forever,7888,12/14/2025, 09:18:14,844
GEOR20066,Pako Forever,7888,12/14/2025, 10:17:59,844
GEOR20066,Pako Forever,7888,12/14/2025, 11:15:12,844
GEOR20066,Pako Forever,7888,12/14/2025, 12:33:33,844
GEOR20066,Pako Forever,7888,12/14/2025, 13:26:04,844
GEOR20066,Pako Forever,7888,12/14/2025, 14:17:03,844
GEOR20066,Pako Forever,7889,12/14/2025, 15:16:47,844
GEOR20066,Pako Forever,7889,12/14/2025, 16:20:52,844
GEOR20066,Pako Forever,7889,12/14/2025, 17:15:27,844
GEOR20066,Pako Forever,7889,12/14/2025, 18:24:29,844
GEOR20066,Pako Forever,7889,12/14/2025, 19:14:46,844
GEOR20066,Pako Forever,7889,12/14/2025, 20:19:37,844
GEOR20066,Pako Forever,7889,12/14/2025, 21:16:38,844
GEOR20066,Pako Forever,7889,12/14/2025, 22:16:59,844
GEOR20066,Pako Forever,7889,12/14/2025, 23:16:40,844
GEOR20066,Pako Forever,7889,12/15/2025, 01:23:46,844
GEOR20066,Pako Forever,7889,12/15/2025, 03:29:03,844
GEOR20066,Pako Forever,7890,12/15/2025, 04:38:39,844
GEOR20066,Pako Forever,7890,12/15/2025, 05:23:54,844
GEOR20066,Pako Forever,7890,12/15/2025, 06:31:49,844
GEOR20066,Pako Forever,7890,12/15/2025, 07:23:13,844
GEOR20066,Pako Forever,7890,12/15/2025, 08:28:44,844
GEOR20066,Pako Forever,7890,12/15/2025, 09:30:39,844
GEOR20066,Pako Forever,7890,12/15/2025, 10:23:51,844
GEOR20066,Pako Forever,7890,12/15/2025, 11:17:50,844
GEOR20066,Pako Forever,7890,12/15/2025, 12:40:11,844
GEOR20066,Pako Forever,7890,12/15/2025, 13:39:28,844
GEOR20066,Pako Forever,7890,12/15/2025, 14:23:20,844
GEOR20066,Pako Forever,7890,12/15/2025, 15:22:29,844
GEOR20066,Pako Forever,7890,12/15/2025, 16:27:39,844
GEOR20066,Pako Forever,7890,12/15/2025, 17:23:54,844
GEOR20066,Pako Forever,7890,12/15/2025, 18:28:40,844
GEOR20066,Pako Forever,7890,12/15/2025, 19:19:16,844
GEOR20066,Pako Forever,7891,12/15/2025, 20:21:16,844
GEOR20066,Pako Forever,7891,12/15/2025, 21:18:07,844
GEOR20066,Pako Forever,7891,12/15/2025, 22:18:43,844
GEOR20066,Pako Forever,7892,12/15/2025, 23:18:59,844
GEOR20066,Pako Forever,7892,12/16/2025, 01:22:21,844
GEOR20066,Pako Forever,7892,12/16/2025, 03:23:06,844
GEOR20066,Pako Forever,7892,12/16/2025, 04:34:02,844
GEOR20066,Pako Forever,7892,12/16/2025, 05:21:19,844
GEOR20066,Pako Forever,7892,12/16/2025, 06:29:21,844
GEOR20066,Pako Forever,7892,12/16/2025, 07:22:23,844
GEOR20066,Pako Forever,7892,12/16/2025, 08:27:09,844
GEOR20066,Pako Forever,7892,12/16/2025, 09:24:25,844
GEOR20066,Pako Forever,7892,12/16/2025, 10:21:51,844
GEOR20066,Pako Forever,7893,12/16/2025, 11:17:33,844
GEOR20066,Pako Forever,7893,12/16/2025, 12:38:53,844
GEOR20066,Pako Forever,7893,12/16/2025, 13:37:23,844
GEOR20066,Pako Forever,7893,12/16/2025, 14:21:39,844
GEOR20066,Pako Forever,7893,12/16/2025, 15:21:49,844
GEOR20066,Pako Forever,7893,12/16/2025, 16:25:20,844
GEOR20066,Pako Forever,7893,12/16/2025, 17:22:36,844
GEOR20066,Pako Forever,7893,12/16/2025, 18:28:26,844
GEOR20066,Pako Forever,7893,12/16/2025, 19:18:53,844
GEOR20066,Pako Forever,7893,12/16/2025, 20:21:46,844
GEOR20066,Pako Forever,7893,12/16/2025, 21:19:11,844
GEOR20066,Pako Forever,7893,12/16/2025, 22:18:03,844
GEOR20066,Pako Forever,7893,12/16/2025, 23:17:37,844
GEOR20066,Pako Forever,7893,12/17/2025, 01:17:30,844
GEOR20066,Pako Forever,7894,12/17/2025, 03:18:52,844
GEOR20066,Pako Forever,7894,12/17/2025, 04:32:01,844
GEOR20066,Pako Forever,7894,12/17/2025, 05:21:00,844
GEOR20066,Pako Forever,7894,12/17/2025, 06:29:20,844
GEOR20066,Pako Forever,7894,12/17/2025, 07:21:29,844
GEOR20066,Pako Forever,7894,12/17/2025, 08:26:41,844
GEOR20066,Pako Forever,7894,12/17/2025, 09:26:16,844
GEOR20066,Pako Forever,7894,12/17/2025, 10:21:44,844
GEOR20066,Pako Forever,7894,12/17/2025, 11:18:16,844
GEOR20066,Pako Forever,7894,12/17/2025, 12:39:02,844
GEOR20066,Pako Forever,7894,12/17/2025, 13:32:36,844
GEOR20066,Pako Forever,7894,12/17/2025, 14:20:17,844
GEOR20066,Pako Forever,7894,12/17/2025, 15:21:48,844
GEOR20066,Pako Forever,7894,12/17/2025, 16:24:56,844
GEOR20066,Pako Forever,7895,12/17/2025, 17:22:13,844
GEOR20066,Pako Forever,7895,12/17/2025, 18:28:37,844
GEOR20066,Pako Forever,7895,12/17/2025, 19:18:50,844
GEOR20066,Pako Forever,7895,12/17/2025, 20:21:45,844
GEOR20066,Pako Forever,7895,12/17/2025, 21:18:20,844
GEOR20066,Pako Forever,7895,12/17/2025, 22:18:40,844
GEOR20066,Pako Forever,7895,12/17/2025, 23:18:15,844
GEOR20066,Pako Forever,7895,12/18/2025, 01:18:08,844
GEOR20066,Pako Forever,7895,12/18/2025, 03:19:56,844
GEOR20066,Pako Forever,7896,12/18/2025, 04:32:19,844
GEOR20066,Pako Forever,7896,12/18/2025, 05:20:55,844
GEOR20066,Pako Forever,7897,12/18/2025, 06:29:08,844
GEOR20066,Pako Forever,7897,12/18/2025, 07:20:56,844
GEOR20066,Pako Forever,7897,12/18/2025, 08:26:29,844
GEOR20066,Pako Forever,7897,12/18/2025, 09:25:20,844
GEOR20066,Pako Forever,7897,12/18/2025, 10:20:51,844
GEOR20066,Pako Forever,7897,12/18/2025, 11:18:25,844
GEOR20066,Pako Forever,7897,12/18/2025, 12:37:58,844
GEOR20066,Pako Forever,7898,12/18/2025, 13:35:25,844
GEOR20066,Pako Forever,7899,12/18/2025, 14:20:32,844
GEOR20066,Pako Forever,7899,12/18/2025, 15:20:46,844
GEOR20066,Pako Forever,7899,12/18/2025, 16:26:03,844
GEOR20066,Pako Forever,7899,12/18/2025, 17:22:10,844
GEOR20066,Pako Forever,7899,12/18/2025, 18:27:49,844
GEOR20066,Pako Forever,7899,12/18/2025, 19:17:07,844
GEOR20066,Pako Forever,7899,12/18/2025, 20:18:55,844
GEOR20066,Pako Forever,7899,12/18/2025, 21:16:45,844
GEOR20066,Pako Forever,7899,12/18/2025, 22:18:11,844
GEOR20066,Pako Forever,7899,12/18/2025, 23:18:23,844
GEOR20066,Pako Forever,7899,12/19/2025, 01:21:45,844
GEOR20066,Pako Forever,7900,12/19/2025, 03:22:51,844
GEOR20066,Pako Forever,7900,12/19/2025, 04:32:43,844
GEOR20066,Pako Forever,7900,12/19/2025, 05:20:09,844
GEOR20066,Pako Forever,7900,12/19/2025, 06:28:22,844
GEOR20066,Pako Forever,7900,12/19/2025, 07:20:42,844
GEOR20066,Pako Forever,7900,12/19/2025, 08:26:03,844
GEOR20066,Pako Forever,7900,12/19/2025, 09:23:15,844
GEOR20066,Pako Forever,7900,12/19/2025, 10:20:28,844
GEOR20066,Pako Forever,7900,12/19/2025, 11:17:36,844
GEOR20066,Pako Forever,7900,12/19/2025, 12:36:16,844
GEOR20066,Pako Forever,7900,12/19/2025, 13:32:11,844
GEOR20066,Pako Forever,7901,12/19/2025, 14:19:47,844
GEOR20066,Pako Forever,7901,12/19/2025, 15:20:24,844
GEOR20066,Pako Forever,7901,12/19/2025, 16:23:06,844
GEOR20066,Pako Forever,7901,12/19/2025, 17:18:30,844
GEOR20066,Pako Forever,7901,12/19/2025, 18:26:20,844
GEOR20066,Pako Forever,7901,12/19/2025, 19:15:51,844
GEOR20066,Pako Forever,7901,12/19/2025, 20:20:31,844
GEOR20066,Pako Forever,7901,12/19/2025, 21:17:25,844
GEOR20066,Pako Forever,7901,12/19/2025, 22:18:34,844
GEOR20066,Pako Forever,7901,12/19/2025, 23:17:58,844
GEOR20066,Pako Forever,7901,12/20/2025, 01:17:37,844
GEOR20066,Pako Forever,7902,12/20/2025, 03:14:30,844
GEOR20066,Pako Forever,7902,12/20/2025, 04:24:25,844
GEOR20066,Pako Forever,7902,12/20/2025, 05:17:58,844
GEOR20066,Pako Forever,7902,12/20/2025, 06:27:02,844
GEOR20066,Pako Forever,7902,12/20/2025, 07:16:54,844
GEOR20066,Pako Forever,7903,12/20/2025, 08:22:21,844
GEOR20066,Pako Forever,7903,12/20/2025, 09:18:05,844
GEOR20066,Pako Forever,7903,12/20/2025, 10:17:59,844
GEOR20066,Pako Forever,7903,12/20/2025, 11:14:43,844
GEOR20066,Pako Forever,7903,12/20/2025, 12:33:20,844
GEOR20066,Pako Forever,7903,12/20/2025, 13:25:58,844
GEOR20066,Pako Forever,7903,12/20/2025, 14:16:42,844
GEOR20066,Pako Forever,7903,12/20/2025, 15:17:14,844
GEOR20066,Pako Forever,7904,12/20/2025, 16:21:07,844
GEOR20066,Pako Forever,7904,12/20/2025, 17:15:31,844
GEOR20066,Pako Forever,7904,12/20/2025, 18:23:08,844
GEOR20066,Pako Forever,7904,12/20/2025, 19:14:14,844
GEOR20066,Pako Forever,7904,12/20/2025, 20:18:46,844
GEOR20066,Pako Forever,7904,12/20/2025, 21:15:47,844
GEOR20066,Pako Forever,7904,12/20/2025, 22:16:28,844
GEOR20066,Pako Forever,7905,12/20/2025, 23:16:53,844
GEOR20066,Pako Forever,7906,12/21/2025, 01:26:24,844
GEOR20066,Pako Forever,7906,12/21/2025, 03:28:00,844
GEOR20066,Pako Forever,7906,12/21/2025, 04:36:00,844
GEOR20066,Pako Forever,7906,12/21/2025, 05:18:50,844
GEOR20066,Pako Forever,7906,12/21/2025, 06:26:43,844
GEOR20066,Pako Forever,7906,12/21/2025, 07:17:57,844
GEOR20066,Pako Forever,7906,12/21/2025, 08:22:44,844
GEOR20066,Pako Forever,7906,12/21/2025, 09:18:09,844
GEOR20066,Pako Forever,7907,12/21/2025, 10:18:31,844
GEOR20066,Pako Forever,7907,12/21/2025, 11:15:20,844
GEOR20066,Pako Forever,7907,12/21/2025, 12:33:37,844
GEOR20066,Pako Forever,7908,12/21/2025, 13:26:25,844
GEOR20066,Pako Forever,7908,12/21/2025, 14:17:09,844
GEOR20066,Pako Forever,7908,12/21/2025, 15:17:37,844
GEOR20066,Pako Forever,7909,12/21/2025, 16:20:43,844
GEOR20066,Pako Forever,7909,12/21/2025, 17:15:57,844
GEOR20066,Pako Forever,7909,12/21/2025, 18:24:52,844
GEOR20066,Pako Forever,7909,12/21/2025, 19:14:49,844
GEOR20066,Pako Forever,7910,12/21/2025, 20:19:29,844
GEOR20066,Pako Forever,7910,12/21/2025, 21:16:27,844
GEOR20066,Pako Forever,7911,12/21/2025, 22:17:30,844
GEOR20066,Pako Forever,7911,12/21/2025, 23:17:04,844
GEOR20066,Pako Forever,7912,12/22/2025, 01:25:00,844
GEOR20066,Pako Forever,7912,12/22/2025, 03:30:33,844
GEOR20066,Pako Forever,7912,12/22/2025, 04:38:28,844
GEOR20066,Pako Forever,7912,12/22/2025, 05:22:51,844
GEOR20066,Pako Forever,7912,12/22/2025, 06:30:53,844
GEOR20066,Pako Forever,7913,12/22/2025, 07:22:46,844
GEOR20066,Pako Forever,7913,12/22/2025, 08:28:09,844
GEOR20066,Pako Forever,7913,12/22/2025, 09:26:29,844
GEOR20066,Pako Forever,7913,12/22/2025, 10:21:05,844
GEOR20066,Pako Forever,7913,12/22/2025, 11:16:54,844
GEOR20066,Pako Forever,7913,12/22/2025, 12:37:38,844
GEOR20066,Pako Forever,7913,12/22/2025, 13:33:13,844
GEOR20066,Pako Forever,7913,12/22/2025, 14:19:14,844
GEOR20066,Pako Forever,7913,12/22/2025, 15:19:54,844
GEOR20066,Pako Forever,7913,12/22/2025, 16:22:54,844
GEOR20066,Pako Forever,7913,12/22/2025, 17:17:23,844
GEOR20066,Pako Forever,7913,12/22/2025, 18:27:34,844
GEOR20066,Pako Forever,7913,12/22/2025, 19:16:54,844
GEOR20066,Pako Forever,7913,12/22/2025, 20:20:35,844
GEOR20066,Pako Forever,7913,12/22/2025, 21:17:01,844
GEOR20066,Pako Forever,7913,12/22/2025, 22:18:35,844
GEOR20066,Pako Forever,7913,12/22/2025, 23:18:07,844
GEOR20066,Pako Forever,7913,12/23/2025, 01:21:29,844
GEOR20066,Pako Forever,7914,12/23/2025, 03:25:14,844
GEOR20066,Pako Forever,7914,12/23/2025, 04:36:42,844
GEOR20066,Pako Forever,7914,12/23/2025, 05:22:33,844
GEOR20066,Pako Forever,7914,12/23/2025, 06:29:43,844
GEOR20066,Pako Forever,7914,12/23/2025, 07:22:24,844
GEOR20066,Pako Forever,7914,12/23/2025, 08:26:24,844
GEOR20066,Pako Forever,7914,12/23/2025, 09:23:31,844
GEOR20066,Pako Forever,7914,12/23/2025, 10:21:31,844
GEOR20066,Pako Forever,7914,12/23/2025, 11:17:25,844
GEOR20066,Pako Forever,7914,12/23/2025, 12:38:21,844
GEOR20066,Pako Forever,7914,12/23/2025, 13:35:08,844
GEOR20066,Pako Forever,7914,12/23/2025, 14:19:22,844
GEOR20066,Pako Forever,7914,12/23/2025, 15:19:56,844
GEOR20066,Pako Forever,7914,12/23/2025, 16:23:55,844
GEOR20066,Pako Forever,7914,12/23/2025, 17:19:13,844
GEOR20066,Pako Forever,7914,12/23/2025, 18:27:16,844
GEOR20066,Pako Forever,7914,12/23/2025, 19:17:06,844
GEOR20066,Pako Forever,7915,12/23/2025, 20:20:29,844
GEOR20066,Pako Forever,7915,12/23/2025, 21:17:33,844
GEOR20066,Pako Forever,7915,12/23/2025, 22:18:13,844
GEOR20066,Pako Forever,7915,12/23/2025, 23:17:22,844
GEOR20066,Pako Forever,7915,12/24/2025, 01:20:47,844
GEOR20066,Pako Forever,7916,12/24/2025, 03:22:41,844
GEOR20066,Pako Forever,7916,12/24/2025, 04:34:31,844
GEOR20066,Pako Forever,7916,12/24/2025, 05:22:24,844
GEOR20066,Pako Forever,7916,12/24/2025, 06:29:55,844
GEOR20066,Pako Forever,7916,12/24/2025, 07:22:16,844
GEOR20066,Pako Forever,7916,12/24/2025, 08:26:27,844
GEOR20066,Pako Forever,7916,12/24/2025, 09:22:43,844
GEOR20066,Pako Forever,7916,12/24/2025, 10:20:18,844
GEOR20066,Pako Forever,7916,12/24/2025, 11:17:38,844
GEOR20066,Pako Forever,7916,12/24/2025, 12:37:25,844
GEOR20066,Pako Forever,7916,12/24/2025, 13:30:59,844
GEOR20066,Pako Forever,7916,12/24/2025, 14:18:08,844
GEOR20066,Pako Forever,7916,12/24/2025, 15:19:28,844
GEOR20066,Pako Forever,7916,12/24/2025, 16:22:23,844
GEOR20066,Pako Forever,7916,12/24/2025, 17:16:29,844
GEOR20066,Pako Forever,7917,12/24/2025, 18:26:35,844
GEOR20066,Pako Forever,7919,12/24/2025, 19:15:24,844
GEOR20066,Pako Forever,7919,12/24/2025, 20:19:54,844
GEOR20066,Pako Forever,7919,12/24/2025, 21:16:45,844
GEOR20066,Pako Forever,7919,12/24/2025, 22:18:28,844
GEOR20066,Pako Forever,7919,12/24/2025, 23:17:45,844
GEOR20066,Pako Forever,7919,12/25/2025, 01:21:20,844
GEOR20066,Pako Forever,7919,12/25/2025, 03:25:41,844
GEOR20066,Pako Forever,7919,12/25/2025, 04:36:22,844
GEOR20066,Pako Forever,7919,12/25/2025, 05:22:37,844
GEOR20066,Pako Forever,7919,12/25/2025, 06:29:35,844
GEOR20066,Pako Forever,7919,12/25/2025, 07:21:02,844
GEOR20066,Pako Forever,7919,12/25/2025, 08:25:14,844
GEOR20066,Pako Forever,7919,12/25/2025, 09:21:11,844
GEOR20066,Pako Forever,7919,12/25/2025, 10:19:52,844
GEOR20066,Pako Forever,7919,12/25/2025, 11:16:45,844
GEOR20066,Pako Forever,7919,12/25/2025, 12:36:40,844
GEOR20066,Pako Forever,7919,12/25/2025, 13:30:50,844
GEOR20066,Pako Forever,7919,12/25/2025, 14:17:58,844
GEOR20066,Pako Forever,7919,12/25/2025, 15:18:50,844
GEOR20066,Pako Forever,7919,12/25/2025, 16:22:34,844
GEOR20066,Pako Forever,7919,12/25/2025, 17:16:58,844
GEOR20066,Pako Forever,7919,12/25/2025, 18:26:03,844
GEOR20066,Pako Forever,7919,12/25/2025, 19:14:58,844
GEOR20066,Pako Forever,7920,12/25/2025, 20:20:30,844
GEOR20066,Pako Forever,7920,12/25/2025, 21:17:22,844
GEOR20066,Pako Forever,7920,12/25/2025, 22:17:57,844
GEOR20066,Pako Forever,7921,12/25/2025, 23:18:21,844
GEOR20066,Pako Forever,7923,12/26/2025, 01:22:00,844
GEOR20066,Pako Forever,7923,12/26/2025, 03:23:40,844
GEOR20066,Pako Forever,7923,12/26/2025, 04:33:48,844
GEOR20066,Pako Forever,7923,12/26/2025, 05:20:36,844
GEOR20066,Pako Forever,7923,12/26/2025, 06:29:01,844
GEOR20066,Pako Forever,7923,12/26/2025, 07:20:54,844
GEOR20066,Pako Forever,7923,12/26/2025, 08:24:55,844
GEOR20066,Pako Forever,7923,12/26/2025, 09:20:43,844
GEOR20066,Pako Forever,7923,12/26/2025, 10:19:43,844
GEOR20066,Pako Forever,7923,12/26/2025, 11:17:15,844
GEOR20066,Pako Forever,7923,12/26/2025, 12:36:34,844
GEOR20066,Pako Forever,7923,12/26/2025, 13:31:38,844
GEOR20066,Pako Forever,7924,12/26/2025, 14:18:35,844
GEOR20066,Pako Forever,7924,12/26/2025, 15:19:31,844
GEOR20066,Pako Forever,7924,12/26/2025, 16:21:12,844
GEOR20066,Pako Forever,7924,12/26/2025, 17:16:41,844
GEOR20066,Pako Forever,7924,12/26/2025, 18:26:16,844
GEOR20066,Pako Forever,7924,12/26/2025, 19:15:31,844
GEOR20066,Pako Forever,7924,12/26/2025, 20:19:25,844
GEOR20066,Pako Forever,7924,12/26/2025, 21:16:42,844
GEOR20066,Pako Forever,7924,12/26/2025, 22:18:11,844
GEOR20066,Pako Forever,7924,12/26/2025, 23:18:06,844
GEOR20066,Pako Forever,7925,12/27/2025, 01:19:42,844
GEOR20066,Pako Forever,7925,12/27/2025, 03:22:18,844
GEOR20066,Pako Forever,7925,12/27/2025, 04:30:48,844
GEOR20066,Pako Forever,7925,12/27/2025, 05:20:04,844
GEOR20066,Pako Forever,7927,12/27/2025, 06:27:24,844
GEOR20066,Pako Forever,7927,12/27/2025, 07:17:13,844
GEOR20066,Pako Forever,7927,12/27/2025, 08:23:13,844
GEOR20066,Pako Forever,7927,12/27/2025, 09:18:33,844
GEOR20066,Pako Forever,7927,12/27/2025, 10:18:05,844
GEOR20066,Pako Forever,7927,12/27/2025, 11:15:14,844
GEOR20066,Pako Forever,7927,12/27/2025, 12:34:50,844
GEOR20066,Pako Forever,7928,12/27/2025, 13:27:23,844
GEOR20066,Pako Forever,7928,12/27/2025, 14:17:00,844
GEOR20066,Pako Forever,7929,12/27/2025, 15:17:24,844
GEOR20066,Pako Forever,7930,12/27/2025, 16:21:22,844
GEOR20066,Pako Forever,7930,12/27/2025, 17:15:38,844
GEOR20066,Pako Forever,7930,12/27/2025, 18:25:15,844
GEOR20066,Pako Forever,7931,12/27/2025, 19:14:37,844
GEOR20066,Pako Forever,7931,12/27/2025, 20:20:12,844
GEOR20066,Pako Forever,7931,12/27/2025, 21:16:22,844
GEOR20066,Pako Forever,7931,12/27/2025, 22:17:59,844
GEOR20066,Pako Forever,7931,12/27/2025, 23:17:18,844
GEOR20066,Pako Forever,7931,12/28/2025, 01:30:32,844
GEOR20066,Pako Forever,7931,12/28/2025, 03:45:50,844
GEOR20066,Pako Forever,7931,12/28/2025, 04:42:23,844
GEOR20066,Pako Forever,7931,12/28/2025, 05:22:17,844
GEOR20066,Pako Forever,7931,12/28/2025, 06:28:05,844
GEOR20066,Pako Forever,7931,12/28/2025, 07:18:45,844
GEOR20066,Pako Forever,7931,12/28/2025, 08:23:14,844
GEOR20066,Pako Forever,7931,12/28/2025, 09:18:27,844
GEOR20066,Pako Forever,7931,12/28/2025, 10:18:29,844
GEOR20066,Pako Forever,7933,12/28/2025, 11:15:43,844
GEOR20066,Pako Forever,7933,12/28/2025, 12:34:58,844
GEOR20066,Pako Forever,7933,12/28/2025, 13:28:03,844
GEOR20066,Pako Forever,7933,12/28/2025, 14:17:34,844
GEOR20066,Pako Forever,7933,12/28/2025, 15:18:10,844
GEOR20066,Pako Forever,7933,12/28/2025, 16:21:37,844
GEOR20066,Pako Forever,7933,12/28/2025, 17:16:24,844
GEOR20066,Pako Forever,7933,12/28/2025, 18:26:02,844
GEOR20066,Pako Forever,7933,12/28/2025, 19:14:52,844
GEOR20066,Pako Forever,7933,12/28/2025, 20:20:17,844
GEOR20066,Pako Forever,7933,12/28/2025, 21:17:02,844
GEOR20066,Pako Forever,7933,12/28/2025, 22:18:08,844
GEOR20066,Pako Forever,7933,12/28/2025, 23:17:52,844
GEOR20066,Pako Forever,7933,12/29/2025, 01:27:46,844
GEOR20066,Pako Forever,7933,12/29/2025, 03:46:55,844
GEOR20066,Pako Forever,7934,12/29/2025, 04:47:01,844
GEOR20066,Pako Forever,7934,12/29/2025, 05:26:45,844
GEOR20066,Pako Forever,7934,12/29/2025, 06:31:23,844
GEOR20066,Pako Forever,7934,12/29/2025, 07:24:08,844
GEOR20066,Pako Forever,7934,12/29/2025, 08:28:15,844
GEOR20066,Pako Forever,7934,12/29/2025, 09:28:17,844
GEOR20066,Pako Forever,7934,12/29/2025, 10:21:45,844
GEOR20066,Pako Forever,7934,12/29/2025, 11:17:37,844
GEOR20066,Pako Forever,7934,12/29/2025, 12:39:23,844
GEOR20066,Pako Forever,7934,12/29/2025, 13:36:37,844
GEOR20066,Pako Forever,7934,12/29/2025, 14:19:47,844
GEOR20066,Pako Forever,7934,12/29/2025, 15:20:27,844
GEOR20066,Pako Forever,7934,12/29/2025, 16:22:43,844
GEOR20066,Pako Forever,7934,12/29/2025, 17:17:31,844
GEOR20066,Pako Forever,7934,12/29/2025, 18:27:34,844
GEOR20066,Pako Forever,7934,12/29/2025, 19:15:41,844
GEOR20066,Pako Forever,7935,12/29/2025, 20:21:15,844
GEOR20066,Pako Forever,7935,12/29/2025, 21:17:43,844
GEOR20066,Pako Forever,7936,12/29/2025, 22:18:15,844
GEOR20066,Pako Forever,7937,12/29/2025, 23:18:00,844
GEOR20066,Pako Forever,7937,12/30/2025, 01:21:52,844
GEOR20066,Pako Forever,7937,12/30/2025, 03:26:28,844
GEOR20066,Pako Forever,7937,12/30/2025, 04:37:40,844
GEOR20066,Pako Forever,7937,12/30/2025, 05:23:04,844
GEOR20066,Pako Forever,7937,12/30/2025, 06:29:32,844
GEOR20066,Pako Forever,7937,12/30/2025, 07:21:28,844
GEOR20066,Pako Forever,7937,12/30/2025, 08:26:06,844
GEOR20066,Pako Forever,7937,12/30/2025, 09:23:25,844
GEOR20066,Pako Forever,7937,12/30/2025, 10:21:05,844
GEOR20066,Pako Forever,7937,12/30/2025, 11:17:41,844
GEOR20066,Pako Forever,7937,12/30/2025, 12:38:08,844
GEOR20066,Pako Forever,7938,12/30/2025, 13:35:05,844
GEOR20066,Pako Forever,7938,12/30/2025, 14:19:31,844
GEOR20066,Pako Forever,7938,12/30/2025, 15:20:05,844
GEOR20066,Pako Forever,7939,12/30/2025, 16:23:53,844
GEOR20066,Pako Forever,7939,12/30/2025, 17:19:26,844
GEOR20066,Pako Forever,7940,12/30/2025, 18:28:02,844
GEOR20066,Pako Forever,7940,12/30/2025, 19:16:20,844
GEOR20066,Pako Forever,7940,12/30/2025, 20:20:47,844
GEOR20066,Pako Forever,7940,12/30/2025, 21:18:25,844
GEOR20066,Pako Forever,7940,12/30/2025, 22:18:05,844
GEOR20066,Pako Forever,7940,12/30/2025, 23:17:31,844
GEOR20066,Pako Forever,7941,12/31/2025, 01:23:07,844
GEOR20066,Pako Forever,7942,12/31/2025, 03:25:22,844
GEOR20066,Pako Forever,7942,12/31/2025, 04:37:10,844
GEOR20066,Pako Forever,7942,12/31/2025, 05:24:52,844
GEOR20066,Pako Forever,7942,12/31/2025, 06:30:03,844
GEOR20066,Pako Forever,7942,12/31/2025, 07:22:00,844
GEOR20066,Pako Forever,7942,12/31/2025, 08:26:13,844
GEOR20066,Pako Forever,7942,12/31/2025, 09:22:28,844
GEOR20066,Pako Forever,7942,12/31/2025, 10:20:17,844
GEOR20066,Pako Forever,7942,12/31/2025, 11:18:03,844
GEOR20066,Pako Forever,7942,12/31/2025, 12:37:38,844
GEOR20066,Pako Forever,7942,12/31/2025, 13:31:49,844
GEOR20066,Pako Forever,7942,12/31/2025, 14:18:18,844
GEOR20066,Pako Forever,7942,12/31/2025, 15:19:24,844
GEOR20066,Pako Forever,7942,12/31/2025, 16:23:15,844
GEOR20066,Pako Forever,7942,12/31/2025, 17:16:58,844
GEOR20066,Pako Forever,7942,12/31/2025, 18:26:32,844
GEOR20066,Pako Forever,7942,12/31/2025, 19:14:58,844
GEOR20066,Pako Forever,7942,12/31/2025, 20:19:55,844
GEOR20066,Pako Forever,7942,12/31/2025, 21:17:15,844
GEOR20066,Pako Forever,7943,12/31/2025, 22:18:50,844
GEOR20066,Pako Forever,7943,12/31/2025, 23:18:10,844
GEOR20066,Pako Forever,7943,01/01/2026, 01:30:07,844
GEOR20066,Pako Forever,7943,01/01/2026, 03:48:36,844
GEOR20066,Pako Forever,7943,01/01/2026, 04:45:43,844
GEOR20066,Pako Forever,7943,01/01/2026, 05:25:45,844
GEOR20066,Pako Forever,7943,01/01/2026, 06:29:49,844
GEOR20066,Pako Forever,7943,01/01/2026, 07:21:56,844
GEOR20066,Pako Forever,7943,01/01/2026, 08:25:51,844
GEOR20066,Pako Forever,7943,01/01/2026, 09:22:59,844
GEOR20066,Pako Forever,7943,01/01/2026, 10:20:53,844
GEOR20066,Pako Forever,7943,01/01/2026, 11:16:41,844
GEOR20066,Pako Forever,7943,01/01/2026, 12:37:28,844
GEOR20066,Pako Forever,7943,01/01/2026, 13:32:22,844
GEOR20066,Pako Forever,7943,01/01/2026, 14:18:08,844
GEOR20066,Pako Forever,7943,01/01/2026, 15:19:22,844
GEOR20066,Pako Forever,7943,01/01/2026, 16:23:05,844
GEOR20066,Pako Forever,7944,01/01/2026, 17:17:59,844
GEOR20066,Pako Forever,7944,01/01/2026, 18:27:08,844
GEOR20066,Pako Forever,7944,01/01/2026, 19:16:00,844
GEOR20066,Pako Forever,7944,01/01/2026, 20:21:02,844
GEOR20066,Pako Forever,7944,01/01/2026, 21:18:06,844
GEOR20066,Pako Forever,7944,01/01/2026, 22:18:09,844
GEOR20066,Pako Forever,7944,01/01/2026, 23:18:17,844
GEOR20066,Pako Forever,7944,01/02/2026, 01:23:56,844
GEOR20066,Pako Forever,7945,01/02/2026, 03:28:56,844
GEOR20066,Pako Forever,7945,01/02/2026, 04:39:29,844
GEOR20066,Pako Forever,7945,01/02/2026, 05:23:57,844
GEOR20066,Pako Forever,7945,01/02/2026, 06:29:48,844
GEOR20066,Pako Forever,7945,01/02/2026, 07:22:35,844
GEOR20066,Pako Forever,7945,01/02/2026, 08:25:55,844
GEOR20066,Pako Forever,7945,01/02/2026, 09:22:55,844
GEOR20066,Pako Forever,7945,01/02/2026, 10:19:51,844
GEOR20066,Pako Forever,7945,01/02/2026, 11:17:16,844
GEOR20066,Pako Forever,7946,01/02/2026, 12:36:00,844
GEOR20066,Pako Forever,7946,01/02/2026, 13:32:04,844
GEOR20066,Pako Forever,7946,01/02/2026, 14:19:04,844
GEOR20066,Pako Forever,7946,01/02/2026, 15:20:14,844
GEOR20066,Pako Forever,7946,01/02/2026, 16:22:21,844
GEOR20066,Pako Forever,7946,01/02/2026, 17:17:13,844
GEOR20066,Pako Forever,7947,01/02/2026, 18:26:52,844
GEOR20066,Pako Forever,7947,01/02/2026, 19:13:10,844
GEOR20066,Pako Forever,7947,01/02/2026, 20:20:38,844
GEOR20066,Pako Forever,7947,01/02/2026, 21:15:13,844
GEOR20066,Pako Forever,7947,01/02/2026, 22:18:52,844
GEOR20066,Pako Forever,7948,01/02/2026, 23:17:42,844
GEOR20066,Pako Forever,7948,01/03/2026, 01:18:54,844
GEOR20066,Pako Forever,7948,01/03/2026, 03:21:27,844
GEOR20066,Pako Forever,7948,01/03/2026, 04:31:25,844
GEOR20066,Pako Forever,7948,01/03/2026, 05:20:02,844
GEOR20066,Pako Forever,7948,01/03/2026, 06:27:41,844
GEOR20066,Pako Forever,7948,01/03/2026, 07:17:58,844
GEOR20066,Pako Forever,7948,01/03/2026, 08:24:15,844
GEOR20066,Pako Forever,7948,01/03/2026, 09:18:41,844
GEOR20066,Pako Forever,7948,01/03/2026, 10:18:32,844
GEOR20066,Pako Forever,7948,01/03/2026, 11:15:18,844
GEOR20066,Pako Forever,7948,01/03/2026, 12:34:28,844
GEOR20066,Pako Forever,7948,01/03/2026, 13:27:50,844
GEOR20066,Pako Forever,7948,01/03/2026, 14:17:03,844
GEOR20066,Pako Forever,7948,01/03/2026, 15:18:00,844
GEOR20066,Pako Forever,7948,01/03/2026, 16:21:35,844
GEOR20066,Pako Forever,7948,01/03/2026, 17:16:06,844
GEOR20066,Pako Forever,7948,01/03/2026, 18:25:20,844
GEOR20066,Pako Forever,7949,01/03/2026, 19:14:13,844
GEOR20066,Pako Forever,7949,01/03/2026, 20:20:14,844
GEOR20066,Pako Forever,7949,01/03/2026, 21:16:58,844
GEOR20066,Pako Forever,7949,01/03/2026, 22:17:44,844
GEOR20066,Pako Forever,7950,01/03/2026, 23:17:48,844
GEOR20066,Pako Forever,7950,01/04/2026, 01:40:47,844
GEOR20066,Pako Forever,7950,01/04/2026, 03:48:55,844
GEOR20066,Pako Forever,7950,01/04/2026, 04:47:01,844
GEOR20066,Pako Forever,7950,01/04/2026, 05:24:40,844
GEOR20066,Pako Forever,7950,01/04/2026, 06:28:31,844
GEOR20066,Pako Forever,7950,01/04/2026, 07:20:19,844
GEOR20066,Pako Forever,7950,01/04/2026, 08:24:06,844
GEOR20066,Pako Forever,7951,01/04/2026, 09:18:26,844
GEOR20066,Pako Forever,7951,01/04/2026, 10:18:54,844
GEOR20066,Pako Forever,7951,01/04/2026, 11:15:49,844
GEOR20066,Pako Forever,7951,01/04/2026, 12:34:55,844
GEOR20066,Pako Forever,7951,01/04/2026, 13:28:42,844
GEOR20066,Pako Forever,7951,01/04/2026, 14:16:59,844
GEOR20066,Pako Forever,7951,01/04/2026, 15:17:32,844
GEOR20066,Pako Forever,7951,01/04/2026, 16:21:27,844
GEOR20066,Pako Forever,7951,01/04/2026, 17:15:53,844
GEOR20066,Pako Forever,7951,01/04/2026, 18:25:20,844
GEOR20066,Pako Forever,7951,01/04/2026, 19:14:57,844
GEOR20066,Pako Forever,7951,01/04/2026, 20:20:27,844
GEOR20066,Pako Forever,7951,01/04/2026, 21:17:04,844
GEOR20066,Pako Forever,7951,01/04/2026, 22:18:13,844
GEOR20066,Pako Forever,7951,01/04/2026, 23:18:08,844
GEOR20066,Pako Forever,7952,01/05/2026, 01:29:54,844
GEOR20066,Pako Forever,7952,01/05/2026, 03:53:33,844
GEOR20066,Pako Forever,7952,01/05/2026, 04:55:27,844
GEOR20066,Pako Forever,7952,01/05/2026, 05:34:35,844
GEOR20066,Pako Forever,7952,01/05/2026, 06:34:52,844
GEOR20066,Pako Forever,7952,01/05/2026, 07:27:20,844
GEOR20066,Pako Forever,7952,01/05/2026, 08:29:16,844
GEOR20066,Pako Forever,7952,01/05/2026, 09:30:10,844
GEOR20066,Pako Forever,7952,01/05/2026, 10:22:32,844
GEOR20066,Pako Forever,7952,01/05/2026, 11:18:09,844
GEOR20066,Pako Forever,7952,01/05/2026, 12:40:10,844
GEOR20066,Pako Forever,7953,01/05/2026, 13:39:35,844
GEOR20066,Pako Forever,7953,01/05/2026, 14:23:21,844
GEOR20066,Pako Forever,7953,01/05/2026, 15:21:43,844
GEOR20066,Pako Forever,7953,01/05/2026, 16:25:33,844
GEOR20066,Pako Forever,7953,01/05/2026, 17:21:06,844
GEOR20066,Pako Forever,7953,01/05/2026, 18:28:51,844
GEOR20066,Pako Forever,7953,01/05/2026, 19:20:00,844
GEOR20066,Pako Forever,7953,01/05/2026, 20:22:37,844
GEOR20066,Pako Forever,7953,01/05/2026, 21:18:51,844
GEOR20066,Pako Forever,7953,01/05/2026, 22:19:15,844
GEOR20066,Pako Forever,7953,01/05/2026, 23:18:24,844
GEOR20066,Pako Forever,7954,01/06/2026, 01:23:21,844
GEOR20066,Pako Forever,7954,01/06/2026, 03:28:00,844
GEOR20066,Pako Forever,7955,01/06/2026, 04:37:56,844
GEOR20066,Pako Forever,7955,01/06/2026, 05:23:24,844
GEOR20066,Pako Forever,7955,01/06/2026, 06:30:23,844
GEOR20066,Pako Forever,7956,01/06/2026, 07:24:56,844
GEOR20066,Pako Forever,7956,01/06/2026, 08:27:03,844
GEOR20066,Pako Forever,7956,01/06/2026, 09:24:30,844
GEOR20066,Pako Forever,7956,01/06/2026, 10:21:15,844
GEOR20066,Pako Forever,7956,01/06/2026, 11:17:34,844
GEOR20066,Pako Forever,7956,01/06/2026, 12:38:55,844
GEOR20066,Pako Forever,7956,01/06/2026, 13:36:13,844
GEOR20066,Pako Forever,7956,01/06/2026, 14:20:41,844
GEOR20066,Pako Forever,7956,01/06/2026, 15:20:48,844
GEOR20066,Pako Forever,7956,01/06/2026, 16:24:31,844
GEOR20066,Pako Forever,7957,01/06/2026, 17:22:03,844
GEOR20066,Pako Forever,7957,01/06/2026, 18:27:55,844
GEOR20066,Pako Forever,7957,01/06/2026, 19:15:42,844
GEOR20066,Pako Forever,7957,01/06/2026, 20:21:30,844
GEOR20066,Pako Forever,7957,01/06/2026, 21:19:10,844
GEOR20066,Pako Forever,7958,01/06/2026, 22:19:47,844
GEOR20066,Pako Forever,7958,01/06/2026, 23:18:45,844
GEOR20066,Pako Forever,7958,01/07/2026, 01:23:53,844
GEOR20066,Pako Forever,7958,01/07/2026, 03:27:43,844
GEOR20066,Pako Forever,7959,01/07/2026, 04:39:04,844
GEOR20066,Pako Forever,7959,01/07/2026, 05:24:17,844
GEOR20066,Pako Forever,7959,01/07/2026, 06:30:09,844
GEOR20066,Pako Forever,7959,01/07/2026, 07:23:57,844
GEOR20066,Pako Forever,7959,01/07/2026, 08:26:58,844
GEOR20066,Pako Forever,7959,01/07/2026, 09:26:43,844
GEOR20066,Pako Forever,7959,01/07/2026, 10:22:39,844
GEOR20066,Pako Forever,7959,01/07/2026, 11:18:44,844
GEOR20066,Pako Forever,7959,01/07/2026, 12:39:50,844
GEOR20066,Pako Forever,7959,01/07/2026, 13:38:34,844
GEOR20066,Pako Forever,7959,01/07/2026, 14:22:46,844
GEOR20066,Pako Forever,7959,01/07/2026, 15:22:23,844
GEOR20066,Pako Forever,7959,01/07/2026, 16:27:04,844
GEOR20066,Pako Forever,7963,01/07/2026, 17:24:39,844
GEOR20066,Pako Forever,7963,01/07/2026, 18:29:02,844
GEOR20066,Pako Forever,7964,01/07/2026, 19:19:42,844
GEOR20066,Pako Forever,7965,01/07/2026, 20:22:20,844
GEOR20066,Pako Forever,7965,01/07/2026, 21:18:13,844
GEOR20066,Pako Forever,7965,01/07/2026, 22:19:21,844
GEOR20066,Pako Forever,7965,01/07/2026, 23:19:13,844
GEOR20066,Pako Forever,7965,01/08/2026, 01:24:18,844
GEOR20066,Pako Forever,7965,01/08/2026, 03:28:18,844
GEOR20066,Pako Forever,7965,01/08/2026, 04:38:07,844
GEOR20066,Pako Forever,7965,01/08/2026, 05:23:08,844
GEOR20066,Pako Forever,7965,01/08/2026, 06:31:05,844
GEOR20066,Pako Forever,7965,01/08/2026, 07:23:12,844
GEOR20066,Pako Forever,7965,01/08/2026, 08:27:11,844
GEOR20066,Pako Forever,7965,01/08/2026, 09:27:41,844
GEOR20066,Pako Forever,7965,01/08/2026, 10:22:08,844
GEOR20066,Pako Forever,7965,01/08/2026, 11:19:37,844
GEOR20066,Pako Forever,7966,01/08/2026, 12:39:46,844
GEOR20066,Pako Forever,7966,01/08/2026, 13:39:38,844
GEOR20066,Pako Forever,7967,01/08/2026, 14:23:28,844
GEOR20066,Pako Forever,7968,01/08/2026, 15:23:14,844
GEOR20066,Pako Forever,7968,01/08/2026, 16:26:41,844
GEOR20066,Pako Forever,7969,01/08/2026, 17:25:39,844
GEOR20066,Pako Forever,7969,01/08/2026, 18:25:16,844
GEOR20066,Pako Forever,7969,01/08/2026, 19:18:20,844
GEOR20066,Pako Forever,7970,01/08/2026, 20:22:25,844
GEOR20066,Pako Forever,7970,01/08/2026, 21:19:16,844
GEOR20066,Pako Forever,7970,01/08/2026, 22:19:54,844
GEOR20066,Pako Forever,7970,01/08/2026, 23:17:29,844
GEOR20066,Pako Forever,7970,01/09/2026, 01:24:19,844
GEOR20066,Pako Forever,7970,01/09/2026, 03:28:40,844
GEOR20066,Pako Forever,7970,01/09/2026, 04:39:00,844
GEOR20066,Pako Forever,7970,01/09/2026, 05:24:04,844
GEOR20066,Pako Forever,7970,01/09/2026, 06:30:17,844
GEOR20066,Pako Forever,7970,01/09/2026, 07:24:01,844
GEOR20066,Pako Forever,7971,01/09/2026, 08:26:54,844
GEOR20066,Pako Forever,7971,01/09/2026, 09:26:06,844
GEOR20066,Pako Forever,7971,01/09/2026, 10:20:58,844
GEOR20066,Pako Forever,7972,01/09/2026, 11:18:27,844
GEOR20066,Pako Forever,7973,01/09/2026, 12:39:31,844
GEOR20066,Pako Forever,7973,01/09/2026, 13:37:15,844
GEOR20066,Pako Forever,7973,01/09/2026, 14:22:22,844
GEOR20066,Pako Forever,7973,01/09/2026, 15:21:19,844
GEOR20066,Pako Forever,7974,01/09/2026, 16:24:02,844
GEOR20066,Pako Forever,7975,01/09/2026, 17:21:50,844
GEOR20066,Pako Forever,7975,01/09/2026, 18:29:02,844
GEOR20066,Pako Forever,7976,01/09/2026, 19:19:23,844
GEOR20066,Pako Forever,7977,01/09/2026, 20:22:06,844
GEOR20066,Pako Forever,7977,01/09/2026, 21:19:25,844
GEOR20066,Pako Forever,7977,01/09/2026, 22:19:20,844
GEOR20066,Pako Forever,7977,01/09/2026, 23:18:48,844
GEOR20066,Pako Forever,7978,01/10/2026, 01:21:38,844
GEOR20066,Pako Forever,7978,01/10/2026, 03:22:52,844
GEOR20066,Pako Forever,7978,01/10/2026, 04:32:34,844
GEOR20066,Pako Forever,7978,01/10/2026, 05:20:21,844
GEOR20066,Pako Forever,7978,01/10/2026, 06:27:10,844
GEOR20066,Pako Forever,7978,01/10/2026, 07:18:01,844
GEOR20066,Pako Forever,7978,01/10/2026, 08:23:17,844
GEOR20066,Pako Forever,7978,01/10/2026, 09:18:44,844
GEOR20066,Pako Forever,7978,01/10/2026, 10:18:58,844
GEOR20066,Pako Forever,7978,01/10/2026, 11:15:53,844
GEOR20066,Pako Forever,7978,01/10/2026, 12:34:58,844
GEOR20066,Pako Forever,7978,01/10/2026, 13:28:18,844
GEOR20066,Pako Forever,7978,01/10/2026, 14:17:43,844
GEOR20066,Pako Forever,7978,01/10/2026, 15:17:44,844
GEOR20066,Pako Forever,7978,01/10/2026, 16:21:19,844
GEOR20066,Pako Forever,7978,01/10/2026, 17:16:24,844
GEOR20066,Pako Forever,7978,01/10/2026, 18:25:26,844
GEOR20066,Pako Forever,7978,01/10/2026, 19:14:46,844
GEOR20066,Pako Forever,7979,01/10/2026, 20:20:00,844
GEOR20066,Pako Forever,7979,01/10/2026, 21:16:32,844
GEOR20066,Pako Forever,7979,01/10/2026, 22:18:01,844
GEOR20066,Pako Forever,7979,01/10/2026, 23:17:47,844
GEOR20066,Pako Forever,7980,01/11/2026, 01:40:47,844
GEOR20066,Pako Forever,7980,01/11/2026, 03:48:33,844
GEOR20066,Pako Forever,7980,01/11/2026, 04:45:30,844
GEOR20066,Pako Forever,7981,01/11/2026, 05:24:02,844
GEOR20066,Pako Forever,7981,01/11/2026, 06:28:17,844
GEOR20066,Pako Forever,7981,01/11/2026, 07:19:34,844
GEOR20066,Pako Forever,7981,01/11/2026, 08:23:29,844
GEOR20066,Pako Forever,7981,01/11/2026, 09:19:10,844
GEOR20066,Pako Forever,7981,01/11/2026, 10:19:27,844
GEOR20066,Pako Forever,7981,01/11/2026, 11:16:02,844
GEOR20066,Pako Forever,7981,01/11/2026, 12:35:27,844
GEOR20066,Pako Forever,7981,01/11/2026, 13:29:10,844
GEOR20066,Pako Forever,7981,01/11/2026, 14:17:30,844
GEOR20066,Pako Forever,7981,01/11/2026, 15:18:11,844
GEOR20066,Pako Forever,7981,01/11/2026, 16:22:01,844
GEOR20066,Pako Forever,7981,01/11/2026, 17:16:14,844
GEOR20066,Pako Forever,7981,01/11/2026, 18:25:31,844
GEOR20066,Pako Forever,7981,01/11/2026, 19:14:51,844
GEOR20066,Pako Forever,7982,01/11/2026, 20:20:45,844
GEOR20066,Pako Forever,7982,01/11/2026, 21:17:09,844
GEOR20066,Pako Forever,7982,01/11/2026, 22:18:03,844
GEOR20066,Pako Forever,7983,01/11/2026, 23:17:53,844
GEOR20066,Pako Forever,7984,01/12/2026, 01:27:40,844
GEOR20066,Pako Forever,7984,01/12/2026, 03:47:46,844
GEOR20066,Pako Forever,7984,01/12/2026, 04:48:09,844
GEOR20066,Pako Forever,7984,01/12/2026, 05:28:29,844
GEOR20066,Pako Forever,7984,01/12/2026, 06:32:36,844
GEOR20066,Pako Forever,7984,01/12/2026, 07:25:28,844
GEOR20066,Pako Forever,7984,01/12/2026, 08:29:07,844
GEOR20066,Pako Forever,7985,01/12/2026, 09:30:23,844
GEOR20066,Pako Forever,7985,01/12/2026, 10:23:15,844
GEOR20066,Pako Forever,7985,01/12/2026, 11:18:42,844
GEOR20066,Pako Forever,7985,01/12/2026, 12:41:19,844
GEOR20066,Pako Forever,7985,01/12/2026, 13:40:58,844
GEOR20066,Pako Forever,7985,01/12/2026, 14:24:05,844
GEOR20066,Pako Forever,7985,01/12/2026, 15:23:24,844
GEOR20066,Pako Forever,7985,01/12/2026, 16:25:04,844
GEOR20066,Pako Forever,7985,01/12/2026, 17:22:08,844
GEOR20066,Pako Forever,7985,01/12/2026, 18:29:39,844
GEOR20066,Pako Forever,7986,01/12/2026, 19:19:54,844
GEOR20066,Pako Forever,7986,01/12/2026, 20:22:41,844
GEOR20066,Pako Forever,7986,01/12/2026, 21:18:56,844
GEOR20066,Pako Forever,7988,01/12/2026, 22:17:45,844
GEOR20066,Pako Forever,7988,01/12/2026, 23:15:51,844
GEOR20066,Pako Forever,7988,01/13/2026, 01:20:47,844
GEOR20066,Pako Forever,7988,01/13/2026, 03:26:55,844
GEOR20066,Pako Forever,7988,01/13/2026, 04:38:41,844
GEOR20066,Pako Forever,7988,01/13/2026, 05:24:28,844
GEOR20066,Pako Forever,7988,01/13/2026, 06:29:59,844
GEOR20066,Pako Forever,7988,01/13/2026, 07:23:38,844
GEOR20066,Pako Forever,7988,01/13/2026, 08:27:29,844
GEOR20066,Pako Forever,7988,01/13/2026, 09:26:40,844
GEOR20066,Pako Forever,7988,01/13/2026, 10:21:51,844
GEOR20066,Pako Forever,7988,01/13/2026, 11:19:40,844
GEOR20066,Pako Forever,7988,01/13/2026, 12:41:16,844
GEOR20066,Pako Forever,7988,01/13/2026, 13:39:44,844
GEOR20066,Pako Forever,7988,01/13/2026, 14:24:06,844
GEOR20066,Pako Forever,7988,01/13/2026, 15:23:19,844
GEOR20066,Pako Forever,7988,01/13/2026, 16:28:41,844
GEOR20066,Pako Forever,7988,01/13/2026, 17:25:15,844
GEOR20066,Pako Forever,7988,01/13/2026, 18:28:40,844
GEOR20066,Pako Forever,7988,01/13/2026, 19:19:24,844
GEOR20066,Pako Forever,7989,01/13/2026, 20:22:25,844
GEOR20066,Pako Forever,7989,01/13/2026, 21:19:25,844
GEOR20066,Pako Forever,7989,01/13/2026, 22:20:45,844
GEOR20066,Pako Forever,7989,01/13/2026, 23:18:53,844
GEOR20066,Pako Forever,7989,01/14/2026, 01:27:00,844
GEOR20066,Pako Forever,7989,01/14/2026, 03:45:38,844
GEOR20066,Pako Forever,7989,01/14/2026, 04:45:04,844
GEOR20066,Pako Forever,7989,01/14/2026, 05:22:50,844
GEOR20066,Pako Forever,7989,01/14/2026, 06:30:31,844
GEOR20066,Pako Forever,7989,01/14/2026, 07:24:27,844
GEOR20066,Pako Forever,7989,01/14/2026, 08:27:17,844
GEOR20066,Pako Forever,7989,01/14/2026, 09:26:59,844
GEOR20066,Pako Forever,7989,01/14/2026, 10:22:11,844
GEOR20066,Pako Forever,7989,01/14/2026, 11:19:34,844
GEOR20066,Pako Forever,7989,01/14/2026, 12:40:19,844
GEOR20066,Pako Forever,7989,01/14/2026, 13:39:33,844
GEOR20066,Pako Forever,7989,01/14/2026, 14:23:42,844
GEOR20066,Pako Forever,7989,01/14/2026, 15:23:24,844
GEOR20066,Pako Forever,7990,01/14/2026, 16:27:10,844
GEOR20066,Pako Forever,7990,01/14/2026, 17:26:17,844
GEOR20066,Pako Forever,7990,01/14/2026, 18:29:59,844
GEOR20066,Pako Forever,7990,01/14/2026, 19:18:38,844
GEOR20066,Pako Forever,7990,01/14/2026, 20:19:12,844
GEOR20066,Pako Forever,7990,01/14/2026, 21:20:10,844
GEOR20066,Pako Forever,7990,01/14/2026, 22:20:39,844
GEOR20066,Pako Forever,7990,01/14/2026, 23:16:57,844
GEOR20066,Pako Forever,7991,01/15/2026, 01:22:24,844
GEOR20066,Pako Forever,7992,01/15/2026, 03:29:14,844
GEOR20066,Pako Forever,7992,01/15/2026, 04:38:44,844
GEOR20066,Pako Forever,7992,01/15/2026, 05:25:23,844
GEOR20066,Pako Forever,7992,01/15/2026, 06:30:13,844
GEOR20066,Pako Forever,7992,01/15/2026, 07:24:07,844
GEOR20066,Pako Forever,7992,01/15/2026, 08:28:04,844
GEOR20066,Pako Forever,7992,01/15/2026, 09:26:31,844
GEOR20066,Pako Forever,7993,01/15/2026, 10:21:56,844
GEOR20066,Pako Forever,7993,01/15/2026, 11:18:32,844
GEOR20066,Pako Forever,7993,01/15/2026, 12:39:51,844
GEOR20066,Pako Forever,7993,01/15/2026, 13:38:39,844
GEOR20066,Pako Forever,7993,01/15/2026, 14:22:48,844
GEOR20066,Pako Forever,7995,01/15/2026, 15:22:40,844
GEOR20066,Pako Forever,7996,01/15/2026, 16:31:56,844
GEOR20066,Pako Forever,7996,01/15/2026, 17:30:18,844
GEOR20066,Pako Forever,7997,01/15/2026, 18:33:33,844
GEOR20066,Pako Forever,7997,01/15/2026, 19:23:09,844
GEOR20066,Pako Forever,7997,01/15/2026, 20:22:27,844
GEOR20066,Pako Forever,7997,01/15/2026, 21:19:52,844
GEOR20066,Pako Forever,7997,01/15/2026, 22:20:31,844
GEOR20066,Pako Forever,7997,01/15/2026, 23:19:38,844
GEOR20066,Pako Forever,7997,01/16/2026, 01:24:48,844
GEOR20066,Pako Forever,7998,01/16/2026, 03:28:18,844
GEOR20066,Pako Forever,7998,01/16/2026, 04:38:43,844
GEOR20066,Pako Forever,7998,01/16/2026, 05:23:32,844
GEOR20066,Pako Forever,7998,01/16/2026, 06:30:57,844
GEOR20066,Pako Forever,7998,01/16/2026, 07:23:13,844
GEOR20066,Pako Forever,7999,01/16/2026, 08:26:32,844
GEOR20066,Pako Forever,7999,01/16/2026, 09:25:09,844
GEOR20066,Pako Forever,7999,01/16/2026, 10:21:31,844
GEOR20066,Pako Forever,7999,01/16/2026, 11:18:09,844
GEOR20066,Pako Forever,7999,01/16/2026, 12:38:25,844
GEOR20066,Pako Forever,7999,01/16/2026, 13:37:24,844
GEOR20066,Pako Forever,7999,01/16/2026, 14:21:53,844
GEOR20066,Pako Forever,7999,01/16/2026, 15:22:22,844
GEOR20066,Pako Forever,7999,01/16/2026, 16:25:39,844
GEOR20066,Pako Forever,7999,01/16/2026, 17:22:52,844
GEOR20066,Pako Forever,7999,01/16/2026, 18:29:35,844
GEOR20066,Pako Forever,7999,01/16/2026, 19:20:21,844
GEOR20066,Pako Forever,7999,01/16/2026, 20:21:30,844
GEOR20066,Pako Forever,7999,01/16/2026, 21:19:19,844
GEOR20066,Pako Forever,7999,01/16/2026, 22:19:23,844
GEOR20066,Pako Forever,7999,01/16/2026, 23:18:54,844
GEOR20066,Pako Forever,8000,01/17/2026, 01:21:09,844
GEOR20066,Pako Forever,8001,01/17/2026, 03:21:17,844
GEOR20066,Pako Forever,8001,01/17/2026, 04:30:55,844
GEOR20066,Pako Forever,8001,01/17/2026, 05:19:15,844
GEOR20066,Pako Forever,8001,01/17/2026, 06:27:06,844
GEOR20066,Pako Forever,8001,01/17/2026, 07:18:09,844
GEOR20066,Pako Forever,8001,01/17/2026, 08:23:03,844
GEOR20066,Pako Forever,8002,01/17/2026, 09:18:48,844
GEOR20066,Pako Forever,8002,01/17/2026, 10:18:50,844
GEOR20066,Pako Forever,8002,01/17/2026, 11:15:56,844
GEOR20066,Pako Forever,8002,01/17/2026, 12:34:33,844
GEOR20066,Pako Forever,8003,01/17/2026, 13:27:40,844
GEOR20066,Pako Forever,8003,01/17/2026, 14:17:21,844
GEOR20066,Pako Forever,8003,01/17/2026, 15:18:16,844
GEOR20066,Pako Forever,8003,01/17/2026, 16:20:26,844
GEOR20066,Pako Forever,8003,01/17/2026, 17:16:03,844
GEOR20066,Pako Forever,8003,01/17/2026, 18:25:00,844
GEOR20066,Pako Forever,8003,01/17/2026, 19:14:43,844
GEOR20066,Pako Forever,8003,01/17/2026, 20:19:50,844
GEOR20066,Pako Forever,8003,01/17/2026, 21:16:21,844
GEOR20066,Pako Forever,8003,01/17/2026, 22:18:00,844
GEOR20066,Pako Forever,8003,01/17/2026, 23:17:43,844
GEOR20066,Pako Forever,8004,01/18/2026, 01:30:02,844
GEOR20066,Pako Forever,8004,01/18/2026, 03:44:42,844
GEOR20066,Pako Forever,8004,01/18/2026, 04:40:31,844
GEOR20066,Pako Forever,8004,01/18/2026, 05:22:00,844
GEOR20066,Pako Forever,8004,01/18/2026, 06:27:59,844
GEOR20066,Pako Forever,8004,01/18/2026, 07:18:33,844
GEOR20066,Pako Forever,8004,01/18/2026, 08:23:54,844
GEOR20066,Pako Forever,8005,01/18/2026, 09:19:06,844
GEOR20066,Pako Forever,8005,01/18/2026, 10:19:25,844
GEOR20066,Pako Forever,8005,01/18/2026, 11:15:54,844
GEOR20066,Pako Forever,8005,01/18/2026, 12:34:45,844
GEOR20066,Pako Forever,8005,01/18/2026, 13:27:43,844
GEOR20066,Pako Forever,8005,01/18/2026, 14:16:57,844
GEOR20066,Pako Forever,8005,01/18/2026, 15:17:51,844
GEOR20066,Pako Forever,8006,01/18/2026, 16:21:59,844
GEOR20066,Pako Forever,8006,01/18/2026, 17:16:17,844
GEOR20066,Pako Forever,8006,01/18/2026, 18:24:54,844
GEOR20066,Pako Forever,8006,01/18/2026, 19:14:39,844
GEOR20066,Pako Forever,8006,01/18/2026, 20:20:40,844
GEOR20066,Pako Forever,8007,01/18/2026, 21:17:02,844
GEOR20066,Pako Forever,8007,01/18/2026, 22:18:03,844
GEOR20066,Pako Forever,8007,01/18/2026, 23:18:00,844
GEOR20066,Pako Forever,8007,01/19/2026, 01:28:20,844
GEOR20066,Pako Forever,8007,01/19/2026, 03:48:14,844
GEOR20066,Pako Forever,8007,01/19/2026, 04:49:42,844
GEOR20066,Pako Forever,8008,01/19/2026, 05:30:30,844
GEOR20066,Pako Forever,8008,01/19/2026, 06:34:37,844
GEOR20066,Pako Forever,8008,01/19/2026, 07:27:24,844
GEOR20066,Pako Forever,8008,01/19/2026, 08:29:32,844
GEOR20066,Pako Forever,8008,01/19/2026, 09:32:43,844
GEOR20066,Pako Forever,8008,01/19/2026, 10:25:49,844
GEOR20066,Pako Forever,8008,01/19/2026, 11:20:20,844
GEOR20066,Pako Forever,8008,01/19/2026, 12:43:02,844
GEOR20066,Pako Forever,8008,01/19/2026, 13:43:42,844
GEOR20066,Pako Forever,8008,01/19/2026, 14:25:13,844
GEOR20066,Pako Forever,8008,01/19/2026, 15:24:52,844
GEOR20066,Pako Forever,8008,01/19/2026, 16:26:11,844
GEOR20066,Pako Forever,8009,01/19/2026, 17:22:28,844
GEOR20066,Pako Forever,8009,01/19/2026, 18:28:43,844
GEOR20066,Pako Forever,8010,01/19/2026, 19:19:01,844
GEOR20066,Pako Forever,8011,01/19/2026, 20:21:45,844
GEOR20066,Pako Forever,8011,01/19/2026, 21:18:09,844
GEOR20066,Pako Forever,8011,01/19/2026, 22:19:43,844
GEOR20066,Pako Forever,8013,01/19/2026, 23:19:11,844
GEOR20066,Pako Forever,8013,01/20/2026, 01:23:33,844
GEOR20066,Pako Forever,8014,01/20/2026, 03:42:24,844
GEOR20066,Pako Forever,8014,01/20/2026, 04:43:29,844
GEOR20066,Pako Forever,8014,01/20/2026, 05:27:24,844
GEOR20066,Pako Forever,8014,01/20/2026, 06:32:25,844
GEOR20066,Pako Forever,8014,01/20/2026, 07:26:20,844
GEOR20066,Pako Forever,8014,01/20/2026, 08:29:00,844
GEOR20066,Pako Forever,8014,01/20/2026, 09:31:21,844
GEOR20066,Pako Forever,8014,01/20/2026, 10:25:01,844
GEOR20066,Pako Forever,8014,01/20/2026, 11:22:17,844
GEOR20066,Pako Forever,8014,01/20/2026, 12:43:08,844
GEOR20066,Pako Forever,8014,01/20/2026, 13:45:10,844
GEOR20066,Pako Forever,8014,01/20/2026, 14:28:54,844
GEOR20066,Pako Forever,8015,01/20/2026, 15:29:41,844
GEOR20066,Pako Forever,8015,01/20/2026, 16:32:29,844
GEOR20066,Pako Forever,8015,01/20/2026, 17:27:25,844
GEOR20066,Pako Forever,8015,01/20/2026, 18:32:10,844
GEOR20066,Pako Forever,8015,01/20/2026, 20:11:20,844
GEOR20066,Pako Forever,8015,01/20/2026, 21:19:33,844
GEOR20066,Pako Forever,8015,01/20/2026, 22:21:25,844
GEOR20066,Pako Forever,8015,01/20/2026, 23:20:34,844
GEOR20066,Pako Forever,8016,01/21/2026, 01:26:30,844
GEOR20066,Pako Forever,8016,01/21/2026, 03:42:11,844
GEOR20066,Pako Forever,8017,01/21/2026, 04:42:14,844
GEOR20066,Pako Forever,8017,01/21/2026, 05:27:20,844
GEOR20066,Pako Forever,8017,01/21/2026, 06:32:35,844
GEOR20066,Pako Forever,8017,01/21/2026, 07:26:25,844
GEOR20066,Pako Forever,8017,01/21/2026, 08:29:00,844
GEOR20066,Pako Forever,8017,01/21/2026, 09:30:54,844
GEOR20066,Pako Forever,8018,01/21/2026, 10:25:29,844
GEOR20066,Pako Forever,8018,01/21/2026, 11:23:21,844
GEOR20066,Pako Forever,8018,01/21/2026, 12:43:05,844
GEOR20066,Pako Forever,8018,01/21/2026, 13:43:47,844
GEOR20066,Pako Forever,8018,01/21/2026, 14:29:21,844
GEOR20066,Pako Forever,8018,01/21/2026, 15:29:53,844
GEOR20066,Pako Forever,8018,01/21/2026, 16:41:22,844
GEOR20066,Pako Forever,8018,01/21/2026, 17:52:53,844
GEOR20066,Pako Forever,8018,01/21/2026, 18:38:59,844
GEOR20066,Pako Forever,8018,01/21/2026, 19:26:00,844
GEOR20066,Pako Forever,8018,01/21/2026, 20:28:42,844
GEOR20066,Pako Forever,8018,01/21/2026, 21:26:50,844
GEOR20066,Pako Forever,8018,01/21/2026, 22:22:41,844
GEOR20066,Pako Forever,8018,01/21/2026, 23:23:14,844
GEOR20066,Pako Forever,8018,01/22/2026, 01:26:20,844
GEOR20066,Pako Forever,8018,01/22/2026, 03:46:02,844
GEOR20066,Pako Forever,8020,01/22/2026, 04:45:56,844
GEOR20066,Pako Forever,8020,01/22/2026, 05:27:05,844
GEOR20066,Pako Forever,8020,01/22/2026, 06:31:19,844
GEOR20066,Pako Forever,8020,01/22/2026, 07:25:37,844
GEOR20066,Pako Forever,8020,01/22/2026, 08:28:35,844
GEOR20066,Pako Forever,8020,01/22/2026, 09:31:15,844
GEOR20066,Pako Forever,8020,01/22/2026, 10:25:08,844
GEOR20066,Pako Forever,8022,01/22/2026, 11:22:29,844
GEOR20066,Pako Forever,8022,01/22/2026, 12:42:26,844
GEOR20066,Pako Forever,8022,01/22/2026, 13:44:49,844
GEOR20066,Pako Forever,8022,01/22/2026, 15:28:34,844
GEOR20066,Pako Forever,8022,01/22/2026, 16:31:27,844
GEOR20066,Pako Forever,8023,01/22/2026, 17:27:02,844
GEOR20066,Pako Forever,8023,01/22/2026, 18:28:51,844
GEOR20066,Pako Forever,8023,01/22/2026, 19:23:08,844
GEOR20066,Pako Forever,8023,01/22/2026, 20:23:52,844
GEOR20066,Pako Forever,8023,01/22/2026, 21:20:55,844
GEOR20066,Pako Forever,8023,01/22/2026, 22:20:59,844
GEOR20066,Pako Forever,8023,01/22/2026, 23:19:59,844
GEOR20066,Pako Forever,8023,01/23/2026, 01:24:22,844
GEOR20066,Pako Forever,8023,01/23/2026, 03:40:52,844
GEOR20066,Pako Forever,8023,01/23/2026, 04:41:01,844
GEOR20066,Pako Forever,8023,01/23/2026, 05:26:24,844
GEOR20066,Pako Forever,8023,01/23/2026, 06:30:31,844
GEOR20066,Pako Forever,8023,01/23/2026, 07:23:59,844
GEOR20066,Pako Forever,8023,01/23/2026, 08:26:51,844
GEOR20066,Pako Forever,8023,01/23/2026, 09:27:48,844
GEOR20066,Pako Forever,8024,01/23/2026, 10:22:28,844
GEOR20066,Pako Forever,8024,01/23/2026, 11:19:31,844
GEOR20066,Pako Forever,8025,01/23/2026, 12:41:38,844
GEOR20066,Pako Forever,8025,01/23/2026, 13:41:23,844
GEOR20066,Pako Forever,8026,01/23/2026, 14:23:34,844
GEOR20066,Pako Forever,8026,01/23/2026, 15:23:22,844
GEOR20066,Pako Forever,8027,01/23/2026, 16:27:29,844
GEOR20066,Pako Forever,8027,01/23/2026, 17:25:54,844
GEOR20066,Pako Forever,8028,01/23/2026, 18:30:28,844
GEOR20066,Pako Forever,8028,01/23/2026, 19:23:27,844
GEOR20066,Pako Forever,8028,01/23/2026, 20:23:10,844
GEOR20066,Pako Forever,8028,01/23/2026, 21:19:39,844
GEOR20066,Pako Forever,8028,01/23/2026, 22:17:08,844
GEOR20066,Pako Forever,8028,01/23/2026, 23:19:54,844
GEOR20066,Pako Forever,8028,01/24/2026, 01:22:19,844
GEOR20066,Pako Forever,8028,01/24/2026, 03:25:37,844
GEOR20066,Pako Forever,8028,01/24/2026, 04:34:13,844
GEOR20066,Pako Forever,8028,01/24/2026, 05:20:07,844
GEOR20066,Pako Forever,8029,01/24/2026, 06:28:31,844
GEOR20066,Pako Forever,8029,01/24/2026, 07:18:53,844
GEOR20066,Pako Forever,8029,01/24/2026, 08:24:00,844
GEOR20066,Pako Forever,8029,01/24/2026, 09:19:29,844
GEOR20066,Pako Forever,8029,01/24/2026, 10:19:31,844
GEOR20066,Pako Forever,8029,01/24/2026, 11:16:38,844
GEOR20066,Pako Forever,8029,01/24/2026, 12:35:42,844
GEOR20066,Pako Forever,8030,01/24/2026, 13:30:14,844
GEOR20066,Pako Forever,8030,01/24/2026, 14:18:16,844
GEOR20066,Pako Forever,8030,01/24/2026, 15:18:03,844
GEOR20066,Pako Forever,8030,01/24/2026, 16:22:04,844
GEOR20066,Pako Forever,8030,01/24/2026, 17:16:46,844
GEOR20066,Pako Forever,8030,01/24/2026, 18:26:46,844
GEOR20066,Pako Forever,8030,01/24/2026, 19:15:45,844
GEOR20066,Pako Forever,8030,01/24/2026, 20:19:50,844
GEOR20066,Pako Forever,8031,01/24/2026, 21:17:12,844
GEOR20066,Pako Forever,8031,01/24/2026, 22:18:12,844
GEOR20066,Pako Forever,8031,01/24/2026, 23:18:10,844
GEOR20066,Pako Forever,8031,01/25/2026, 01:42:00,844
GEOR20066,Pako Forever,8031,01/25/2026, 03:52:21,844
GEOR20066,Pako Forever,8031,01/25/2026, 04:51:01,844
GEOR20066,Pako Forever,8031,01/25/2026, 05:27:22,844
GEOR20066,Pako Forever,8031,01/25/2026, 06:28:25,844
GEOR20066,Pako Forever,8031,01/25/2026, 07:20:42,844
GEOR20066,Pako Forever,8031,01/25/2026, 08:24:27,844
GEOR20066,Pako Forever,8031,01/25/2026, 09:20:00,844
GEOR20066,Pako Forever,8031,01/25/2026, 10:20:00,844
GEOR20066,Pako Forever,8031,01/25/2026, 11:16:23,844
GEOR20066,Pako Forever,8031,01/25/2026, 12:37:01,844
GEOR20066,Pako Forever,8031,01/25/2026, 13:31:33,844
GEOR20066,Pako Forever,8031,01/25/2026, 14:17:52,844
GEOR20066,Pako Forever,8031,01/25/2026, 15:18:27,844
GEOR20066,Pako Forever,8031,01/25/2026, 16:22:27,844
GEOR20066,Pako Forever,8031,01/25/2026, 17:16:41,844
GEOR20066,Pako Forever,8031,01/25/2026, 18:26:31,844
GEOR20066,Pako Forever,8031,01/25/2026, 19:15:58,844
GEOR20066,Pako Forever,8031,01/25/2026, 20:21:45,844
GEOR20066,Pako Forever,8031,01/25/2026, 21:17:37,844
GEOR20066,Pako Forever,8031,01/25/2026, 22:18:32,844
GEOR20066,Pako Forever,8031,01/25/2026, 23:24:45,844
GEOR20066,Pako Forever,8031,01/26/2026, 01:30:37,844
GEOR20066,Pako Forever,8031,01/26/2026, 03:55:11,844
GEOR20066,Pako Forever,8031,01/26/2026, 04:54:40,844
GEOR20066,Pako Forever,8031,01/26/2026, 05:32:24,844
GEOR20066,Pako Forever,8031,01/26/2026, 06:33:28,844
GEOR20066,Pako Forever,8031,01/26/2026, 07:26:45,844
GEOR20066,Pako Forever,8032,01/26/2026, 08:29:22,844
GEOR20066,Pako Forever,8032,01/26/2026, 09:32:11,844
GEOR20066,Pako Forever,8032,01/26/2026, 10:24:56,844
GEOR20066,Pako Forever,8032,01/26/2026, 11:19:42,844
GEOR20066,Pako Forever,8032,01/26/2026, 12:41:38,844
GEOR20066,Pako Forever,8032,01/26/2026, 13:42:37,844
GEOR20066,Pako Forever,8032,01/26/2026, 14:27:17,844
GEOR20066,Pako Forever,8032,01/26/2026, 15:27:08,844
GEOR20066,Pako Forever,8032,01/26/2026, 16:30:25,844
GEOR20066,Pako Forever,8032,01/26/2026, 17:27:55,844
GEOR20066,Pako Forever,8032,01/26/2026, 18:31:59,844
GEOR20066,Pako Forever,8032,01/26/2026, 19:22:25,844
GEOR20066,Pako Forever,8033,01/26/2026, 20:24:16,844
GEOR20066,Pako Forever,8033,01/26/2026, 21:22:45,844
GEOR20066,Pako Forever,8033,01/26/2026, 22:20:15,844
GEOR20066,Pako Forever,8033,01/26/2026, 23:20:14,844
GEOR20066,Pako Forever,8033,01/27/2026, 01:29:49,844
GEOR20066,Pako Forever,8033,01/27/2026, 03:45:52,844
GEOR20066,Pako Forever,8034,01/27/2026, 04:44:45,844
GEOR20066,Pako Forever,8034,01/27/2026, 05:25:42,844
GEOR20066,Pako Forever,8034,01/27/2026, 06:31:24,844
GEOR20066,Pako Forever,8034,01/27/2026, 07:26:21,844
GEOR20066,Pako Forever,8034,01/27/2026, 08:29:51,844
GEOR20066,Pako Forever,8034,01/27/2026, 09:30:29,844
GEOR20066,Pako Forever,8035,01/27/2026, 10:25:19,844
GEOR20066,Pako Forever,8035,01/27/2026, 11:21:48,844
GEOR20066,Pako Forever,8035,01/27/2026, 12:42:08,844
GEOR20066,Pako Forever,8035,01/27/2026, 13:44:45,844
GEOR20066,Pako Forever,8035,01/27/2026, 14:27:35,844
GEOR20066,Pako Forever,8035,01/27/2026, 15:29:13,844
GEOR20066,Pako Forever,8035,01/27/2026, 16:27:43,844
GEOR20066,Pako Forever,8035,01/27/2026, 17:26:42,844
GEOR20066,Pako Forever,8035,01/27/2026, 18:34:59,844
GEOR20066,Pako Forever,8035,01/27/2026, 19:25:02,844
GEOR20066,Pako Forever,8035,01/27/2026, 20:21:20,844
GEOR20066,Pako Forever,8035,01/27/2026, 21:16:37,844
GEOR20066,Pako Forever,8037,01/27/2026, 22:21:32,844
GEOR20066,Pako Forever,8037,01/27/2026, 23:20:30,844
GEOR20066,Pako Forever,8037,01/28/2026, 01:25:57,844
GEOR20066,Pako Forever,8037,01/28/2026, 03:43:33,844
GEOR20066,Pako Forever,8037,01/28/2026, 04:42:45,844
GEOR20066,Pako Forever,8037,01/28/2026, 05:26:21,844
GEOR20066,Pako Forever,8038,01/28/2026, 06:32:49,844
GEOR20066,Pako Forever,8038,01/28/2026, 07:24:40,844
GEOR20066,Pako Forever,8038,01/28/2026, 08:28:43,844
GEOR20066,Pako Forever,8038,01/28/2026, 09:32:16,844
GEOR20066,Pako Forever,8038,01/28/2026, 10:26:00,844
GEOR20066,Pako Forever,8038,01/28/2026, 11:22:02,844
GEOR20066,Pako Forever,8038,01/28/2026, 12:43:48,844
GEOR20066,Pako Forever,8038,01/28/2026, 13:47:11,844
GEOR20066,Pako Forever,8039,01/28/2026, 14:27:22,844
GEOR20066,Pako Forever,8040,01/28/2026, 15:30:02,844
GEOR20066,Pako Forever,8040,01/28/2026, 16:33:34,844
GEOR20066,Pako Forever,8040,01/28/2026, 17:30:58,844
GEOR20066,Pako Forever,8040,01/28/2026, 18:34:46,844
GEOR20066,Pako Forever,8040,01/28/2026, 19:26:05,844
GEOR20066,Pako Forever,8040,01/28/2026, 20:27:22,844
GEOR20066,Pako Forever,8040,01/28/2026, 21:28:22,844
GEOR20066,Pako Forever,8041,01/28/2026, 22:24:10,844
GEOR20066,Pako Forever,8041,01/28/2026, 23:24:05,844
GEOR20066,Pako Forever,8041,01/29/2026, 01:46:49,844
GEOR20066,Pako Forever,8041,01/29/2026, 04:06:14,844
GEOR20066,Pako Forever,8041,01/29/2026, 05:41:52,844
GEOR20066,Pako Forever,8041,01/29/2026, 06:43:03,844
GEOR20066,Pako Forever,8041,01/29/2026, 07:38:51,844
GEOR20066,Pako Forever,8041,01/29/2026, 08:35:59,844
GEOR20066,Pako Forever,8041,01/29/2026, 09:39:45,844
GEOR20066,Pako Forever,8041,01/29/2026, 10:34:16,844
GEOR20066,Pako Forever,8041,01/29/2026, 11:29:13,844
GEOR20066,Pako Forever,8041,01/29/2026, 12:51:32,844
GEOR20066,Pako Forever,8041,01/29/2026, 13:58:37,844
GEOR20066,Pako Forever,8041,01/29/2026, 14:39:15,844
GEOR20066,Pako Forever,8041,01/29/2026, 15:32:59,844
GEOR20066,Pako Forever,8041,01/29/2026, 16:40:23,844
GEOR20066,Pako Forever,8042,01/29/2026, 17:36:26,844
GEOR20066,Pako Forever,8043,01/29/2026, 18:40:02,844
GEOR20066,Pako Forever,8043,01/29/2026, 19:29:25,844
GEOR20066,Pako Forever,8043,01/29/2026, 20:27:17,844
GEOR20066,Pako Forever,8044,01/29/2026, 21:24:35,844
GEOR20066,Pako Forever,8044,01/29/2026, 22:25:21,844
GEOR20066,Pako Forever,8044,01/29/2026, 23:24:19,844
GEOR20066,Pako Forever,8044,01/30/2026, 01:47:39,844
GEOR20066,Pako Forever,8044,01/30/2026, 04:07:18,844
GEOR20066,Pako Forever,8044,01/30/2026, 05:44:35,844
GEOR20066,Pako Forever,8044,01/30/2026, 06:43:31,844
GEOR20066,Pako Forever,8044,01/30/2026, 07:38:30,844
GEOR20066,Pako Forever,8044,01/30/2026, 08:34:30,844
GEOR20066,Pako Forever,8044,01/30/2026, 09:35:34,844
GEOR20066,Pako Forever,8044,01/30/2026, 10:31:47,844
GEOR20066,Pako Forever,8044,01/30/2026, 11:27:05,844
GEOR20066,Pako Forever,8045,01/30/2026, 12:47:08,844
GEOR20066,Pako Forever,8045,01/30/2026, 13:55:26,844
GEOR20066,Pako Forever,8045,01/30/2026, 14:34:14,844
GEOR20066,Pako Forever,8045,01/30/2026, 15:31:56,844
GEOR20066,Pako Forever,8045,01/30/2026, 16:35:39,844
GEOR20066,Pako Forever,8045,01/30/2026, 17:32:55,844
GEOR20066,Pako Forever,8045,01/30/2026, 18:38:47,844
GEOR20066,Pako Forever,8045,01/30/2026, 19:30:29,844
GEOR20066,Pako Forever,8045,01/30/2026, 20:26:20,844
GEOR20066,Pako Forever,8046,01/30/2026, 21:25:58,844
GEOR20066,Pako Forever,8046,01/30/2026, 22:22:38,844
GEOR20066,Pako Forever,8046,01/30/2026, 23:23:49,844
GEOR20066,Pako Forever,8047,01/31/2026, 01:43:23,844
GEOR20066,Pako Forever,8047,01/31/2026, 04:04:19,844
GEOR20066,Pako Forever,8047,01/31/2026, 05:36:33,844
GEOR20066,Pako Forever,8047,01/31/2026, 06:35:13,844
GEOR20066,Pako Forever,8047,01/31/2026, 07:27:19,844
GEOR20066,Pako Forever,8047,01/31/2026, 08:27:10,844
GEOR20066,Pako Forever,8047,01/31/2026, 09:26:24,844
GEOR20066,Pako Forever,8047,01/31/2026, 10:22:04,844
GEOR20066,Pako Forever,8047,01/31/2026, 11:18:51,844
GEOR20066,Pako Forever,8047,01/31/2026, 12:40:25,844
GEOR20066,Pako Forever,8047,01/31/2026, 13:40:03,844
GEOR20066,Pako Forever,8048,01/31/2026, 14:22:35,844
GEOR20066,Pako Forever,8048,01/31/2026, 15:21:03,844
GEOR20066,Pako Forever,8048,01/31/2026, 16:23:59,844
GEOR20066,Pako Forever,8048,01/31/2026, 17:22:20,844
GEOR20066,Pako Forever,8048,01/31/2026, 18:28:21,844
GEOR20066,Pako Forever,8048,01/31/2026, 19:19:53,844
GEOR20066,Pako Forever,8049,01/31/2026, 20:22:46,844
GEOR20066,Pako Forever,8049,01/31/2026, 21:20:05,844
GEOR20066,Pako Forever,8050,01/31/2026, 22:20:53,844
GEOR20066,Pako Forever,8051,01/31/2026, 23:20:06,844
GEOR20066,Pako Forever,8051,02/01/2026, 02:01:59,844
GEOR20066,Pako Forever,8052,02/01/2026, 04:35:17,844
GEOR20066,Pako Forever,8052,02/01/2026, 05:59:16,844
GEOR20066,Pako Forever,8052,02/01/2026, 06:53:20,844
GEOR20066,Pako Forever,8052,02/01/2026, 07:36:30,844
GEOR20066,Pako Forever,8052,02/01/2026, 08:29:42,844
GEOR20066,Pako Forever,8052,02/01/2026, 09:28:29,844
GEOR20066,Pako Forever,8052,02/01/2026, 10:22:46,844
GEOR20066,Pako Forever,8053,02/01/2026, 11:20:19,844
GEOR20066,Pako Forever,8053,02/01/2026, 12:42:34,844
GEOR20066,Pako Forever,8053,02/01/2026, 13:41:41,844
GEOR20066,Pako Forever,8053,02/01/2026, 14:23:50,844
GEOR20066,Pako Forever,8053,02/01/2026, 15:22:32,844
GEOR20066,Pako Forever,8053,02/01/2026, 16:26:01,844
GEOR20066,Pako Forever,8053,02/01/2026, 17:22:28,844
GEOR20066,Pako Forever,8053,02/01/2026, 18:31:18,844
GEOR20066,Pako Forever,8053,02/01/2026, 19:23:00,844
GEOR20066,Pako Forever,8053,02/01/2026, 20:23:17,844
GEOR20066,Pako Forever,8053,02/01/2026, 21:21:04,844
GEOR20066,Pako Forever,8054,02/01/2026, 22:21:42,844
GEOR20066,Pako Forever,8054,02/01/2026, 23:22:44,844
GEOR20066,Pako Forever,8055,02/02/2026, 01:54:21,844
GEOR20066,Pako Forever,8055,02/02/2026, 04:23:34,844
GEOR20066,Pako Forever,8056,02/02/2026, 06:02:43,844
GEOR20066,Pako Forever,8056,02/02/2026, 07:48:42,844
GEOR20066,Pako Forever,8056,02/02/2026, 08:39:29,844
GEOR20066,Pako Forever,8056,02/02/2026, 09:45:44,844
GEOR20066,Pako Forever,8056,02/02/2026, 10:41:46,844
GEOR20066,Pako Forever,8056,02/02/2026, 11:34:11,844
GEOR20066,Pako Forever,8056,02/02/2026, 12:53:31,844
GEOR20066,Pako Forever,8056,02/02/2026, 14:02:20,844
GEOR20066,Pako Forever,8056,02/02/2026, 14:51:50,844
GEOR20066,Pako Forever,8056,02/02/2026, 15:36:20,844
GEOR20066,Pako Forever,8056,02/02/2026, 16:36:06,844
GEOR20066,Pako Forever,8056,02/02/2026, 17:37:32,844
GEOR20066,Pako Forever,8056,02/02/2026, 18:39:26,844
GEOR20066,Pako Forever,8056,02/02/2026, 23:25:53,844
GEOR20066,Pako Forever,8056,02/03/2026, 01:52:54,844
GEOR20066,Pako Forever,8057,02/03/2026, 04:14:01,844
GEOR20066,Pako Forever,8059,02/03/2026, 05:48:57,844
GEOR20066,Pako Forever,8059,02/03/2026, 06:46:11,844
GEOR20066,Pako Forever,8059,02/03/2026, 07:41:03,844
GEOR20066,Pako Forever,8059,02/03/2026, 08:34:14,844
GEOR20066,Pako Forever,8059,02/03/2026, 09:38:52,844
GEOR20066,Pako Forever,8059,02/03/2026, 10:37:12,844
GEOR20066,Pako Forever,8059,02/03/2026, 11:32:47,844
GEOR20066,Pako Forever,8059,02/03/2026, 12:53:37,844
GEOR20066,Pako Forever,8059,02/03/2026, 14:03:02,844
GEOR20066,Pako Forever,8059,02/03/2026, 15:45:46,844
GEOR20066,Pako Forever,8059,02/03/2026, 16:49:11,844
GEOR20066,Pako Forever,8059,02/03/2026, 17:52:33,844
GEOR20066,Pako Forever,8059,02/03/2026, 18:53:25,844
GEOR20066,Pako Forever,8059,02/03/2026, 19:44:07,844
GEOR20066,Pako Forever,8059,02/03/2026, 20:33:07,844
GEOR20066,Pako Forever,8059,02/03/2026, 21:31:57,844
GEOR20066,Pako Forever,8059,02/03/2026, 22:27:16,844
GEOR20066,Pako Forever,8059,02/03/2026, 23:27:17,844
GEOR20066,Pako Forever,8061,02/04/2026, 01:48:15,844
GEOR20066,Pako Forever,8061,02/04/2026, 04:09:56,844
GEOR20066,Pako Forever,8062,02/04/2026, 05:45:50,844
GEOR20066,Pako Forever,8062,02/04/2026, 06:46:27,844
GEOR20066,Pako Forever,8062,02/04/2026, 07:43:03,844
GEOR20066,Pako Forever,8062,02/04/2026, 08:38:30,844
GEOR20066,Pako Forever,8062,02/04/2026, 09:40:44,844
GEOR20066,Pako Forever,8062,02/04/2026, 10:35:54,844
GEOR20066,Pako Forever,8062,02/04/2026, 11:32:20,844
GEOR20066,Pako Forever,8062,02/04/2026, 12:52:58,844
GEOR20066,Pako Forever,8063,02/04/2026, 14:02:14,844
GEOR20066,Pako Forever,8063,02/04/2026, 14:52:27,844
GEOR20066,Pako Forever,8064,02/04/2026, 15:40:09,844
GEOR20066,Pako Forever,8064,02/04/2026, 16:43:02,844
GEOR20066,Pako Forever,8064,02/04/2026, 17:44:24,844
GEOR20066,Pako Forever,8064,02/04/2026, 18:44:49,844
GEOR20066,Pako Forever,8064,02/04/2026, 19:37:56,844
GEOR20066,Pako Forever,8064,02/04/2026, 20:31:41,844
GEOR20066,Pako Forever,8064,02/04/2026, 21:31:50,844
GEOR20066,Pako Forever,8064,02/04/2026, 22:24:29,844
GEOR20066,Pako Forever,8064,02/04/2026, 23:24:42,844
GEOR20066,Pako Forever,8065,02/05/2026, 01:49:15,844
GEOR20066,Pako Forever,8065,02/05/2026, 04:13:15,844
GEOR20066,Pako Forever,8065,02/05/2026, 05:54:32,844
GEOR20066,Pako Forever,8065,02/05/2026, 06:55:27,844
GEOR20066,Pako Forever,8065,02/05/2026, 07:48:39,844
GEOR20066,Pako Forever,8065,02/05/2026, 08:39:38,844
GEOR20066,Pako Forever,8065,02/05/2026, 09:41:23,844
GEOR20066,Pako Forever,8066,02/05/2026, 10:38:11,844
GEOR20066,Pako Forever,8066,02/05/2026, 11:33:52,844
GEOR20066,Pako Forever,8066,02/05/2026, 12:56:17,844
GEOR20066,Pako Forever,8066,02/05/2026, 14:05:03,844
GEOR20066,Pako Forever,8066,02/05/2026, 15:38:40,844
GEOR20066,Pako Forever,8067,02/05/2026, 16:43:22,844
GEOR20066,Pako Forever,8068,02/05/2026, 17:45:42,844
GEOR20066,Pako Forever,8068,02/05/2026, 18:43:39,844
GEOR20066,Pako Forever,8068,02/05/2026, 19:36:24,844
GEOR20066,Pako Forever,8068,02/05/2026, 20:30:52,844
GEOR20066,Pako Forever,8068,02/05/2026, 21:26:19,844
GEOR20066,Pako Forever,8070,02/05/2026, 22:24:30,844
GEOR20066,Pako Forever,8070,02/05/2026, 23:21:56,844
GEOR20066,Pako Forever,8071,02/06/2026, 01:48:27,844
GEOR20066,Pako Forever,8072,02/06/2026, 04:13:23,844
GEOR20066,Pako Forever,8072,02/06/2026, 05:52:33,844
GEOR20066,Pako Forever,8072,02/06/2026, 06:51:02,844
GEOR20066,Pako Forever,8072,02/06/2026, 07:44:54,844
GEOR20066,Pako Forever,8072,02/06/2026, 08:38:19,844
GEOR20066,Pako Forever,8073,02/06/2026, 09:40:31,844
GEOR20066,Pako Forever,8073,02/06/2026, 10:36:40,844
GEOR20066,Pako Forever,8074,02/06/2026, 11:32:30,844
GEOR20066,Pako Forever,8074,02/06/2026, 12:52:59,844
GEOR20066,Pako Forever,8074,02/06/2026, 14:01:19,844
GEOR20066,Pako Forever,8074,02/06/2026, 14:48:15,844
GEOR20066,Pako Forever,8074,02/06/2026, 15:38:54,844
GEOR20066,Pako Forever,8074,02/06/2026, 16:40:32,844
GEOR20066,Pako Forever,8074,02/06/2026, 17:40:07,844
GEOR20066,Pako Forever,8074,02/06/2026, 18:44:44,844
GEOR20066,Pako Forever,8074,02/06/2026, 19:36:52,844
GEOR20066,Pako Forever,8074,02/06/2026, 20:30:09,844
GEOR20066,Pako Forever,8074,02/06/2026, 21:28:38,844
GEOR20066,Pako Forever,8075,02/06/2026, 22:20:54,844
GEOR20066,Pako Forever,8075,02/06/2026, 23:22:53,844
GEOR20066,Pako Forever,8076,02/07/2026, 01:45:47,844
GEOR20066,Pako Forever,8077,02/07/2026, 04:06:38,844
GEOR20066,Pako Forever,8077,02/07/2026, 05:40:37,844
GEOR20066,Pako Forever,8077,02/07/2026, 06:38:53,844
GEOR20066,Pako Forever,8078,02/07/2026, 07:30:30,844
GEOR20066,Pako Forever,8078,02/07/2026, 08:28:12,844
GEOR20066,Pako Forever,8078,02/07/2026, 09:28:25,844
GEOR20066,Pako Forever,8079,02/07/2026, 10:22:51,844
GEOR20066,Pako Forever,8079,02/07/2026, 11:20:06,844
GEOR20066,Pako Forever,8080,02/07/2026, 12:41:20,844
GEOR20066,Pako Forever,8080,02/07/2026, 13:42:21,844
GEOR20066,Pako Forever,8080,02/07/2026, 14:23:34,844
GEOR20066,Pako Forever,8080,02/07/2026, 15:22:31,844
GEOR20066,Pako Forever,8080,02/07/2026, 16:26:15,844
GEOR20066,Pako Forever,8080,02/07/2026, 17:24:33,844
GEOR20066,Pako Forever,8081,02/07/2026, 18:31:11,844
GEOR20066,Pako Forever,8082,02/07/2026, 19:22:19,844
GEOR20066,Pako Forever,8082,02/07/2026, 20:23:41,844
GEOR20066,Pako Forever,8082,02/07/2026, 21:22:51,844
GEOR20066,Pako Forever,8082,02/07/2026, 22:23:08,844
GEOR20066,Pako Forever,8082,02/07/2026, 23:27:53,844
GEOR20066,Pako Forever,8082,02/08/2026, 02:12:23,844
GEOR20066,Pako Forever,8082,02/08/2026, 05:01:25,844
GEOR20066,Pako Forever,8082,02/08/2026, 06:03:49,844
GEOR20066,Pako Forever,8082,02/08/2026, 07:38:15,844
GEOR20066,Pako Forever,8082,02/08/2026, 08:29:54,844
GEOR20066,Pako Forever,8082,02/08/2026, 09:28:47,844
GEOR20066,Pako Forever,8082,02/08/2026, 10:24:08,844
GEOR20066,Pako Forever,8082,02/08/2026, 11:21:42,844
GEOR20066,Pako Forever,8083,02/08/2026, 12:42:30,844
GEOR20066,Pako Forever,8083,02/08/2026, 13:43:18,844
GEOR20066,Pako Forever,8084,02/08/2026, 14:25:25,844
GEOR20066,Pako Forever,8084,02/08/2026, 15:23:54,844
GEOR20066,Pako Forever,8084,02/08/2026, 16:27:31,844
GEOR20066,Pako Forever,8084,02/08/2026, 17:24:48,844
GEOR20066,Pako Forever,8084,02/08/2026, 18:32:41,844
GEOR20066,Pako Forever,8084,02/08/2026, 19:23:51,844
GEOR20066,Pako Forever,8085,02/08/2026, 20:23:40,844
GEOR20066,Pako Forever,8086,02/08/2026, 21:24:27,844
GEOR20066,Pako Forever,8087,02/08/2026, 22:24:45,844
GEOR20066,Pako Forever,8087,02/08/2026, 23:28:21,844
GEOR20066,Pako Forever,8088,02/09/2026, 01:56:17,844
GEOR20066,Pako Forever,8088,02/09/2026, 04:26:21,844
GEOR20066,Pako Forever,8088,02/09/2026, 06:06:45,844
GEOR20066,Pako Forever,8088,02/09/2026, 07:56:41,844
GEOR20066,Pako Forever,8088,02/09/2026, 10:00:00,844
GEOR20066,Pako Forever,8088,02/09/2026, 10:59:30,844
GEOR20066,Pako Forever,8088,02/09/2026, 11:44:59,844
GEOR20066,Pako Forever,8089,02/09/2026, 13:02:17,844
GEOR20066,Pako Forever,8089,02/09/2026, 14:18:25,844
GEOR20066,Pako Forever,8089,02/09/2026, 15:53:27,844
GEOR20066,Pako Forever,8089,02/09/2026, 17:49:43,844
GEOR20066,Pako Forever,8089,02/09/2026, 20:01:35,844
GEOR20066,Pako Forever,8089,02/09/2026, 20:53:10,844
GEOR20066,Pako Forever,8089,02/09/2026, 21:37:32,844
GEOR20066,Pako Forever,8089,02/09/2026, 22:34:04,844
GEOR20066,Pako Forever,8089,02/09/2026, 23:35:23,844
GEOR20066,Pako Forever,8089,02/10/2026, 02:06:59,844
GEOR20066,Pako Forever,8090,02/10/2026, 05:02:08,844
GEOR20066,Pako Forever,8090,02/10/2026, 06:15:29,844
GEOR20066,Pako Forever,8090,02/10/2026, 07:58:27,844
GEOR20066,Pako Forever,8090,02/10/2026, 09:58:51,844
GEOR20066,Pako Forever,8090,02/10/2026, 10:55:32,844
GEOR20066,Pako Forever,8090,02/10/2026, 11:49:40,844
GEOR20066,Pako Forever,8090,02/10/2026, 14:56:17,844
GEOR20066,Pako Forever,8090,02/10/2026, 16:05:44,844
GEOR20066,Pako Forever,8090,02/10/2026, 17:59:12,844
GEOR20066,Pako Forever,8091,02/10/2026, 19:07:02,844
GEOR20066,Pako Forever,8091,02/10/2026, 20:41:09,844
GEOR20066,Pako Forever,8091,02/10/2026, 21:39:52,844
GEOR20066,Pako Forever,8091,02/10/2026, 22:37:43,844
GEOR20066,Pako Forever,8091,02/10/2026, 23:36:17,844
GEOR20066,Pako Forever,8091,02/11/2026, 02:02:32,844
GEOR20066,Pako Forever,8091,02/11/2026, 04:35:58,844
GEOR20066,Pako Forever,8091,02/11/2026, 06:07:47,844
GEOR20066,Pako Forever,8091,02/11/2026, 07:54:38,844
GEOR20066,Pako Forever,8091,02/11/2026, 08:44:26,844
GEOR20066,Pako Forever,8091,02/11/2026, 09:50:59,844
GEOR20066,Pako Forever,8091,02/11/2026, 11:43:28,844
GEOR20066,Pako Forever,8092,02/11/2026, 13:02:19,844
GEOR20066,Pako Forever,8093,02/11/2026, 14:20:11,844
GEOR20066,Pako Forever,8093,02/11/2026, 15:59:10,844
GEOR20066,Pako Forever,8093,02/11/2026, 17:05:00,844
GEOR20066,Pako Forever,8093,02/11/2026, 18:59:56,844
GEOR20066,Pako Forever,8093,02/11/2026, 19:56:19,844
GEOR20066,Pako Forever,8093,02/11/2026, 20:36:29,844
GEOR20066,Pako Forever,8093,02/11/2026, 21:32:13,844
GEOR20066,Pako Forever,8093,02/11/2026, 22:27:30,844
GEOR20066,Pako Forever,8093,02/11/2026, 23:30:12,844
GEOR20066,Pako Forever,8093,02/12/2026, 01:55:25,844
GEOR20066,Pako Forever,8094,02/12/2026, 06:03:12,844
GEOR20066,Pako Forever,8094,02/12/2026, 09:45:35,844
GEOR20066,Pako Forever,8094,02/12/2026, 10:42:21,844
GEOR20066,Pako Forever,8094,02/12/2026, 11:38:00,844
GEOR20066,Pako Forever,8094,02/12/2026, 13:00:57,844
GEOR20066,Pako Forever,8094,02/12/2026, 14:14:33,844
GEOR20066,Pako Forever,8094,02/12/2026, 15:50:22,844
GEOR20066,Pako Forever,8094,02/12/2026, 16:55:58,844
GEOR20066,Pako Forever,8094,02/12/2026, 17:56:41,844
GEOR20066,Pako Forever,8094,02/12/2026, 18:59:33,844
GEOR20066,Pako Forever,8095,02/12/2026, 19:51:34,844
GEOR20066,Pako Forever,8095,02/12/2026, 20:32:32,844
GEOR20066,Pako Forever,8095,02/12/2026, 21:30:57,844
GEOR20066,Pako Forever,8095,02/12/2026, 22:30:26,844
GEOR20066,Pako Forever,8095,02/12/2026, 23:26:17,844
GEOR20066,Pako Forever,8095,02/13/2026, 01:58:11,844
GEOR20066,Pako Forever,8095,02/13/2026, 04:21:32,844
GEOR20066,Pako Forever,8095,02/13/2026, 05:58:17,844
GEOR20066,Pako Forever,8096,02/13/2026, 06:59:14,844
GEOR20066,Pako Forever,8096,02/13/2026, 07:51:35,844
GEOR20066,Pako Forever,8097,02/13/2026, 08:39:33,844
GEOR20066,Pako Forever,8097,02/13/2026, 09:40:48,844
GEOR20066,Pako Forever,8098,02/13/2026, 10:37:11,844
GEOR20066,Pako Forever,8098,02/13/2026, 11:30:01,844
GEOR20066,Pako Forever,8098,02/13/2026, 12:53:03,844
GEOR20066,Pako Forever,8098,02/13/2026, 14:50:44,844
GEOR20066,Pako Forever,8098,02/13/2026, 15:40:09,844
GEOR20066,Pako Forever,8098,02/13/2026, 16:42:05,844
GEOR20066,Pako Forever,8098,02/13/2026, 17:39:12,844
GEOR20066,Pako Forever,8098,02/13/2026, 18:43:41,844
GEOR20066,Pako Forever,8098,02/13/2026, 19:41:13,844
GEOR20066,Pako Forever,8098,02/13/2026, 20:35:02,844
GEOR20066,Pako Forever,8098,02/13/2026, 21:32:51,844
GEOR20066,Pako Forever,8098,02/13/2026, 22:30:19,844
GEOR20066,Pako Forever,8099,02/13/2026, 23:28:43,844
GEOR20066,Pako Forever,8099,02/14/2026, 01:48:21,844
GEOR20066,Pako Forever,8099,02/14/2026, 04:08:44,844
GEOR20066,Pako Forever,8099,02/14/2026, 05:42:30,844
GEOR20066,Pako Forever,8099,02/14/2026, 06:40:49,844
GEOR20066,Pako Forever,8099,02/14/2026, 07:33:16,844
GEOR20066,Pako Forever,8099,02/14/2026, 08:28:33,844
GEOR20066,Pako Forever,8099,02/14/2026, 09:29:09,844
GEOR20066,Pako Forever,8100,02/14/2026, 10:24:25,844
GEOR20066,Pako Forever,8100,02/14/2026, 11:21:21,844
GEOR20066,Pako Forever,8100,02/14/2026, 12:40:50,844
GEOR20066,Pako Forever,8100,02/14/2026, 13:42:47,844
GEOR20066,Pako Forever,8100,02/14/2026, 14:24:26,844
GEOR20066,Pako Forever,8100,02/14/2026, 15:23:22,844
GEOR20066,Pako Forever,8100,02/14/2026, 16:25:29,844
GEOR20066,Pako Forever,8100,02/14/2026, 17:24:17,844
GEOR20066,Pako Forever,8101,02/14/2026, 18:30:46,844
GEOR20066,Pako Forever,8102,02/14/2026, 19:22:23,844
GEOR20066,Pako Forever,8102,02/14/2026, 20:22:47,844
GEOR20066,Pako Forever,8102,02/14/2026, 21:22:10,844
GEOR20066,Pako Forever,8102,02/14/2026, 22:20:46,844
GEOR20066,Pako Forever,8102,02/14/2026, 23:21:40,844
GEOR20066,Pako Forever,8102,02/15/2026, 01:57:59,844
GEOR20066,Pako Forever,8102,02/15/2026, 04:22:24,844
GEOR20066,Pako Forever,8102,02/15/2026, 05:55:05,844
GEOR20066,Pako Forever,8102,02/15/2026, 06:47:50,844
GEOR20066,Pako Forever,8102,02/15/2026, 07:37:25,844
GEOR20066,Pako Forever,8102,02/15/2026, 08:30:08,844
GEOR20066,Pako Forever,8102,02/15/2026, 09:29:33,844
GEOR20066,Pako Forever,8102,02/15/2026, 10:23:15,844
GEOR20066,Pako Forever,8102,02/15/2026, 11:20:53,844
GEOR20066,Pako Forever,8102,02/15/2026, 13:43:51,844
GEOR20066,Pako Forever,8102,02/15/2026, 14:25:02,844
GEOR20066,Pako Forever,8102,02/15/2026, 15:22:41,844
GEOR20066,Pako Forever,8102,02/15/2026, 16:26:14,844
GEOR20066,Pako Forever,8102,02/15/2026, 17:24:13,844
GEOR20066,Pako Forever,8103,02/15/2026, 18:32:03,844
GEOR20066,Pako Forever,8103,02/15/2026, 19:23:27,844
GEOR20066,Pako Forever,8104,02/15/2026, 20:23:21,844
GEOR20066,Pako Forever,8104,02/15/2026, 21:22:14,844
GEOR20066,Pako Forever,8104,02/15/2026, 22:21:18,844
GEOR20066,Pako Forever,8104,02/15/2026, 23:23:28,844
GEOR20066,Pako Forever,8104,02/16/2026, 01:53:32,844
GEOR20066,Pako Forever,8104,02/16/2026, 04:24:24,844
GEOR20066,Pako Forever,8104,02/16/2026, 06:05:14,844
GEOR20066,Pako Forever,8105,02/16/2026, 07:52:41,844
GEOR20066,Pako Forever,8105,02/16/2026, 08:43:56,844
GEOR20066,Pako Forever,8105,02/16/2026, 09:51:25,844
GEOR20066,Pako Forever,8105,02/16/2026, 10:46:36,844
GEOR20066,Pako Forever,8106,02/16/2026, 11:38:46,844
GEOR20066,Pako Forever,8107,02/16/2026, 12:56:45,844
GEOR20066,Pako Forever,8107,02/16/2026, 14:05:33,844
GEOR20066,Pako Forever,8108,02/16/2026, 15:39:04,844
GEOR20066,Pako Forever,8108,02/16/2026, 16:39:59,844
GEOR20066,Pako Forever,8108,02/16/2026, 17:36:37,844
GEOR20066,Pako Forever,8108,02/16/2026, 18:39:08,844
GEOR20066,Pako Forever,8108,02/16/2026, 19:31:29,844
GEOR20066,Pako Forever,8108,02/16/2026, 20:27:54,844
GEOR20066,Pako Forever,8108,02/16/2026, 22:25:05,844
GEOR20066,Pako Forever,8108,02/16/2026, 23:27:04,844
GEOR20066,Pako Forever,8108,02/17/2026, 01:51:39,844
GEOR20066,Pako Forever,8108,02/17/2026, 04:17:59,844
GEOR20066,Pako Forever,8108,02/17/2026, 06:55:50,844
GEOR20066,Pako Forever,8108,02/17/2026, 07:49:53,844
GEOR20066,Pako Forever,8108,02/17/2026, 08:41:17,844
GEOR20066,Pako Forever,8108,02/17/2026, 09:45:12,844
GEOR20066,Pako Forever,8108,02/17/2026, 10:42:36,844
GEOR20066,Pako Forever,8108,02/17/2026, 11:38:35,844
GEOR20066,Pako Forever,8108,02/17/2026, 12:57:04,844
GEOR20066,Pako Forever,8108,02/17/2026, 14:06:30,844
GEOR20066,Pako Forever,8108,02/17/2026, 15:50:49,844
GEOR20066,Pako Forever,8108,02/17/2026, 16:54:57,844
GEOR20066,Pako Forever,8108,02/17/2026, 17:55:03,844
GEOR20066,Pako Forever,8108,02/17/2026, 19:45:23,844
GEOR20066,Pako Forever,8108,02/17/2026, 20:34:14,844
GEOR20066,Pako Forever,8108,02/17/2026, 21:33:11,844
GEOR20066,Pako Forever,8108,02/17/2026, 22:28:35,844
GEOR20066,Pako Forever,8108,02/17/2026, 23:26:24,844
GEOR20066,Pako Forever,8108,02/18/2026, 01:55:07,844
GEOR20066,Pako Forever,8108,02/18/2026, 05:59:42,844
GEOR20066,Pako Forever,8108,02/18/2026, 07:04:27,844
GEOR20066,Pako Forever,8108,02/18/2026, 08:41:20,844
GEOR20066,Pako Forever,8108,02/18/2026, 09:43:56,844
GEOR20066,Pako Forever,8108,02/18/2026, 10:41:39,844
GEOR20066,Pako Forever,8108,02/18/2026, 11:37:18,844
GEOR20066,Pako Forever,8108,02/18/2026, 13:03:08,844
GEOR20066,Pako Forever,8108,02/18/2026, 14:07:35,844
GEOR20066,Pako Forever,8109,02/18/2026, 15:49:16,844
GEOR20066,Pako Forever,8109,02/18/2026, 17:00:12,844
GEOR20066,Pako Forever,8109,02/18/2026, 17:54:26,844
GEOR20066,Pako Forever,8109,02/18/2026, 18:50:56,844
GEOR20066,Pako Forever,8109,02/18/2026, 19:46:08,844
GEOR20066,Pako Forever,8109,02/18/2026, 20:36:20,844
GEOR20066,Pako Forever,8109,02/18/2026, 21:32:56,844
GEOR20066,Pako Forever,8109,02/18/2026, 22:30:06,844
GEOR20066,Pako Forever,8109,02/18/2026, 23:27:21,844
GEOR20066,Pako Forever,8109,02/19/2026, 01:54:07,844
GEOR20066,Pako Forever,8109,02/19/2026, 04:19:13,844
GEOR20066,Pako Forever,8109,02/19/2026, 05:57:39,844
GEOR20066,Pako Forever,8109,02/19/2026, 06:58:08,844
GEOR20066,Pako Forever,8109,02/19/2026, 07:49:44,844
GEOR20066,Pako Forever,8109,02/19/2026, 08:40:21,844
GEOR20066,Pako Forever,8109,02/19/2026, 09:42:28,844
GEOR20066,Pako Forever,8109,02/19/2026, 10:40:17,844
GEOR20066,Pako Forever,8109,02/19/2026, 11:37:21,844
GEOR20066,Pako Forever,8109,02/19/2026, 12:58:43,844
GEOR20066,Pako Forever,8109,02/19/2026, 15:45:23,844
GEOR20066,Pako Forever,8109,02/19/2026, 16:48:30,844
GEOR20066,Pako Forever,8109,02/19/2026, 17:48:32,844
GEOR20066,Pako Forever,8109,02/19/2026, 19:38:36,844
GEOR20066,Pako Forever,8109,02/19/2026, 20:29:32,844
GEOR20066,Pako Forever,8111,02/19/2026, 22:29:18,844
GEOR20066,Pako Forever,8112,02/19/2026, 23:27:57,844
GEOR20066,Pako Forever,8112,02/20/2026, 01:50:41,844
GEOR20066,Pako Forever,8113,02/20/2026, 04:13:48,844
GEOR20066,Pako Forever,8113,02/20/2026, 05:52:27,844
GEOR20066,Pako Forever,8113,02/20/2026, 06:53:27,844
GEOR20066,Pako Forever,8113,02/20/2026, 07:46:09,844
GEOR20066,Pako Forever,8113,02/20/2026, 08:38:09,844
GEOR20066,Pako Forever,8113,02/20/2026, 09:38:24,844
GEOR20066,Pako Forever,8113,02/20/2026, 10:39:48,844
GEOR20066,Pako Forever,8113,02/20/2026, 11:30:43,844
GEOR20066,Pako Forever,8115,02/20/2026, 12:53:05,844
GEOR20066,Pako Forever,8115,02/20/2026, 14:00:17,844
GEOR20066,Pako Forever,8115,02/20/2026, 14:42:45,844
GEOR20066,Pako Forever,8115,02/20/2026, 15:35:47,844
GEOR20066,Pako Forever,8115,02/20/2026, 16:34:54,844
GEOR20066,Pako Forever,8115,02/20/2026, 17:40:59,844
GEOR20066,Pako Forever,8115,02/20/2026, 18:42:34,844
GEOR20066,Pako Forever,8115,02/20/2026, 19:36:06,844
GEOR20066,Pako Forever,8115,02/20/2026, 20:28:20,844
GEOR20066,Pako Forever,8116,02/20/2026, 21:22:25,844
GEOR20066,Pako Forever,8116,02/20/2026, 22:22:52,844
GEOR20066,Pako Forever,8116,02/20/2026, 23:26:55,844
GEOR20066,Pako Forever,8116,02/21/2026, 01:45:54,844
GEOR20066,Pako Forever,8116,02/21/2026, 04:05:21,844
GEOR20066,Pako Forever,8116,02/21/2026, 05:40:27,844
GEOR20066,Pako Forever,8116,02/21/2026, 06:38:39,844
GEOR20066,Pako Forever,8116,02/21/2026, 07:31:06,844
GEOR20066,Pako Forever,8116,02/21/2026, 08:27:32,844
GEOR20066,Pako Forever,8116,02/21/2026, 09:27:49,844
GEOR20066,Pako Forever,8116,02/21/2026, 10:23:29,844
GEOR20066,Pako Forever,8116,02/21/2026, 11:20:45,844
GEOR20066,Pako Forever,8117,02/21/2026, 12:40:04,844
GEOR20066,Pako Forever,8117,02/21/2026, 13:41:22,844
GEOR20066,Pako Forever,8117,02/21/2026, 14:24:00,844
GEOR20066,Pako Forever,8117,02/21/2026, 15:22:57,844
GEOR20066,Pako Forever,8117,02/21/2026, 16:25:14,844
GEOR20066,Pako Forever,8118,02/21/2026, 17:23:18,844
GEOR20066,Pako Forever,8118,02/21/2026, 18:31:01,844
GEOR20066,Pako Forever,8118,02/21/2026, 19:22:13,844
GEOR20066,Pako Forever,8118,02/21/2026, 20:22:01,844
GEOR20066,Pako Forever,8118,02/21/2026, 21:21:39,844
GEOR20066,Pako Forever,8118,02/21/2026, 22:20:48,844
GEOR20066,Pako Forever,8119,02/21/2026, 23:21:38,844
GEOR20066,Pako Forever,8120,02/22/2026, 01:53:06,844
GEOR20066,Pako Forever,8120,02/22/2026, 04:15:36,844
GEOR20066,Pako Forever,8120,02/22/2026, 05:49:36,844
GEOR20066,Pako Forever,8120,02/22/2026, 06:43:38,844
GEOR20066,Pako Forever,8120,02/22/2026, 07:35:09,844
GEOR20066,Pako Forever,8120,02/22/2026, 08:29:01,844
GEOR20066,Pako Forever,8120,02/22/2026, 09:28:28,844
GEOR20066,Pako Forever,8120,02/22/2026, 11:20:24,844
GEOR20066,Pako Forever,8120,02/22/2026, 12:42:19,844
GEOR20066,Pako Forever,8120,02/22/2026, 13:42:38,844
GEOR20066,Pako Forever,8120,02/22/2026, 14:24:18,844
GEOR20066,Pako Forever,8120,02/22/2026, 15:22:57,844
GEOR20066,Pako Forever,8120,02/22/2026, 16:27:18,844
GEOR20066,Pako Forever,8121,02/22/2026, 17:24:35,844
GEOR20066,Pako Forever,8121,02/22/2026, 18:31:43,844
GEOR20066,Pako Forever,8121,02/22/2026, 19:22:33,844
GEOR20066,Pako Forever,8121,02/22/2026, 20:23:11,844
GEOR20066,Pako Forever,8121,02/22/2026, 21:22:25,844
GEOR20066,Pako Forever,8121,02/22/2026, 22:21:07,844
GEOR20066,Pako Forever,8122,02/22/2026, 23:23:17,844
GEOR20066,Pako Forever,8123,02/23/2026, 01:54:28,844
GEOR20066,Pako Forever,8124,02/23/2026, 04:23:23,844
GEOR20066,Pako Forever,8124,02/23/2026, 06:04:39,844
GEOR20066,Pako Forever,8124,02/23/2026, 07:53:50,844
GEOR20066,Pako Forever,8124,02/23/2026, 08:45:28,844
GEOR20066,Pako Forever,8124,02/23/2026, 09:53:09,844
GEOR20066,Pako Forever,8124,02/23/2026, 10:47:34,844
GEOR20066,Pako Forever,8124,02/23/2026, 11:38:59,844
GEOR20066,Pako Forever,8124,02/23/2026, 12:57:57,844
GEOR20066,Pako Forever,8124,02/23/2026, 14:07:48,844
GEOR20066,Pako Forever,8125,02/23/2026, 15:42:40,844
GEOR20066,Pako Forever,8125,02/23/2026, 17:59:50,844
GEOR20066,Pako Forever,8125,02/23/2026, 19:07:08,844
GEOR20066,Pako Forever,8125,02/23/2026, 20:42:32,844
GEOR20066,Pako Forever,8125,02/23/2026, 21:42:11,844
GEOR20066,Pako Forever,8125,02/23/2026, 22:39:02,844
GEOR20066,Pako Forever,8125,02/23/2026, 23:33:32,844
GEOR20066,Pako Forever,8125,02/24/2026, 01:51:34,844
GEOR20066,Pako Forever,8126,02/24/2026, 04:17:16,844
GEOR20066,Pako Forever,8126,02/24/2026, 05:57:36,844
GEOR20066,Pako Forever,8126,02/24/2026, 06:57:46,844
GEOR20066,Pako Forever,8126,02/24/2026, 07:50:47,844
GEOR20066,Pako Forever,8126,02/24/2026, 08:42:52,844
GEOR20066,Pako Forever,8126,02/24/2026, 09:50:06,844
GEOR20066,Pako Forever,8126,02/24/2026, 10:45:51,844
GEOR20066,Pako Forever,8126,02/24/2026, 11:39:35,844
GEOR20066,Pako Forever,8126,02/24/2026, 12:59:18,844
GEOR20066,Pako Forever,8126,02/24/2026, 14:12:45,844
GEOR20066,Pako Forever,8126,02/24/2026, 15:54:58,844
GEOR20066,Pako Forever,8126,02/24/2026, 17:07:58,844
GEOR20066,Pako Forever,8126,02/24/2026, 18:58:05,844
GEOR20066,Pako Forever,8126,02/24/2026, 19:49:16,844
GEOR20066,Pako Forever,8126,02/24/2026, 20:31:53,844
GEOR20066,Pako Forever,8126,02/24/2026, 21:32:00,844
GEOR20066,Pako Forever,8127,02/24/2026, 22:30:57,844
GEOR20066,Pako Forever,8127,02/24/2026, 23:29:31,844
GEOR20066,Pako Forever,8127,02/25/2026, 01:54:01,844
GEOR20066,Pako Forever,8128,02/25/2026, 04:19:35,844
GEOR20066,Pako Forever,8128,02/25/2026, 05:59:43,844
GEOR20066,Pako Forever,8128,02/25/2026, 07:06:30,844
GEOR20066,Pako Forever,8128,02/25/2026, 08:44:51,844
GEOR20066,Pako Forever,8128,02/25/2026, 09:52:20,844
GEOR20066,Pako Forever,8128,02/25/2026, 10:48:15,844
GEOR20066,Pako Forever,8128,02/25/2026, 11:39:09,844
GEOR20066,Pako Forever,8129,02/25/2026, 12:58:21,844
GEOR20066,Pako Forever,8129,02/25/2026, 14:09:44,844
GEOR20066,Pako Forever,8129,02/25/2026, 16:00:05,844
GEOR20066,Pako Forever,8129,02/25/2026, 17:10:55,844
GEOR20066,Pako Forever,8129,02/25/2026, 19:02:33,844
GEOR20066,Pako Forever,8129,02/25/2026, 19:54:05,844
GEOR20066,Pako Forever,8129,02/25/2026, 20:32:53,844
GEOR20066,Pako Forever,8130,02/25/2026, 21:33:12,844
GEOR20066,Pako Forever,8131,02/25/2026, 22:30:31,844
GEOR20066,Pako Forever,8131,02/25/2026, 23:26:20,844
GEOR20066,Pako Forever,8131,02/26/2026, 01:49:32,844
GEOR20066,Pako Forever,8131,02/26/2026, 04:15:13,844
GEOR20066,Pako Forever,8131,02/26/2026, 05:56:20,844
GEOR20066,Pako Forever,8131,02/26/2026, 08:42:45,844
GEOR20066,Pako Forever,8131,02/26/2026, 09:46:05,844
GEOR20066,Pako Forever,8131,02/26/2026, 10:42:38,844
GEOR20066,Pako Forever,8131,02/26/2026, 11:38:36,844
GEOR20066,Pako Forever,8131,02/26/2026, 12:59:26,844
GEOR20066,Pako Forever,8131,02/26/2026, 14:10:48,844
GEOR20066,Pako Forever,8131,02/26/2026, 16:55:32,844
GEOR20066,Pako Forever,8131,02/26/2026, 17:56:14,844
GEOR20066,Pako Forever,8131,02/26/2026, 18:54:08,844
GEOR20066,Pako Forever,8131,02/26/2026, 19:43:00,844
GEOR20066,Pako Forever,8131,02/26/2026, 20:34:20,844
GEOR20066,Pako Forever,8131,02/26/2026, 21:31:02,844
GEOR20066,Pako Forever,8131,02/26/2026, 22:31:12,844
GEOR20066,Pako Forever,8131,02/26/2026, 23:27:46,844
GEOR20066,Pako Forever,8132,02/27/2026, 01:48:29,844
GEOR20066,Pako Forever,8132,02/27/2026, 04:11:47,844
GEOR20066,Pako Forever,8133,02/27/2026, 05:50:41,844
GEOR20066,Pako Forever,8133,02/27/2026, 06:49:45,844
GEOR20066,Pako Forever,8133,02/27/2026, 08:38:18,844
GEOR20066,Pako Forever,8133,02/27/2026, 09:38:22,844
GEOR20066,Pako Forever,8133,02/27/2026, 10:35:20,844
GEOR20066,Pako Forever,8133,02/27/2026, 11:30:37,844
GEOR20066,Pako Forever,8133,02/27/2026, 12:53:19,844
GEOR20066,Pako Forever,8133,02/27/2026, 13:59:32,844
GEOR20066,Pako Forever,8133,02/27/2026, 14:41:02,844
GEOR20066,Pako Forever,8133,02/27/2026, 15:36:06,844
GEOR20066,Pako Forever,8133,02/27/2026, 16:38:14,844
GEOR20066,Pako Forever,8134,02/27/2026, 17:33:47,844
GEOR20066,Pako Forever,8134,02/27/2026, 18:38:08,844
GEOR20066,Pako Forever,8134,02/27/2026, 20:25:14,844
GEOR20066,Pako Forever,8134,02/27/2026, 21:27:32,844
GEOR20066,Pako Forever,8134,02/27/2026, 22:20:52,844
GEOR20066,Pako Forever,8134,02/27/2026, 23:22:31,844
GEOR20066,Pako Forever,8135,02/28/2026, 01:29:51,844
GEOR20066,Pako Forever,8136,02/28/2026, 03:52:48,844
GEOR20066,Pako Forever,8137,02/28/2026, 04:53:58,844
GEOR20066,Pako Forever,8137,02/28/2026, 05:32:10,844
GEOR20066,Pako Forever,8137,02/28/2026, 06:34:44,844
GEOR20066,Pako Forever,8137,02/28/2026, 07:25:05,844
GEOR20066,Pako Forever,8137,02/28/2026, 08:25:37,844
GEOR20066,Pako Forever,8137,02/28/2026, 09:24:07,844
GEOR20066,Pako Forever,8137,02/28/2026, 10:21:29,844
GEOR20066,Pako Forever,8137,02/28/2026, 11:18:18,844
GEOR20066,Pako Forever,8137,02/28/2026, 12:39:28,844
GEOR20066,Pako Forever,8137,02/28/2026, 13:35:41,844
GEOR20066,Pako Forever,8137,02/28/2026, 14:20:05,844
GEOR20066,Pako Forever,8138,02/28/2026, 15:19:58,844
GEOR20066,Pako Forever,8138,02/28/2026, 16:23:11,844
GEOR20066,Pako Forever,8138,02/28/2026, 17:19:21,844
GEOR20066,Pako Forever,8138,02/28/2026, 18:29:40,844
GEOR20066,Pako Forever,8138,02/28/2026, 19:19:43,844
GEOR20066,Pako Forever,8139,02/28/2026, 20:23:04,844
GEOR20066,Pako Forever,8139,02/28/2026, 21:19:00,844
GEOR20066,Pako Forever,8139,02/28/2026, 22:20:22,844
GEOR20066,Pako Forever,8141,02/28/2026, 23:19:53,844
GEOR20066,Pako Forever,8141,03/01/2026, 02:00:14,844
GEOR20066,Pako Forever,8142,03/01/2026, 04:26:08,844
GEOR20066,Pako Forever,8142,03/01/2026, 05:50:09,844
GEOR20066,Pako Forever,8142,03/01/2026, 06:42:24,844
GEOR20066,Pako Forever,8142,03/01/2026, 07:32:10,844
GEOR20066,Pako Forever,8142,03/01/2026, 08:28:22,844
GEOR20066,Pako Forever,8142,03/01/2026, 09:27:56,844
GEOR20066,Pako Forever,8142,03/01/2026, 10:22:45,844
GEOR20066,Pako Forever,8142,03/01/2026, 11:19:30,844
GEOR20066,Pako Forever,8142,03/01/2026, 12:41:35,844
GEOR20066,Pako Forever,8142,03/01/2026, 13:38:03,844
GEOR20066,Pako Forever,8142,03/01/2026, 14:22:44,844
GEOR20066,Pako Forever,8142,03/01/2026, 15:21:25,844
GEOR20066,Pako Forever,8142,03/01/2026, 16:24:31,844
GEOR20066,Pako Forever,8142,03/01/2026, 17:21:22,844
GEOR20066,Pako Forever,8142,03/01/2026, 18:30:02,844
GEOR20066,Pako Forever,8142,03/01/2026, 19:21:55,844
GEOR20066,Pako Forever,8143,03/01/2026, 20:23:35,844
GEOR20066,Pako Forever,8143,03/01/2026, 21:21:02,844
GEOR20066,Pako Forever,8144,03/01/2026, 22:21:56,844
GEOR20066,Pako Forever,8145,03/01/2026, 23:21:21,844
GEOR20066,Pako Forever,8146,03/02/2026, 01:51:26,844
GEOR20066,Pako Forever,8148,03/02/2026, 04:17:28,844
GEOR20066,Pako Forever,8148,03/02/2026, 05:51:27,844
GEOR20066,Pako Forever,8148,03/02/2026, 06:59:31,844
GEOR20066,Pako Forever,8148,03/02/2026, 07:48:19,844
GEOR20066,Pako Forever,8148,03/02/2026, 08:41:27,844
GEOR20066,Pako Forever,8148,03/02/2026, 09:45:18,844
GEOR20066,Pako Forever,8148,03/02/2026, 10:41:34,844
GEOR20066,Pako Forever,8148,03/02/2026, 11:31:05,844
GEOR20066,Pako Forever,8148,03/02/2026, 12:52:55,844
GEOR20066,Pako Forever,8148,03/02/2026, 13:59:46,844
GEOR20066,Pako Forever,8148,03/02/2026, 14:44:54,844
GEOR20066,Pako Forever,8148,03/02/2026, 15:40:06,844
GEOR20066,Pako Forever,8148,03/02/2026, 16:41:19,844
GEOR20066,Pako Forever,8148,03/02/2026, 17:42:32,844
GEOR20066,Pako Forever,8148,03/02/2026, 18:41:58,844
GEOR20066,Pako Forever,8148,03/02/2026, 19:36:01,844
GEOR20066,Pako Forever,8149,03/02/2026, 20:39:42,844
GEOR20066,Pako Forever,8149,03/02/2026, 21:30:40,844
GEOR20066,Pako Forever,8149,03/02/2026, 22:25:22,844
GEOR20066,Pako Forever,8149,03/02/2026, 23:23:46,844
GEOR20066,Pako Forever,8150,03/03/2026, 01:53:35,844
GEOR20066,Pako Forever,8150,03/03/2026, 04:13:54,844
GEOR20066,Pako Forever,8150,03/03/2026, 05:46:53,844
GEOR20066,Pako Forever,8150,03/03/2026, 06:46:58,844
GEOR20066,Pako Forever,8150,03/03/2026, 07:41:33,844
GEOR20066,Pako Forever,8150,03/03/2026, 08:42:54,844
GEOR20066,Pako Forever,8150,03/03/2026, 09:39:05,844
GEOR20066,Pako Forever,8150,03/03/2026, 10:36:33,844
GEOR20066,Pako Forever,8150,03/03/2026, 11:31:06,844
GEOR20066,Pako Forever,8150,03/03/2026, 12:51:21,844
GEOR20066,Pako Forever,8150,03/03/2026, 13:59:11,844
GEOR20066,Pako Forever,8150,03/03/2026, 14:43:58,844
GEOR20066,Pako Forever,8151,03/03/2026, 15:44:29,844
GEOR20066,Pako Forever,8151,03/03/2026, 16:43:20,844
GEOR20066,Pako Forever,8151,03/03/2026, 17:42:08,844
GEOR20066,Pako Forever,8151,03/03/2026, 18:43:28,844
GEOR20066,Pako Forever,8152,03/03/2026, 20:30:05,844
GEOR20066,Pako Forever,8153,03/03/2026, 21:31:43,844
GEOR20066,Pako Forever,8153,03/03/2026, 22:26:31,844
GEOR20066,Pako Forever,8153,03/03/2026, 23:24:40,844
GEOR20066,Pako Forever,8153,03/04/2026, 01:48:04,844
GEOR20066,Pako Forever,8153,03/04/2026, 04:07:39,844
GEOR20066,Pako Forever,8153,03/04/2026, 06:42:53,844
GEOR20066,Pako Forever,8153,03/04/2026, 07:37:22,844
GEOR20066,Pako Forever,8153,03/04/2026, 08:36:14,844
GEOR20066,Pako Forever,8153,03/04/2026, 09:38:05,844
GEOR20066,Pako Forever,8153,03/04/2026, 10:34:34,844
GEOR20066,Pako Forever,8153,03/04/2026, 11:34:10,844
GEOR20066,Pako Forever,8153,03/04/2026, 12:50:03,844
GEOR20066,Pako Forever,8153,03/04/2026, 13:57:14,844
GEOR20066,Pako Forever,8153,03/04/2026, 14:38:08,844
GEOR20066,Pako Forever,8153,03/04/2026, 15:37:58,844
GEOR20066,Pako Forever,8153,03/04/2026, 16:40:32,844
GEOR20066,Pako Forever,8153,03/04/2026, 17:37:28,844
GEOR20066,Pako Forever,8153,03/04/2026, 18:43:59,844
GEOR20066,Pako Forever,8153,03/04/2026, 19:37:40,844
GEOR20066,Pako Forever,8153,03/04/2026, 20:30:07,844
GEOR20066,Pako Forever,8153,03/04/2026, 21:32:36,844
GEOR20066,Pako Forever,8153,03/04/2026, 22:29:07,844
GEOR20066,Pako Forever,8153,03/04/2026, 23:27:51,844
GEOR20066,Pako Forever,8154,03/05/2026, 01:50:34,844
GEOR20066,Pako Forever,8155,03/05/2026, 04:10:47,844
GEOR20066,Pako Forever,8155,03/05/2026, 05:45:38,844
GEOR20066,Pako Forever,8155,03/05/2026, 06:47:35,844
GEOR20066,Pako Forever,8155,03/05/2026, 07:41:00,844
GEOR20066,Pako Forever,8155,03/05/2026, 08:37:38,844
GEOR20066,Pako Forever,8155,03/05/2026, 09:40:09,844
GEOR20066,Pako Forever,8155,03/05/2026, 10:36:28,844
GEOR20066,Pako Forever,8155,03/05/2026, 11:32:44,844
GEOR20066,Pako Forever,8155,03/05/2026, 12:54:31,844
GEOR20066,Pako Forever,8155,03/05/2026, 14:00:39,844
GEOR20066,Pako Forever,8155,03/05/2026, 14:53:22,844
GEOR20066,Pako Forever,8155,03/05/2026, 15:48:09,844
GEOR20066,Pako Forever,8155,03/05/2026, 18:01:26,844
GEOR20066,Pako Forever,8155,03/05/2026, 19:23:01,844
GEOR20066,Pako Forever,8155,03/05/2026, 20:35:15,844
GEOR20066,Pako Forever,8155,03/05/2026, 21:32:02,844
GEOR20066,Pako Forever,8156,03/05/2026, 22:28:57,844
GEOR20066,Pako Forever,8156,03/05/2026, 23:49:57,844
GEOR20066,Pako Forever,8157,03/06/2026, 01:51:49,844
GEOR20066,Pako Forever,8157,03/06/2026, 04:08:31,844
GEOR20066,Pako Forever,8157,03/06/2026, 05:43:23,844
GEOR20066,Pako Forever,8157,03/06/2026, 06:43:25,844
GEOR20066,Pako Forever,8157,03/06/2026, 07:37:36,844
GEOR20066,Pako Forever,8157,03/06/2026, 08:34:53,844
GEOR20066,Pako Forever,8157,03/06/2026, 09:35:44,844
GEOR20066,Pako Forever,8157,03/06/2026, 10:32:11,844
GEOR20066,Pako Forever,8157,03/06/2026, 11:27:04,844
GEOR20066,Pako Forever,8157,03/06/2026, 12:53:15,844
GEOR20066,Pako Forever,8157,03/06/2026, 13:53:50,844
GEOR20066,Pako Forever,8157,03/06/2026, 14:36:12,844
GEOR20066,Pako Forever,8157,03/06/2026, 15:35:01,844
GEOR20066,Pako Forever,8157,03/06/2026, 16:37:34,844
GEOR20066,Pako Forever,8157,03/06/2026, 17:33:24,844
GEOR20066,Pako Forever,8158,03/06/2026, 19:32:52,844
GEOR20066,Pako Forever,8159,03/06/2026, 20:34:32,844
GEOR20066,Pako Forever,8159,03/06/2026, 21:27:48,844
GEOR20066,Pako Forever,8159,03/06/2026, 22:25:42,844
GEOR20066,Pako Forever,8159,03/06/2026, 23:26:18,844
GEOR20066,Pako Forever,8159,03/07/2026, 01:43:57,844
GEOR20066,Pako Forever,8159,03/07/2026, 03:58:58,844
GEOR20066,Pako Forever,8159,03/07/2026, 05:01:40,844
GEOR20066,Pako Forever,8159,03/07/2026, 05:44:43,844
GEOR20066,Pako Forever,8159,03/07/2026, 07:27:34,844
GEOR20066,Pako Forever,8159,03/07/2026, 08:27:53,844
GEOR20066,Pako Forever,8160,03/07/2026, 09:26:57,844
GEOR20066,Pako Forever,8161,03/07/2026, 12:40:13,844
GEOR20066,Pako Forever,8161,03/07/2026, 13:37:31,844
GEOR20066,Pako Forever,8161,03/07/2026, 14:22:02,844
GEOR20066,Pako Forever,8161,03/07/2026, 15:21:37,844
GEOR20066,Pako Forever,8162,03/07/2026, 16:24:15,844
GEOR20066,Pako Forever,8162,03/07/2026, 17:19:53,844
GEOR20066,Pako Forever,8162,03/07/2026, 18:30:11,844
GEOR20066,Pako Forever,8162,03/07/2026, 19:20:26,844
GEOR20066,Pako Forever,8162,03/07/2026, 20:22:45,844
GEOR20066,Pako Forever,8163,03/07/2026, 21:19:07,844
GEOR20066,Pako Forever,8163,03/07/2026, 22:20:50,844
GEOR20066,Pako Forever,8163,03/07/2026, 23:20:16,844
GEOR20066,Pako Forever,8163,03/08/2026, 01:51:24,844
GEOR20066,Pako Forever,8163,03/08/2026, 04:09:52,844
GEOR20066,Pako Forever,8163,03/08/2026, 05:41:34,844
GEOR20066,Pako Forever,8163,03/08/2026, 06:39:23,844
GEOR20066,Pako Forever,8164,03/08/2026, 07:30:03,844
GEOR20066,Pako Forever,8166,03/08/2026, 08:28:26,844
GEOR20066,Pako Forever,8166,03/08/2026, 09:27:25,844
GEOR20066,Pako Forever,8166,03/08/2026, 10:22:48,844
GEOR20066,Pako Forever,8166,03/08/2026, 11:19:43,844
GEOR20066,Pako Forever,8166,03/08/2026, 12:41:51,844
GEOR20066,Pako Forever,8166,03/08/2026, 13:38:46,844
GEOR20066,Pako Forever,8166,03/08/2026, 14:23:08,844
GEOR20066,Pako Forever,8167,03/08/2026, 15:21:40,844
GEOR20066,Pako Forever,8167,03/08/2026, 16:24:31,844
GEOR20066,Pako Forever,8168,03/08/2026, 17:21:05,844
GEOR20066,Pako Forever,8168,03/08/2026, 18:30:16,844
GEOR20066,Pako Forever,8168,03/08/2026, 19:22:17,844
GEOR20066,Pako Forever,8168,03/08/2026, 20:23:04,844
GEOR20066,Pako Forever,8168,03/08/2026, 21:26:12,844
GEOR20066,Pako Forever,8168,03/08/2026, 22:21:04,844
GEOR20066,Pako Forever,8168,03/08/2026, 23:21:21,844
GEOR20066,Pako Forever,8168,03/09/2026, 01:52:28,844
GEOR20066,Pako Forever,8168,03/09/2026, 04:15:26,844
GEOR20066,Pako Forever,8168,03/09/2026, 05:56:19,844
GEOR20066,Pako Forever,8168,03/09/2026, 06:58:46,844
GEOR20066,Pako Forever,8168,03/09/2026, 07:51:17,844
GEOR20066,Pako Forever,8168,03/09/2026, 08:41:04,844
GEOR20066,Pako Forever,8168,03/09/2026, 10:42:41,844
GEOR20066,Pako Forever,8168,03/09/2026, 11:33:49,844
GEOR20066,Pako Forever,8168,03/09/2026, 12:56:02,844
GEOR20066,Pako Forever,8168,03/09/2026, 14:05:17,844
GEOR20066,Pako Forever,8168,03/09/2026, 15:56:25,844
GEOR20066,Pako Forever,8168,03/09/2026, 16:55:09,844
GEOR20066,Pako Forever,8168,03/09/2026, 17:45:17,844
GEOR20066,Pako Forever,8168,03/09/2026, 18:47:49,844
GEOR20066,Pako Forever,8168,03/09/2026, 19:39:32,844
GEOR20066,Pako Forever,8168,03/09/2026, 20:31:04,844
GEOR20066,Pako Forever,8168,03/09/2026, 21:30:53,844
GEOR20066,Pako Forever,8168,03/09/2026, 22:26:11,844
GEOR20066,Pako Forever,8169,03/09/2026, 23:25:44,844
GEOR20066,Pako Forever,8169,03/10/2026, 01:45:55,844
GEOR20066,Pako Forever,8169,03/10/2026, 04:07:54,844
GEOR20066,Pako Forever,8170,03/10/2026, 05:43:54,844
GEOR20066,Pako Forever,8170,03/10/2026, 06:44:16,844
GEOR20066,Pako Forever,8170,03/10/2026, 07:39:50,844
GEOR20066,Pako Forever,8170,03/10/2026, 09:41:22,844
GEOR20066,Pako Forever,8171,03/10/2026, 10:36:49,844
GEOR20066,Pako Forever,8171,03/10/2026, 11:31:09,844
GEOR20066,Pako Forever,8171,03/10/2026, 12:54:21,844
GEOR20066,Pako Forever,8171,03/10/2026, 14:00:50,844
GEOR20066,Pako Forever,8171,03/10/2026, 15:01:48,844
GEOR20066,Pako Forever,8171,03/10/2026, 16:03:21,844
GEOR20066,Pako Forever,8171,03/10/2026, 16:56:22,844
GEOR20066,Pako Forever,8171,03/10/2026, 17:44:25,844
GEOR20066,Pako Forever,8171,03/10/2026, 18:43:21,844
GEOR20066,Pako Forever,8171,03/10/2026, 19:37:28,844
GEOR20066,Pako Forever,8171,03/10/2026, 20:31:52,844
GEOR20066,Pako Forever,8172,03/10/2026, 21:27:38,844
GEOR20066,Pako Forever,8172,03/10/2026, 22:25:57,844
GEOR20066,Pako Forever,8172,03/10/2026, 23:25:32,844
GEOR20066,Pako Forever,8173,03/11/2026, 01:45:48,844
GEOR20066,Pako Forever,8173,03/11/2026, 04:08:31,844
GEOR20066,Pako Forever,8173,03/11/2026, 05:46:28,844
GEOR20066,Pako Forever,8173,03/11/2026, 06:48:17,844
GEOR20066,Pako Forever,8173,03/11/2026, 07:42:20,844
GEOR20066,Pako Forever,8173,03/11/2026, 08:37:34,844
GEOR20066,Pako Forever,8174,03/11/2026, 10:36:23,844
GEOR20066,Pako Forever,8174,03/11/2026, 11:31:32,844
GEOR20066,Pako Forever,8174,03/11/2026, 12:54:07,844
GEOR20066,Pako Forever,8174,03/11/2026, 14:05:16,844
GEOR20066,Pako Forever,8175,03/11/2026, 15:45:35,844
GEOR20066,Pako Forever,8175,03/11/2026, 16:47:51,844
GEOR20066,Pako Forever,8175,03/11/2026, 17:46:55,844
GEOR20066,Pako Forever,8175,03/11/2026, 18:50:43,844
GEOR20066,Pako Forever,8175,03/11/2026, 19:41:19,844
GEOR20066,Pako Forever,8175,03/11/2026, 20:31:47,844
GEOR20066,Pako Forever,8175,03/11/2026, 21:30:42,844
GEOR20066,Pako Forever,8176,03/11/2026, 22:25:08,844
GEOR20066,Pako Forever,8176,03/11/2026, 23:23:23,844
GEOR20066,Pako Forever,8176,03/12/2026, 01:47:18,844
GEOR20066,Pako Forever,8176,03/12/2026, 04:12:27,844
GEOR20066,Pako Forever,8176,03/12/2026, 06:51:21,844
GEOR20066,Pako Forever,8176,03/12/2026, 07:49:44,844
GEOR20066,Pako Forever,8176,03/12/2026, 08:39:33,844
GEOR20066,Pako Forever,8176,03/12/2026, 09:40:15,844
GEOR20066,Pako Forever,8176,03/12/2026, 10:36:37,844
GEOR20066,Pako Forever,8176,03/12/2026, 11:30:39,844
GEOR20066,Pako Forever,8176,03/12/2026, 12:53:45,844
GEOR20066,Pako Forever,8176,03/12/2026, 14:02:33,844
GEOR20066,Pako Forever,8176,03/12/2026, 16:05:01,844
GEOR20066,Pako Forever,8176,03/12/2026, 17:48:01,844
GEOR20066,Pako Forever,8176,03/12/2026, 18:49:55,844
GEOR20066,Pako Forever,8177,03/12/2026, 19:41:15,844
GEOR20066,Pako Forever,8177,03/12/2026, 20:31:34,844
GEOR20066,Pako Forever,8177,03/12/2026, 21:30:24,844
GEOR20066,Pako Forever,8177,03/12/2026, 22:24:18,844
GEOR20066,Pako Forever,8177,03/12/2026, 23:26:12,844
GEOR20066,Pako Forever,8177,03/13/2026, 01:49:39,844
GEOR20066,Pako Forever,8177,03/13/2026, 04:10:43,844
GEOR20066,Pako Forever,8177,03/13/2026, 05:46:57,844
GEOR20066,Pako Forever,8177,03/13/2026, 06:48:31,844
GEOR20066,Pako Forever,8177,03/13/2026, 07:43:50,844
GEOR20066,Pako Forever,8177,03/13/2026, 08:37:03,844
GEOR20066,Pako Forever,8177,03/13/2026, 09:37:24,844
GEOR20066,Pako Forever,8177,03/13/2026, 10:34:02,844
GEOR20066,Pako Forever,8177,03/13/2026, 11:29:26,844
GEOR20066,Pako Forever,8177,03/13/2026, 12:52:56,844
GEOR20066,Pako Forever,8177,03/13/2026, 13:59:48,844
GEOR20066,Pako Forever,8177,03/13/2026, 14:46:14,844
GEOR20066,Pako Forever,8177,03/13/2026, 15:39:59,844
GEOR20066,Pako Forever,8177,03/13/2026, 16:37:16,844
GEOR20066,Pako Forever,8177,03/13/2026, 17:33:15,844
GEOR20066,Pako Forever,8177,03/13/2026, 18:37:40,844
GEOR20066,Pako Forever,8177,03/13/2026, 19:30:05,844
GEOR20066,Pako Forever,8177,03/13/2026, 20:31:56,844
GEOR20066,Pako Forever,8177,03/13/2026, 21:30:46,844
GEOR20066,Pako Forever,8177,03/13/2026, 22:26:07,844
GEOR20066,Pako Forever,8177,03/13/2026, 23:26:03,844
GEOR20066,Pako Forever,8178,03/14/2026, 01:47:34,844
GEOR20066,Pako Forever,8179,03/14/2026, 04:09:08,844
GEOR20066,Pako Forever,8179,03/14/2026, 05:43:40,844
GEOR20066,Pako Forever,8179,03/14/2026, 06:41:41,844
GEOR20066,Pako Forever,8179,03/14/2026, 07:33:52,844
GEOR20066,Pako Forever,8180,03/14/2026, 08:32:09,844
GEOR20066,Pako Forever,8180,03/14/2026, 09:30:31,844
GEOR20066,Pako Forever,8180,03/14/2026, 10:30:49,844
GEOR20066,Pako Forever,8180,03/14/2026, 11:22:04,844
GEOR20066,Pako Forever,8180,03/14/2026, 12:43:43,844
GEOR20066,Pako Forever,8181,03/14/2026, 13:43:44,844
GEOR20066,Pako Forever,8181,03/14/2026, 14:26:11,844
GEOR20066,Pako Forever,8181,03/14/2026, 15:25:13,844
GEOR20066,Pako Forever,8181,03/14/2026, 16:27:58,844
GEOR20066,Pako Forever,8181,03/14/2026, 17:24:52,844
GEOR20066,Pako Forever,8181,03/14/2026, 18:34:19,844
GEOR20066,Pako Forever,8181,03/14/2026, 19:25:24,844
GEOR20066,Pako Forever,8181,03/14/2026, 20:25:12,844
GEOR20066,Pako Forever,8181,03/14/2026, 21:24:32,844
GEOR20066,Pako Forever,8182,03/14/2026, 22:22:54,844
GEOR20066,Pako Forever,8182,03/14/2026, 23:25:34,844
GEOR20066,Pako Forever,8182,03/15/2026, 02:03:14,844
GEOR20066,Pako Forever,8182,03/15/2026, 05:03:50,844
GEOR20066,Pako Forever,8182,03/15/2026, 06:53:22,844
GEOR20066,Pako Forever,8182,03/15/2026, 07:43:46,844
GEOR20066,Pako Forever,8182,03/15/2026, 08:33:47,844
GEOR20066,Pako Forever,8182,03/15/2026, 09:31:49,844
GEOR20066,Pako Forever,8182,03/15/2026, 10:26:41,844
GEOR20066,Pako Forever,8182,03/15/2026, 11:24:22,844
GEOR20066,Pako Forever,8182,03/15/2026, 12:44:27,844
GEOR20066,Pako Forever,8182,03/15/2026, 13:45:12,844
GEOR20066,Pako Forever,8182,03/15/2026, 15:27:17,844
GEOR20066,Pako Forever,8182,03/15/2026, 16:29:05,844
GEOR20066,Pako Forever,8182,03/15/2026, 17:25:37,844
GEOR20066,Pako Forever,8182,03/15/2026, 18:34:50,844
GEOR20066,Pako Forever,8182,03/15/2026, 19:26:43,844
GEOR20066,Pako Forever,8182,03/15/2026, 20:25:56,844
GEOR20066,Pako Forever,8182,03/15/2026, 22:24:35,844
GEOR20066,Pako Forever,8182,03/15/2026, 23:27:30,844
GEOR20066,Pako Forever,8182,03/16/2026, 02:04:39,844
GEOR20066,Pako Forever,8184,03/16/2026, 05:13:15,844
GEOR20066,Pako Forever,8184,03/16/2026, 07:12:43,844
GEOR20066,Pako Forever,8184,03/16/2026, 08:53:28,844
GEOR20066,Pako Forever,8184,03/16/2026, 10:04:20,844
GEOR20066,Pako Forever,8184,03/16/2026, 13:04:09,844
GEOR20066,Pako Forever,8184,03/16/2026, 14:57:12,844
GEOR20066,Pako Forever,8184,03/16/2026, 16:03:47,844
GEOR20066,Pako Forever,8184,03/16/2026, 17:58:33,844
GEOR20066,Pako Forever,8184,03/16/2026, 19:01:44,844
GEOR20066,Pako Forever,8184,03/16/2026, 19:55:17,844
GEOR20066,Pako Forever,8184,03/16/2026, 20:35:56,844
GEOR20066,Pako Forever,8184,03/16/2026, 21:36:49,844
GEOR20066,Pako Forever,8184,03/16/2026, 22:30:18,844
GEOR20066,Pako Forever,8185,03/16/2026, 23:29:50,844
GEOR20066,Pako Forever,8185,03/17/2026, 01:52:03,844
GEOR20066,Pako Forever,8186,03/17/2026, 04:17:18,844
GEOR20066,Pako Forever,8186,03/17/2026, 05:58:00,844
GEOR20066,Pako Forever,8186,03/17/2026, 07:03:15,844
GEOR20066,Pako Forever,8186,03/17/2026, 08:00:22,844
GEOR20066,Pako Forever,8186,03/17/2026, 08:59:18,844
GEOR20066,Pako Forever,8186,03/17/2026, 09:58:37,844
GEOR20066,Pako Forever,8186,03/17/2026, 10:52:43,844
GEOR20066,Pako Forever,8186,03/17/2026, 11:43:14,844
GEOR20066,Pako Forever,8186,03/17/2026, 13:04:58,844
GEOR20066,Pako Forever,8186,03/17/2026, 14:56:29,844
GEOR20066,Pako Forever,8186,03/17/2026, 16:03:17,844
GEOR20066,Pako Forever,8186,03/17/2026, 17:58:54,844
GEOR20066,Pako Forever,8186,03/17/2026, 18:58:13,844
GEOR20066,Pako Forever,8186,03/17/2026, 19:54:34,844
GEOR20066,Pako Forever,8186,03/17/2026, 20:36:42,844
GEOR20066,Pako Forever,8186,03/17/2026, 21:35:42,844
GEOR20066,Pako Forever,8186,03/17/2026, 22:30:48,844
GEOR20066,Pako Forever,8186,03/17/2026, 23:30:20,844
GEOR20066,Pako Forever,8186,03/18/2026, 01:56:16,844
GEOR20066,Pako Forever,8186,03/18/2026, 04:24:14,844
GEOR20066,Pako Forever,8186,03/18/2026, 06:01:38,844
GEOR20066,Pako Forever,8186,03/18/2026, 07:14:43,844
GEOR20066,Pako Forever,8186,03/18/2026, 08:44:13,844
GEOR20066,Pako Forever,8186,03/18/2026, 09:53:42,844
GEOR20066,Pako Forever,8186,03/18/2026, 10:50:19,844
GEOR20066,Pako Forever,8186,03/18/2026, 11:44:01,844
GEOR20066,Pako Forever,8186,03/18/2026, 13:04:22,844
GEOR20066,Pako Forever,8187,03/18/2026, 15:00:38,844
GEOR20066,Pako Forever,8187,03/18/2026, 16:11:17,844
GEOR20066,Pako Forever,8187,03/18/2026, 17:59:47,844
GEOR20066,Pako Forever,8187,03/18/2026, 19:07:02,844
GEOR20066,Pako Forever,8187,03/18/2026, 20:35:04,844
GEOR20066,Pako Forever,8187,03/18/2026, 21:32:13,844
GEOR20066,Pako Forever,8187,03/18/2026, 22:31:07,844
GEOR20066,Pako Forever,8187,03/18/2026, 23:29:23,844
GEOR20066,Pako Forever,8187,03/19/2026, 01:57:08,844
GEOR20066,Pako Forever,8187,03/19/2026, 04:23:09,844
GEOR20066,Pako Forever,8187,03/19/2026, 05:56:51,844
GEOR20066,Pako Forever,8187,03/19/2026, 06:56:38,844
GEOR20066,Pako Forever,8187,03/19/2026, 07:46:06,844
GEOR20066,Pako Forever,8187,03/19/2026, 08:39:11,844
GEOR20066,Pako Forever,8187,03/19/2026, 09:40:38,844
GEOR20066,Pako Forever,8188,03/19/2026, 10:38:08,844
GEOR20066,Pako Forever,8188,03/19/2026, 11:34:23,844
GEOR20066,Pako Forever,8188,03/19/2026, 12:57:39,844
GEOR20066,Pako Forever,8188,03/19/2026, 14:08:13,844
GEOR20066,Pako Forever,8188,03/19/2026, 15:52:58,844
GEOR20066,Pako Forever,8188,03/19/2026, 16:55:56,844
GEOR20066,Pako Forever,8188,03/19/2026, 17:53:05,844
GEOR20066,Pako Forever,8188,03/19/2026, 18:54:33,844
GEOR20066,Pako Forever,8188,03/19/2026, 19:45:14,844
GEOR20066,Pako Forever,8188,03/19/2026, 20:34:52,844
GEOR20066,Pako Forever,8188,03/19/2026, 21:33:19,844
GEOR20066,Pako Forever,8188,03/19/2026, 22:25:49,844
GEOR20066,Pako Forever,8188,03/19/2026, 23:28:05,844
GEOR20066,Pako Forever,8189,03/20/2026, 01:51:46,844
GEOR20066,Pako Forever,8189,03/20/2026, 04:12:41,844
GEOR20066,Pako Forever,8189,03/20/2026, 05:50:22,844
GEOR20066,Pako Forever,8189,03/20/2026, 06:51:54,844
GEOR20066,Pako Forever,8189,03/20/2026, 07:44:28,844
GEOR20066,Pako Forever,8190,03/20/2026, 08:37:47,844
GEOR20066,Pako Forever,8191,03/20/2026, 09:38:38,844
GEOR20066,Pako Forever,8191,03/20/2026, 10:35:56,844
GEOR20066,Pako Forever,8192,03/20/2026, 11:29:59,844
GEOR20066,Pako Forever,8192,03/20/2026, 12:53:44,844
GEOR20066,Pako Forever,8192,03/20/2026, 14:01:00,844
GEOR20066,Pako Forever,8192,03/20/2026, 14:50:44,844
GEOR20066,Pako Forever,8192,03/20/2026, 15:40:23,844
GEOR20066,Pako Forever,8192,03/20/2026, 16:40:37,844
GEOR20066,Pako Forever,8192,03/20/2026, 17:35:01,844
GEOR20066,Pako Forever,8192,03/20/2026, 18:43:54,844
GEOR20066,Pako Forever,8192,03/20/2026, 19:36:45,844
GEOR20066,Pako Forever,8192,03/20/2026, 20:29:23,844
GEOR20066,Pako Forever,8192,03/20/2026, 21:28:26,844
GEOR20066,Pako Forever,8192,03/20/2026, 22:26:06,844
GEOR20066,Pako Forever,8192,03/20/2026, 23:26:55,844
GEOR20066,Pako Forever,8192,03/21/2026, 01:45:41,844
GEOR20066,Pako Forever,8192,03/21/2026, 04:03:56,844
GEOR20066,Pako Forever,8192,03/21/2026, 05:39:09,844
GEOR20066,Pako Forever,8192,03/21/2026, 06:39:22,844
GEOR20066,Pako Forever,8192,03/21/2026, 07:32:25,844
GEOR20066,Pako Forever,8192,03/21/2026, 08:29:34,844
GEOR20066,Pako Forever,8192,03/21/2026, 09:29:29,844
GEOR20066,Pako Forever,8192,03/21/2026, 10:24:15,844
GEOR20066,Pako Forever,8192,03/21/2026, 11:21:47,844
GEOR20066,Pako Forever,8192,03/21/2026, 12:41:42,844
GEOR20066,Pako Forever,8192,03/21/2026, 13:41:06,844
GEOR20066,Pako Forever,8192,03/21/2026, 14:25:03,844
GEOR20066,Pako Forever,8193,03/21/2026, 15:23:33,844
GEOR20066,Pako Forever,8194,03/21/2026, 16:26:18,844
GEOR20066,Pako Forever,8194,03/21/2026, 17:23:49,844
GEOR20066,Pako Forever,8194,03/21/2026, 18:32:41,844
GEOR20066,Pako Forever,8194,03/21/2026, 19:22:55,844
GEOR20066,Pako Forever,8194,03/21/2026, 20:23:20,844
GEOR20066,Pako Forever,8194,03/21/2026, 21:22:36,844
GEOR20066,Pako Forever,8194,03/21/2026, 22:21:44,844
GEOR20066,Pako Forever,8194,03/21/2026, 23:22:30,844
GEOR20066,Pako Forever,8194,03/22/2026, 01:56:55,844
GEOR20066,Pako Forever,8194,03/22/2026, 04:19:26,844
GEOR20066,Pako Forever,8194,03/22/2026, 05:52:30,844
GEOR20066,Pako Forever,8194,03/22/2026, 06:46:57,844
GEOR20066,Pako Forever,8194,03/22/2026, 07:37:32,844
GEOR20066,Pako Forever,8194,03/22/2026, 08:31:47,844
GEOR20066,Pako Forever,8194,03/22/2026, 09:29:56,844
GEOR20066,Pako Forever,8194,03/22/2026, 10:25:11,844
GEOR20066,Pako Forever,8194,03/22/2026, 11:22:20,844
GEOR20066,Pako Forever,8194,03/22/2026, 12:43:52,844
GEOR20066,Pako Forever,8194,03/22/2026, 13:42:53,844
GEOR20066,Pako Forever,8194,03/22/2026, 14:25:48,844
GEOR20066,Pako Forever,8194,03/22/2026, 15:23:58,844
GEOR20066,Pako Forever,8194,03/22/2026, 16:27:28,844
GEOR20066,Pako Forever,8194,03/22/2026, 17:23:22,844
GEOR20066,Pako Forever,8194,03/22/2026, 18:32:59,844
GEOR20066,Pako Forever,8194,03/22/2026, 19:23:53,844
GEOR20066,Pako Forever,8196,03/22/2026, 20:24:01,844
GEOR20066,Pako Forever,8197,03/22/2026, 21:24:11,844
GEOR20066,Pako Forever,8197,03/22/2026, 22:23:07,844
GEOR20066,Pako Forever,8197,03/22/2026, 23:25:26,844
GEOR20066,Pako Forever,8197,03/23/2026, 01:57:57,844
GEOR20066,Pako Forever,8197,03/23/2026, 04:28:44,844
GEOR20066,Pako Forever,8197,03/23/2026, 06:09:49,844
GEOR20066,Pako Forever,8197,03/23/2026, 08:01:45,844
GEOR20066,Pako Forever,8197,03/23/2026, 09:08:48,844
GEOR20066,Pako Forever,8197,03/23/2026, 10:51:50,844
GEOR20066,Pako Forever,8197,03/23/2026, 11:42:46,844
GEOR20066,Pako Forever,8197,03/23/2026, 13:00:31,844
GEOR20066,Pako Forever,8197,03/23/2026, 14:18:31,844
GEOR20066,Pako Forever,8197,03/23/2026, 15:58:26,844
GEOR20066,Pako Forever,8197,03/23/2026, 16:56:58,844
GEOR20066,Pako Forever,8197,03/23/2026, 17:50:39,844
GEOR20066,Pako Forever,8197,03/23/2026, 18:50:38,844
GEOR20066,Pako Forever,8197,03/23/2026, 19:47:01,844
GEOR20066,Pako Forever,8197,03/23/2026, 20:35:53,844
GEOR20066,Pako Forever,8197,03/23/2026, 21:34:40,844
GEOR20066,Pako Forever,8197,03/23/2026, 22:30:07,844
GEOR20066,Pako Forever,8197,03/23/2026, 23:30:17,844
GEOR20066,Pako Forever,8197,03/24/2026, 01:49:39,844
GEOR20066,Pako Forever,8197,03/24/2026, 04:17:17,844
GEOR20066,Pako Forever,8197,03/24/2026, 05:59:50,844
GEOR20066,Pako Forever,8197,03/24/2026, 07:05:12,844
GEOR20066,Pako Forever,8198,03/24/2026, 08:48:50,844
GEOR20066,Pako Forever,8198,03/24/2026, 09:54:35,844
GEOR20066,Pako Forever,8198,03/24/2026, 10:50:08,844
GEOR20066,Pako Forever,8198,03/24/2026, 11:43:58,844
GEOR20066,Pako Forever,8198,03/24/2026, 13:04:45,844
GEOR20066,Pako Forever,8198,03/24/2026, 14:55:28,844
GEOR20066,Pako Forever,8198,03/24/2026, 16:04:43,844
GEOR20066,Pako Forever,8198,03/24/2026, 17:54:31,844
GEOR20066,Pako Forever,8198,03/24/2026, 18:59:32,844
GEOR20066,Pako Forever,8198,03/24/2026, 19:55:02,844
GEOR20066,Pako Forever,8198,03/24/2026, 20:39:00,844
GEOR20066,Pako Forever,8198,03/24/2026, 21:36:03,844
GEOR20066,Pako Forever,8198,03/24/2026, 22:27:41,844
GEOR20066,Pako Forever,8198,03/24/2026, 23:30:00,844
GEOR20066,Pako Forever,8198,03/25/2026, 01:55:32,844
GEOR20066,Pako Forever,8198,03/25/2026, 04:20:07,844
GEOR20066,Pako Forever,8198,03/25/2026, 05:59:37,844
GEOR20066,Pako Forever,8198,03/25/2026, 07:06:08,844
GEOR20066,Pako Forever,8198,03/25/2026, 08:45:49,844
GEOR20066,Pako Forever,8198,03/25/2026, 09:52:35,844
GEOR20066,Pako Forever,8198,03/25/2026, 10:45:34,844
GEOR20066,Pako Forever,8198,03/25/2026, 11:40:42,844
GEOR20066,Pako Forever,8199,03/25/2026, 13:02:29,844
GEOR20066,Pako Forever,8199,03/25/2026, 14:22:22,844
GEOR20066,Pako Forever,8199,03/25/2026, 16:08:35,844
GEOR20066,Pako Forever,8201,03/25/2026, 17:56:52,844
GEOR20066,Pako Forever,8201,03/25/2026, 18:53:14,844
GEOR20066,Pako Forever,8201,03/25/2026, 19:45:10,844
GEOR20066,Pako Forever,8201,03/25/2026, 20:36:12,844
GEOR20066,Pako Forever,8201,03/25/2026, 21:36:47,844
GEOR20066,Pako Forever,8201,03/25/2026, 22:33:36,844
GEOR20066,Pako Forever,8201,03/25/2026, 23:32:31,844
GEOR20066,Pako Forever,8201,03/26/2026, 02:01:45,844
GEOR20066,Pako Forever,8202,03/26/2026, 04:40:14,844
GEOR20066,Pako Forever,8203,03/26/2026, 08:01:54,844
GEOR20066,Pako Forever,8203,03/26/2026, 09:09:48,844
GEOR20066,Pako Forever,8203,03/26/2026, 10:51:41,844
GEOR20066,Pako Forever,8203,03/26/2026, 11:48:30,844
GEOR20066,Pako Forever,8203,03/26/2026, 13:07:20,844
GEOR20066,Pako Forever,8204,03/26/2026, 15:01:14,844
GEOR20066,Pako Forever,8204,03/26/2026, 18:00:19,844
GEOR20066,Pako Forever,8204,03/26/2026, 19:14:01,844
GEOR20066,Pako Forever,8204,03/26/2026, 20:34:12,844
GEOR20066,Pako Forever,8204,03/26/2026, 21:29:39,844
GEOR20066,Pako Forever,8204,03/26/2026, 22:27:31,844
GEOR20066,Pako Forever,8204,03/26/2026, 23:30:31,844
GEOR20066,Pako Forever,8205,03/27/2026, 02:02:45,844
GEOR20066,Pako Forever,8206,03/27/2026, 05:05:24,844
GEOR20066,Pako Forever,8206,03/27/2026, 07:03:51,844
GEOR20066,Pako Forever,8206,03/27/2026, 08:47:12,844
GEOR20066,Pako Forever,8206,03/27/2026, 09:52:54,844
GEOR20066,Pako Forever,8206,03/27/2026, 10:44:46,844
GEOR20066,Pako Forever,8206,03/27/2026, 11:40:37,844
GEOR20066,Pako Forever,8206,03/27/2026, 12:59:22,844
GEOR20066,Pako Forever,8206,03/27/2026, 14:13:36,844
GEOR20066,Pako Forever,8207,03/27/2026, 16:52:13,844
GEOR20066,Pako Forever,8207,03/27/2026, 17:47:42,844
GEOR20066,Pako Forever,8207,03/27/2026, 18:52:54,844
GEOR20066,Pako Forever,8207,03/27/2026, 19:40:46,844
GEOR20066,Pako Forever,8207,03/27/2026, 20:36:14,844
GEOR20066,Pako Forever,8208,03/27/2026, 21:31:46,844
GEOR20066,Pako Forever,8208,03/27/2026, 22:29:48,844
GEOR20066,Pako Forever,8208,03/27/2026, 23:30:19,844
GEOR20066,Pako Forever,8208,03/28/2026, 01:54:09,844
GEOR20066,Pako Forever,8209,03/28/2026, 04:19:19,844
GEOR20066,Pako Forever,8209,03/28/2026, 05:55:40,844
GEOR20066,Pako Forever,8209,03/28/2026, 06:56:11,844
GEOR20066,Pako Forever,8209,03/28/2026, 07:43:59,844
GEOR20066,Pako Forever,8209,03/28/2026, 08:36:27,844
GEOR20066,Pako Forever,8209,03/28/2026, 09:35:09,844
GEOR20066,Pako Forever,8209,03/28/2026, 10:29:37,844
GEOR20066,Pako Forever,8209,03/28/2026, 11:26:51,844
GEOR20066,Pako Forever,8210,03/28/2026, 12:48:07,844
GEOR20066,Pako Forever,8210,03/28/2026, 13:49:52,844
GEOR20066,Pako Forever,8210,03/28/2026, 14:30:07,844
GEOR20066,Pako Forever,8210,03/28/2026, 15:28:48,844
GEOR20066,Pako Forever,8212,03/28/2026, 16:30:31,844
GEOR20066,Pako Forever,8212,03/28/2026, 17:26:55,844
GEOR20066,Pako Forever,8212,03/28/2026, 18:36:40,844
GEOR20066,Pako Forever,8212,03/28/2026, 19:28:39,844
GEOR20066,Pako Forever,8212,03/28/2026, 20:26:58,844
GEOR20066,Pako Forever,8212,03/28/2026, 21:28:24,844
GEOR20066,Pako Forever,8213,03/28/2026, 22:26:24,844
GEOR20066,Pako Forever,8214,03/28/2026, 23:28:46,844
GEOR20066,Pako Forever,8214,03/29/2026, 02:05:23,844
GEOR20066,Pako Forever,8214,03/29/2026, 05:09:08,844
GEOR20066,Pako Forever,8214,03/29/2026, 07:00:10,844
GEOR20066,Pako Forever,8214,03/29/2026, 07:55:24,844
GEOR20066,Pako Forever,8214,03/29/2026, 08:37:20,844
GEOR20066,Pako Forever,8214,03/29/2026, 09:34:41,844
GEOR20066,Pako Forever,8214,03/29/2026, 10:30:39,844
GEOR20066,Pako Forever,8214,03/29/2026, 11:26:58,844
GEOR20066,Pako Forever,8214,03/29/2026, 12:48:50,844
GEOR20066,Pako Forever,8214,03/29/2026, 13:52:11,844
GEOR20066,Pako Forever,8214,03/29/2026, 14:32:25,844
GEOR20066,Pako Forever,8215,03/29/2026, 15:29:31,844
GEOR20066,Pako Forever,8215,03/29/2026, 16:32:11,844
GEOR20066,Pako Forever,8215,03/29/2026, 17:28:03,844
GEOR20066,Pako Forever,8215,03/29/2026, 18:38:33,844
GEOR20066,Pako Forever,8215,03/29/2026, 19:31:13,844
GEOR20066,Pako Forever,8215,03/29/2026, 20:28:49,844
GEOR20066,Pako Forever,8215,03/29/2026, 21:29:43,844
GEOR20066,Pako Forever,8215,03/29/2026, 22:28:16,844
GEOR20066,Pako Forever,8215,03/29/2026, 23:29:57,844
GEOR20066,Pako Forever,8215,03/30/2026, 02:07:39,844
GEOR20066,Pako Forever,8215,03/30/2026, 05:21:57,844
GEOR20066,Pako Forever,8215,03/30/2026, 07:23:55,844
GEOR20066,Pako Forever,8215,03/30/2026, 09:08:51,844
GEOR20066,Pako Forever,8215,03/30/2026, 11:00:09,844
GEOR20066,Pako Forever,8215,03/30/2026, 11:56:33,844
GEOR20066,Pako Forever,8215,03/30/2026, 13:12:26,844
GEOR20066,Pako Forever,8215,03/30/2026, 15:01:55,844
GEOR20066,Pako Forever,8215,03/30/2026, 16:10:56,844
GEOR20066,Pako Forever,8216,03/30/2026, 17:53:26,844
GEOR20066,Pako Forever,8216,03/30/2026, 18:56:20,844
GEOR20066,Pako Forever,8216,03/30/2026, 19:55:18,844
GEOR20066,Pako Forever,8216,03/30/2026, 20:42:28,844
GEOR20066,Pako Forever,8217,03/30/2026, 21:40:00,844
GEOR20066,Pako Forever,8217,03/30/2026, 22:33:04,844
GEOR20066,Pako Forever,8217,03/30/2026, 23:33:07,844
GEOR20066,Pako Forever,8217,03/31/2026, 02:03:38,844
GEOR20066,Pako Forever,8217,03/31/2026, 05:07:13,844
GEOR20066,Pako Forever,8218,03/31/2026, 07:09:05,844
GEOR20066,Pako Forever,8218,03/31/2026, 08:55:03,844
GEOR20066,Pako Forever,8218,03/31/2026, 10:04:01,844
GEOR20066,Pako Forever,8218,03/31/2026, 11:45:56,844
GEOR20066,Pako Forever,8218,03/31/2026, 13:10:36,844
GEOR20066,Pako Forever,8218,03/31/2026, 15:00:23,844
GEOR20066,Pako Forever,8218,03/31/2026, 16:08:34,844
GEOR20066,Pako Forever,8219,03/31/2026, 17:55:09,844
GEOR20066,Pako Forever,8219,03/31/2026, 18:58:55,844
GEOR20066,Pako Forever,8219,03/31/2026, 19:56:04,844
GEOR20066,Pako Forever,8219,03/31/2026, 20:40:58,844
GEOR20066,Pako Forever,8219,03/31/2026, 21:36:57,844
GEOR20066,Pako Forever,8219,03/31/2026, 22:32:25,844
GEOR20066,Pako Forever,8219,03/31/2026, 23:32:20,844
GEOR20066,Pako Forever,8220,04/01/2026, 02:12:04,844
GEOR20066,Pako Forever,8220,04/01/2026, 05:22:35,844
GEOR20066,Pako Forever,8220,04/01/2026, 07:16:46,844
GEOR20066,Pako Forever,8220,04/01/2026, 09:00:41,844
GEOR20066,Pako Forever,8220,04/01/2026, 10:11:09,844
GEOR20066,Pako Forever,8220,04/01/2026, 11:51:44,844
GEOR20066,Pako Forever,8220,04/01/2026, 13:14:36,844
GEOR20066,Pako Forever,8220,04/01/2026, 15:02:15,844
GEOR20066,Pako Forever,8220,04/01/2026, 16:11:41,844
GEOR20066,Pako Forever,8220,04/01/2026, 17:48:04,844
GEOR20066,Pako Forever,8220,04/01/2026, 18:57:54,844
GEOR20066,Pako Forever,8220,04/01/2026, 19:58:19,844
GEOR20066,Pako Forever,8220,04/01/2026, 20:42:31,844
GEOR20066,Pako Forever,8220,04/01/2026, 21:40:00,844
GEOR20066,Pako Forever,8220,04/01/2026, 22:35:23,844
GEOR20066,Pako Forever,8220,04/01/2026, 23:34:21,844
GEOR20066,Pako Forever,8223,04/02/2026, 01:59:49,844
GEOR20066,Pako Forever,8223,04/02/2026, 04:32:58,844
GEOR20066,Pako Forever,8223,04/02/2026, 06:11:14,844
GEOR20066,Pako Forever,8223,04/02/2026, 08:05:19,844
GEOR20066,Pako Forever,8223,04/02/2026, 09:59:47,844
GEOR20066,Pako Forever,8223,04/02/2026, 10:54:22,844
GEOR20066,Pako Forever,8223,04/02/2026, 11:44:27,844
GEOR20066,Pako Forever,8223,04/02/2026, 13:06:01,844
GEOR20066,Pako Forever,8224,04/02/2026, 14:53:54,844
GEOR20066,Pako Forever,8225,04/02/2026, 15:59:18,844
GEOR20066,Pako Forever,8225,04/02/2026, 16:58:20,844
GEOR20066,Pako Forever,8226,04/02/2026, 17:50:11,844
GEOR20066,Pako Forever,8226,04/02/2026, 18:53:44,844
GEOR20066,Pako Forever,8226,04/02/2026, 19:49:32,844
GEOR20066,Pako Forever,8226,04/02/2026, 20:33:08,844
GEOR20066,Pako Forever,8226,04/02/2026, 21:35:19,844
GEOR20066,Pako Forever,8226,04/02/2026, 22:29:37,844
GEOR20066,Pako Forever,8227,04/02/2026, 23:33:12,844
GEOR20066,Pako Forever,8228,04/03/2026, 02:01:16,844
GEOR20066,Pako Forever,8228,04/03/2026, 04:35:59,844
GEOR20066,Pako Forever,8228,04/03/2026, 06:12:01,844
GEOR20066,Pako Forever,8228,04/03/2026, 08:02:04,844
GEOR20066,Pako Forever,8228,04/03/2026, 09:06:54,844
GEOR20066,Pako Forever,8228,04/03/2026, 10:40:58,844
GEOR20066,Pako Forever,8230,04/03/2026, 11:36:36,844
GEOR20066,Pako Forever,8230,04/03/2026, 12:58:13,844
GEOR20066,Pako Forever,8230,04/03/2026, 14:02:46,844
GEOR20066,Pako Forever,8230,04/03/2026, 15:38:10,844
GEOR20066,Pako Forever,8230,04/03/2026, 16:37:06,844
GEOR20066,Pako Forever,8231,04/03/2026, 17:32:16,844
GEOR20066,Pako Forever,8231,04/03/2026, 18:42:24,844
GEOR20066,Pako Forever,8231,04/03/2026, 19:37:35,844
GEOR20066,Pako Forever,8231,04/03/2026, 20:33:22,844
GEOR20066,Pako Forever,8231,04/03/2026, 21:31:23,844
GEOR20066,Pako Forever,8232,04/03/2026, 22:30:37,844
GEOR20066,Pako Forever,8232,04/03/2026, 23:31:31,844
GEOR20066,Pako Forever,8232,04/04/2026, 01:54:08,844
GEOR20066,Pako Forever,8232,04/04/2026, 04:16:22,844
GEOR20066,Pako Forever,8232,04/04/2026, 05:55:54,844
GEOR20066,Pako Forever,8232,04/04/2026, 06:57:53,844
GEOR20066,Pako Forever,8232,04/04/2026, 07:48:51,844
GEOR20066,Pako Forever,8232,04/04/2026, 08:38:39,844
GEOR20066,Pako Forever,8232,04/04/2026, 09:35:38,844
GEOR20066,Pako Forever,8232,04/04/2026, 10:30:54,844
GEOR20066,Pako Forever,8232,04/04/2026, 11:27:25,844
GEOR20066,Pako Forever,8232,04/04/2026, 12:47:47,844
GEOR20066,Pako Forever,8232,04/04/2026, 13:52:14,844
GEOR20066,Pako Forever,8232,04/04/2026, 14:32:14,844
GEOR20066,Pako Forever,8232,04/04/2026, 15:28:56,844
GEOR20066,Pako Forever,8232,04/04/2026, 16:32:38,844
GEOR20066,Pako Forever,8232,04/04/2026, 17:28:02,844
GEOR20066,Pako Forever,8232,04/04/2026, 18:38:11,844
GEOR20066,Pako Forever,8232,04/04/2026, 19:29:44,844
GEOR20066,Pako Forever,8233,04/04/2026, 20:27:51,844
GEOR20066,Pako Forever,8233,04/04/2026, 21:29:23,844
GEOR20066,Pako Forever,8234,04/04/2026, 22:27:31,844
GEOR20066,Pako Forever,8234,04/04/2026, 23:29:08,844
GEOR20066,Pako Forever,8234,04/05/2026, 02:07:15,844
GEOR20066,Pako Forever,8234,04/05/2026, 05:10:13,844
GEOR20066,Pako Forever,8234,04/05/2026, 07:02:11,844
GEOR20066,Pako Forever,8235,04/05/2026, 08:00:17,844
GEOR20066,Pako Forever,8235,04/05/2026, 08:51:47,844
GEOR20066,Pako Forever,8235,04/05/2026, 09:37:00,844
GEOR20066,Pako Forever,8235,04/05/2026, 10:31:01,844
GEOR20066,Pako Forever,8235,04/05/2026, 11:28:27,844
GEOR20066,Pako Forever,8235,04/05/2026, 12:52:13,844
GEOR20066,Pako Forever,8236,04/05/2026, 13:53:38,844
GEOR20066,Pako Forever,8236,04/05/2026, 14:33:44,844
GEOR20066,Pako Forever,8236,04/05/2026, 15:30:36,844
GEOR20066,Pako Forever,8236,04/05/2026, 16:34:14,844
GEOR20066,Pako Forever,8236,04/05/2026, 17:28:21,844
GEOR20066,Pako Forever,8236,04/05/2026, 18:40:15,844
GEOR20066,Pako Forever,8236,04/05/2026, 19:32:59,844
GEOR20066,Pako Forever,8236,04/05/2026, 20:29:50,844
GEOR20066,Pako Forever,8236,04/05/2026, 21:29:31,844
GEOR20066,Pako Forever,8236,04/05/2026, 22:28:44,844
GEOR20066,Pako Forever,8236,04/05/2026, 23:31:08,844
GEOR20066,Pako Forever,8236,04/06/2026, 02:08:30,844
GEOR20066,Pako Forever,8236,04/06/2026, 05:21:54,844
GEOR20066,Pako Forever,8236,04/06/2026, 07:25:58,844
GEOR20066,Pako Forever,8236,04/06/2026, 09:06:09,844
GEOR20066,Pako Forever,8236,04/06/2026, 10:54:06,844
GEOR20066,Pako Forever,8236,04/06/2026, 11:46:20,844
GEOR20066,Pako Forever,8236,04/06/2026, 13:03:35,844
GEOR20066,Pako Forever,8236,04/06/2026, 14:44:23,844
GEOR20066,Pako Forever,8236,04/06/2026, 15:43:46,844
GEOR20066,Pako Forever,8236,04/06/2026, 16:43:14,844
GEOR20066,Pako Forever,8236,04/06/2026, 17:42:48,844
GEOR20066,Pako Forever,8237,04/06/2026, 18:55:01,844
GEOR20066,Pako Forever,8237,04/06/2026, 19:52:02,844
GEOR20066,Pako Forever,8237,04/06/2026, 20:35:53,844
GEOR20066,Pako Forever,8238,04/06/2026, 21:36:20,844
GEOR20066,Pako Forever,8238,04/06/2026, 22:34:14,844
GEOR20066,Pako Forever,8238,04/06/2026, 23:33:12,844
GEOR20066,Pako Forever,8238,04/07/2026, 02:04:38,844
GEOR20066,Pako Forever,8238,04/07/2026, 05:07:22,844
GEOR20066,Pako Forever,8238,04/07/2026, 07:11:58,844
GEOR20066,Pako Forever,8238,04/07/2026, 08:59:12,844
GEOR20066,Pako Forever,8238,04/07/2026, 10:08:40,844
GEOR20066,Pako Forever,8238,04/07/2026, 11:52:57,844
GEOR20066,Pako Forever,8238,04/07/2026, 13:12:54,844
GEOR20066,Pako Forever,8238,04/07/2026, 15:05:36,844
GEOR20066,Pako Forever,8238,04/07/2026, 16:55:24,844
GEOR20066,Pako Forever,8238,04/07/2026, 17:57:39,844
GEOR20066,Pako Forever,8238,04/07/2026, 19:00:50,844
GEOR20066,Pako Forever,8238,04/07/2026, 20:00:08,844
GEOR20066,Pako Forever,8238,04/07/2026, 20:53:07,844
GEOR20066,Pako Forever,8238,04/07/2026, 21:40:35,844
GEOR20066,Pako Forever,8239,04/07/2026, 22:36:05,844
GEOR20066,Pako Forever,8239,04/07/2026, 23:35:26,844
GEOR20066,Pako Forever,8239,04/08/2026, 02:05:17,844
GEOR20066,Pako Forever,8239,04/08/2026, 05:09:30,844
GEOR20066,Pako Forever,8239,04/08/2026, 07:14:30,844
GEOR20066,Pako Forever,8239,04/08/2026, 08:58:12,844
GEOR20066,Pako Forever,8239,04/08/2026, 10:07:19,844
GEOR20066,Pako Forever,8239,04/08/2026, 11:53:24,844
GEOR20066,Pako Forever,8239,04/08/2026, 13:14:58,844
GEOR20066,Pako Forever,8239,04/08/2026, 15:07:40,844
GEOR20066,Pako Forever,8239,04/08/2026, 16:59:15,844
GEOR20066,Pako Forever,8239,04/08/2026, 18:07:34,844
GEOR20066,Pako Forever,8239,04/08/2026, 19:58:09,844
GEOR20066,Pako Forever,8239,04/08/2026, 20:41:17,844
GEOR20066,Pako Forever,8239,04/08/2026, 21:39:39,844
GEOR20066,Pako Forever,8239,04/08/2026, 22:37:05,844
GEOR20066,Pako Forever,8239,04/08/2026, 23:36:10,844
GEOR20066,Pako Forever,8239,04/09/2026, 01:57:30,844
GEOR20066,Pako Forever,8239,04/09/2026, 04:33:18,844
GEOR20066,Pako Forever,8239,04/09/2026, 06:21:00,844
GEOR20066,Pako Forever,8239,04/09/2026, 08:19:50,844
GEOR20066,Pako Forever,8239,04/09/2026, 10:10:55,844
GEOR20066,Pako Forever,8239,04/09/2026, 11:54:21,844
GEOR20066,Pako Forever,8239,04/09/2026, 13:19:43,844
GEOR20066,Pako Forever,8239,04/09/2026, 15:20:20,844
GEOR20066,Pako Forever,8239,04/09/2026, 17:04:42,844
GEOR20066,Pako Forever,8239,04/09/2026, 19:00:45,844
GEOR20066,Pako Forever,8239,04/09/2026, 20:05:03,844
GEOR20066,Pako Forever,8239,04/09/2026, 21:43:56,844
GEOR20066,Pako Forever,8239,04/09/2026, 22:38:59,844
GEOR20066,Pako Forever,8239,04/09/2026, 23:36:22,844
GEOR20066,Pako Forever,8239,04/10/2026, 02:09:54,844
GEOR20066,Pako Forever,8239,04/10/2026, 05:23:00,844
GEOR20066,Pako Forever,8239,04/10/2026, 07:23:45,844
GEOR20066,Pako Forever,8239,04/10/2026, 09:05:57,844
GEOR20066,Pako Forever,8239,04/10/2026, 10:51:49,844
GEOR20066,Pako Forever,8239,04/10/2026, 11:45:29,844
GEOR20066,Pako Forever,8239,04/10/2026, 13:03:00,844
GEOR20066,Pako Forever,8240,04/10/2026, 14:45:17,844
GEOR20066,Pako Forever,8240,04/10/2026, 15:49:36,844
GEOR20066,Pako Forever,8240,04/10/2026, 16:47:31,844
GEOR20066,Pako Forever,8240,04/10/2026, 17:45:38,844
GEOR20066,Pako Forever,8241,04/10/2026, 18:47:14,844
GEOR20066,Pako Forever,8241,04/10/2026, 19:43:19,844
GEOR20066,Pako Forever,8242,04/10/2026, 20:33:18,844
GEOR20066,Pako Forever,8242,04/10/2026, 21:35:05,844
GEOR20066,Pako Forever,8242,04/10/2026, 22:34:50,844
GEOR20066,Pako Forever,8242,04/10/2026, 23:33:15,844
GEOR20066,Pako Forever,8243,04/11/2026, 01:58:35,844
GEOR20066,Pako Forever,8243,04/11/2026, 04:22:47,844
GEOR20066,Pako Forever,8244,04/11/2026, 05:59:22,844
GEOR20066,Pako Forever,8244,04/11/2026, 07:04:06,844
GEOR20066,Pako Forever,8244,04/11/2026, 08:40:00,844
GEOR20066,Pako Forever,8244,04/11/2026, 09:38:14,844
GEOR20066,Pako Forever,8245,04/11/2026, 10:32:00,844
GEOR20066,Pako Forever,8245,04/11/2026, 11:29:26,844
GEOR20066,Pako Forever,8245,04/11/2026, 12:52:02,844
GEOR20066,Pako Forever,8245,04/11/2026, 13:55:42,844
GEOR20066,Pako Forever,8245,04/11/2026, 14:35:15,844
GEOR20066,Pako Forever,8245,04/11/2026, 15:32:06,844
GEOR20066,Pako Forever,8245,04/11/2026, 16:33:58,844
GEOR20066,Pako Forever,8246,04/11/2026, 18:40:26,844
GEOR20066,Pako Forever,8246,04/11/2026, 19:34:07,844
GEOR20066,Pako Forever,8247,04/11/2026, 20:29:59,844
GEOR20066,Pako Forever,8248,04/11/2026, 21:30:23,844
GEOR20066,Pako Forever,8248,04/11/2026, 22:29:38,844
GEOR20066,Pako Forever,8248,04/12/2026, 02:11:41,844
GEOR20066,Pako Forever,8248,04/12/2026, 05:21:30,844
GEOR20066,Pako Forever,8248,04/12/2026, 07:10:34,844
GEOR20066,Pako Forever,8248,04/12/2026, 08:43:58,844
GEOR20066,Pako Forever,8248,04/12/2026, 09:43:18,844
GEOR20066,Pako Forever,8248,04/12/2026, 10:41:56,844
GEOR20066,Pako Forever,8248,04/12/2026, 12:55:54,844
GEOR20066,Pako Forever,8248,04/12/2026, 13:59:47,844
GEOR20066,Pako Forever,8248,04/12/2026, 14:42:59,844
GEOR20066,Pako Forever,8248,04/12/2026, 15:34:23,844
GEOR20066,Pako Forever,8248,04/12/2026, 16:35:57,844
GEOR20066,Pako Forever,8248,04/12/2026, 17:33:19,844
GEOR20066,Pako Forever,8248,04/12/2026, 18:42:41,844
GEOR20066,Pako Forever,8248,04/12/2026, 19:38:24,844
GEOR20066,Pako Forever,8250,04/12/2026, 20:33:04,844
GEOR20066,Pako Forever,8250,04/12/2026, 21:32:51,844
GEOR20066,Pako Forever,8250,04/12/2026, 22:31:02,844
GEOR20066,Pako Forever,8250,04/12/2026, 23:32:22,844
GEOR20066,Pako Forever,8250,04/13/2026, 02:24:36,844
GEOR20066,Pako Forever,8250,04/13/2026, 05:39:12,844
GEOR20066,Pako Forever,8250,04/13/2026, 07:58:40,844
GEOR20066,Pako Forever,8250,04/13/2026, 09:55:31,844
GEOR20066,Pako Forever,8250,04/13/2026, 11:16:21,844
GEOR20066,Pako Forever,8250,04/13/2026, 15:15:11,844
GEOR20066,Pako Forever,8250,04/13/2026, 17:01:49,844
GEOR20066,Pako Forever,8250,04/13/2026, 18:10:02,844
GEOR20066,Pako Forever,8250,04/13/2026, 21:45:21,844
GEOR20066,Pako Forever,8250,04/13/2026, 22:41:33,844
GEOR20066,Pako Forever,8250,04/13/2026, 23:40:46,844
GEOR20066,Pako Forever,8250,04/14/2026, 02:10:40,844
GEOR20066,Pako Forever,8251,04/14/2026, 05:21:28,844
GEOR20066,Pako Forever,8251,04/14/2026, 07:26:53,844
GEOR20066,Pako Forever,8251,04/14/2026, 09:15:22,844
GEOR20066,Pako Forever,8251,04/14/2026, 11:01:02,844
GEOR20066,Pako Forever,8251,04/14/2026, 12:02:04,844
GEOR20066,Pako Forever,8252,04/14/2026, 14:05:31,844
GEOR20066,Pako Forever,8252,04/14/2026, 16:05:55,844
GEOR20066,Pako Forever,8252,04/14/2026, 18:03:21,844
GEOR20066,Pako Forever,8252,04/14/2026, 20:04:44,844
GEOR20066,Pako Forever,8252,04/14/2026, 21:48:43,844
GEOR20066,Pako Forever,8252,04/14/2026, 22:42:54,844
GEOR20066,Pako Forever,8252,04/14/2026, 23:40:45,844
GEOR20066,Pako Forever,8252,04/15/2026, 02:08:10,844
GEOR20066,Pako Forever,8253,04/15/2026, 05:21:47,844
GEOR20066,Pako Forever,8255,04/15/2026, 07:27:24,844
GEOR20066,Pako Forever,8255,04/15/2026, 09:16:15,844
GEOR20066,Pako Forever,8255,04/15/2026, 10:57:35,844
GEOR20066,Pako Forever,8256,04/15/2026, 11:55:40,844
GEOR20066,Pako Forever,8256,04/15/2026, 13:18:15,844
GEOR20066,Pako Forever,8256,04/15/2026, 15:04:53,844
GEOR20066,Pako Forever,8256,04/15/2026, 17:00:24,844
GEOR20066,Pako Forever,8256,04/15/2026, 18:08:33,844
GEOR20066,Pako Forever,8256,04/15/2026, 20:02:08,844
GEOR20066,Pako Forever,8256,04/15/2026, 21:02:47,844
GEOR20066,Pako Forever,8256,04/17/2026, 10:53:14,844
GEOR20066,Pako Forever,8256,04/17/2026, 11:51:02,844
GEOR20066,Pako Forever,8256,04/17/2026, 13:12:09,844
GEOR20066,Pako Forever,8256,04/17/2026, 14:53:38,844
GEOR20066,Pako Forever,8256,04/17/2026, 15:58:43,844
GEOR20066,Pako Forever,8256,04/17/2026, 16:55:21,844
GEOR20066,Pako Forever,8257,04/17/2026, 18:56:42,844
GEOR20066,Pako Forever,8257,04/17/2026, 19:58:28,844
GEOR20066,Pako Forever,8257,04/17/2026, 20:42:59,844
GEOR20066,Pako Forever,8257,04/17/2026, 21:40:00,844
GEOR20066,Pako Forever,8257,04/17/2026, 22:36:32,844
GEOR20066,Pako Forever,8257,04/17/2026, 23:37:12,844
GEOR20066,Pako Forever,8257,04/18/2026, 02:02:48,844
GEOR20066,Pako Forever,8257,04/18/2026, 05:05:01,844
GEOR20066,Pako Forever,8257,04/18/2026, 07:04:02,844
GEOR20066,Pako Forever,8257,04/18/2026, 08:44:43,844
GEOR20066,Pako Forever,8257,04/18/2026, 09:44:45,844
GEOR20066,Pako Forever,8257,04/18/2026, 10:38:17,844
GEOR20066,Pako Forever,8257,04/18/2026, 11:33:23,844
GEOR20066,Pako Forever,8257,04/18/2026, 12:56:05,844
GEOR20066,Pako Forever,8257,04/18/2026, 14:01:05,844
GEOR20066,Pako Forever,8257,04/18/2026, 14:49:15,844
GEOR20066,Pako Forever,8257,04/18/2026, 15:35:47,844
GEOR20066,Pako Forever,8258,04/18/2026, 16:36:45,844
GEOR20066,Pako Forever,8258,04/18/2026, 17:35:27,844
GEOR20066,Pako Forever,8258,04/18/2026, 18:43:32,844
GEOR20066,Pako Forever,8258,04/18/2026, 19:39:44,844
GEOR20066,Pako Forever,8258,04/18/2026, 20:33:52,844
GEOR20066,Pako Forever,8258,04/18/2026, 21:32:18,844
GEOR20066,Pako Forever,8259,04/18/2026, 22:31:34,844
GEOR20066,Pako Forever,8259,04/18/2026, 23:32:21,844
GEOR20066,Pako Forever,8259,04/19/2026, 02:15:38,844
GEOR20066,Pako Forever,8259,04/19/2026, 05:26:54,844
GEOR20066,Pako Forever,8259,04/19/2026, 07:15:37,844
GEOR20066,Pako Forever,8260,04/19/2026, 08:51:22,844
GEOR20066,Pako Forever,8260,04/19/2026, 09:44:37,844
GEOR20066,Pako Forever,8260,04/19/2026, 10:37:25,844
GEOR20066,Pako Forever,8260,04/19/2026, 11:34:07,844
GEOR20066,Pako Forever,8260,04/19/2026, 12:55:50,844
GEOR20066,Pako Forever,8260,04/19/2026, 13:59:44,844
GEOR20066,Pako Forever,8260,04/19/2026, 14:43:46,844
GEOR20066,Pako Forever,8260,04/19/2026, 15:36:04,844
GEOR20066,Pako Forever,8260,04/19/2026, 16:37:10,844
GEOR20066,Pako Forever,8260,04/19/2026, 17:34:19,844
GEOR20066,Pako Forever,8260,04/19/2026, 18:44:07,844
GEOR20066,Pako Forever,8260,04/19/2026, 19:40:03,844
GEOR20066,Pako Forever,8261,04/19/2026, 20:34:34,844
GEOR20066,Pako Forever,8261,04/19/2026, 21:33:31,844
GEOR20066,Pako Forever,8261,04/19/2026, 22:32:43,844
GEOR20066,Pako Forever,8261,04/19/2026, 23:33:36,844
GEOR20066,Pako Forever,8262,04/20/2026, 02:24:50,844
GEOR20066,Pako Forever,8262,04/20/2026, 05:38:25,844
GEOR20066,Pako Forever,8262,04/20/2026, 08:02:10,844
GEOR20066,Pako Forever,8262,04/20/2026, 10:07:57,844
GEOR20066,Pako Forever,8262,04/20/2026, 12:02:52,844
GEOR20066,Pako Forever,8262,04/20/2026, 14:47:20,844
GEOR20066,Pako Forever,8262,04/20/2026, 16:06:33,844
GEOR20066,Pako Forever,8262,04/20/2026, 17:56:03,844
GEOR20066,Pako Forever,8262,04/20/2026, 19:01:14,844
GEOR20066,Pako Forever,8262,04/20/2026, 20:02:46,844
GEOR20066,Pako Forever,8263,04/20/2026, 21:44:26,844
GEOR20066,Pako Forever,8263,04/20/2026, 22:41:26,844
GEOR20066,Pako Forever,8263,04/20/2026, 23:40:47,844
GEOR20066,Pako Forever,8263,04/21/2026, 02:12:36,844
GEOR20066,Pako Forever,8264,04/21/2026, 05:25:19,844
GEOR20066,Pako Forever,8264,04/21/2026, 07:45:12,844
GEOR20066,Pako Forever,8264,04/21/2026, 09:23:05,844
GEOR20066,Pako Forever,8264,04/21/2026, 11:04:21,844
GEOR20066,Pako Forever,8264,04/21/2026, 13:18:55,844
GEOR20066,Pako Forever,8264,04/21/2026, 15:11:07,844
GEOR20066,Pako Forever,8264,04/21/2026, 16:58:02,844
GEOR20066,Pako Forever,8264,04/21/2026, 17:59:21,844
GEOR20066,Pako Forever,8265,04/21/2026, 19:16:11,844
GEOR20066,Pako Forever,8265,04/21/2026, 20:49:09,844
GEOR20066,Pako Forever,8265,04/21/2026, 21:43:05,844
GEOR20066,Pako Forever,8265,04/21/2026, 22:36:35,844
GEOR20066,Pako Forever,8266,04/21/2026, 23:33:33,844
GEOR20066,Pako Forever,8266,04/22/2026, 02:10:33,844
GEOR20066,Pako Forever,8267,04/22/2026, 05:23:28,844
GEOR20066,Pako Forever,8267,04/22/2026, 07:28:36,844
GEOR20066,Pako Forever,8268,04/22/2026, 09:17:41,844
GEOR20066,Pako Forever,8268,04/22/2026, 11:02:41,844
GEOR20066,Pako Forever,8268,04/22/2026, 13:19:58,844
GEOR20066,Pako Forever,8268,04/22/2026, 15:10:53,844
GEOR20066,Pako Forever,8268,04/22/2026, 16:56:49,844
GEOR20066,Pako Forever,8268,04/22/2026, 17:59:30,844
GEOR20066,Pako Forever,8268,04/22/2026, 19:17:23,844
GEOR20066,Pako Forever,8268,04/22/2026, 20:52:44,844
GEOR20066,Pako Forever,8268,04/22/2026, 21:48:38,844
GEOR20066,Pako Forever,8268,04/22/2026, 22:44:49,844
GEOR20066,Pako Forever,8268,04/22/2026, 23:44:13,844
GEOR20066,Pako Forever,8268,04/23/2026, 02:14:39,844
GEOR20066,Pako Forever,8268,04/23/2026, 05:28:15,844
GEOR20066,Pako Forever,8268,04/23/2026, 07:46:50,844
GEOR20066,Pako Forever,8268,04/23/2026, 09:25:15,844
GEOR20066,Pako Forever,8268,04/23/2026, 11:06:20,844
GEOR20066,Pako Forever,8268,04/23/2026, 13:20:58,844
GEOR20066,Pako Forever,8268,04/23/2026, 15:50:45,844
GEOR20066,Pako Forever,8268,04/23/2026, 17:17:50,844
GEOR20066,Pako Forever,8268,04/23/2026, 19:05:06,844
GEOR20066,Pako Forever,8269,04/23/2026, 20:49:26,844
GEOR20066,Pako Forever,8269,04/23/2026, 21:43:27,844
GEOR20066,Pako Forever,8269,04/23/2026, 22:41:52,844
GEOR20066,Pako Forever,8269,04/23/2026, 23:42:36,844
GEOR20066,Pako Forever,8269,04/24/2026, 02:15:06,844
GEOR20066,Pako Forever,8269,04/24/2026, 05:32:55,844
GEOR20066,Pako Forever,8269,04/24/2026, 07:58:40,844
GEOR20066,Pako Forever,8269,04/24/2026, 09:45:52,844
GEOR20066,Pako Forever,8269,04/24/2026, 11:05:17,844
GEOR20066,Pako Forever,8269,04/24/2026, 13:16:52,844
GEOR20066,Pako Forever,8269,04/24/2026, 15:06:26,844
GEOR20066,Pako Forever,8270,04/24/2026, 16:53:06,844
GEOR20066,Pako Forever,8270,04/24/2026, 17:48:39,844
GEOR20066,Pako Forever,8270,04/24/2026, 18:45:11,844
GEOR20066,Pako Forever,8270,04/24/2026, 19:51:12,844
GEOR20066,Pako Forever,8270,04/24/2026, 20:43:22,844
GEOR20066,Pako Forever,8271,04/24/2026, 21:44:43,844
GEOR20066,Pako Forever,8271,04/24/2026, 22:37:31,844
GEOR20066,Pako Forever,8271,04/24/2026, 23:38:01,844
GEOR20066,Pako Forever,8272,04/25/2026, 02:04:50,844
GEOR20066,Pako Forever,8272,04/25/2026, 05:09:47,844
GEOR20066,Pako Forever,8272,04/25/2026, 07:10:52,844
GEOR20066,Pako Forever,8272,04/25/2026, 08:49:13,844
GEOR20066,Pako Forever,8272,04/25/2026, 09:50:17,844
GEOR20066,Pako Forever,8272,04/25/2026, 10:41:20,844
GEOR20066,Pako Forever,8272,04/25/2026, 11:37:00,844
GEOR20066,Pako Forever,8272,04/25/2026, 12:57:49,844
GEOR20066,Pako Forever,8272,04/25/2026, 14:03:29,844
GEOR20066,Pako Forever,8273,04/25/2026, 15:37:53,844
GEOR20066,Pako Forever,8273,04/25/2026, 16:38:16,844
GEOR20066,Pako Forever,8273,04/25/2026, 17:36:20,844
GEOR20066,Pako Forever,8273,04/25/2026, 18:45:23,844
GEOR20066,Pako Forever,8273,04/25/2026, 19:42:43,844
GEOR20066,Pako Forever,8273,04/25/2026, 20:36:10,844
GEOR20066,Pako Forever,8273,04/25/2026, 21:35:00,844
GEOR20066,Pako Forever,8273,04/25/2026, 22:34:39,844
GEOR20066,Pako Forever,8274,04/25/2026, 23:35:18,844
GEOR20066,Pako Forever,8274,04/26/2026, 02:27:07,844
GEOR20066,Pako Forever,8274,04/26/2026, 05:37:14,844
GEOR20066,Pako Forever,8274,04/26/2026, 07:25:16,844
GEOR20066,Pako Forever,8274,04/26/2026, 08:57:45,844
GEOR20066,Pako Forever,8274,04/26/2026, 09:53:32,844
GEOR20066,Pako Forever,8274,04/26/2026, 10:43:14,844
GEOR20066,Pako Forever,8274,04/26/2026, 11:38:08,844
GEOR20066,Pako Forever,8274,04/26/2026, 13:00:03,844
GEOR20066,Pako Forever,8274,04/26/2026, 14:06:49,844
GEOR20066,Pako Forever,8274,04/26/2026, 15:40:20,844
GEOR20066,Pako Forever,8274,04/26/2026, 16:39:37,844
GEOR20066,Pako Forever,8274,04/26/2026, 17:37:00,844
GEOR20066,Pako Forever,8274,04/26/2026, 18:47:28,844
GEOR20066,Pako Forever,8274,04/26/2026, 19:44:38,844
GEOR20066,Pako Forever,8274,04/26/2026, 20:36:10,844
GEOR20066,Pako Forever,8274,04/26/2026, 21:35:54,844
GEOR20066,Pako Forever,8274,04/26/2026, 22:35:52,844
GEOR20066,Pako Forever,8274,04/26/2026, 23:37:05,844
GEOR20066,Pako Forever,8275,04/27/2026, 02:29:35,844
GEOR20066,Pako Forever,8277,04/27/2026, 05:52:02,844
GEOR20066,Pako Forever,8277,04/27/2026, 08:17:15,844
GEOR20066,Pako Forever,8277,04/27/2026, 11:01:18,844
GEOR20066,Pako Forever,8277,04/27/2026, 12:23:10,844
GEOR20066,Pako Forever,8277,04/27/2026, 15:06:06,844
GEOR20066,Pako Forever,8277,04/27/2026, 17:20:01,844
GEOR20066,Pako Forever,8277,04/27/2026, 19:15:03,844
GEOR20066,Pako Forever,8277,04/27/2026, 20:59:39,844
GEOR20066,Pako Forever,8277,04/27/2026, 21:55:26,844
GEOR20066,Pako Forever,8277,04/27/2026, 22:50:10,844
GEOR20066,Pako Forever,8277,04/27/2026, 23:52:09,844
GEOR20066,Pako Forever,8277,04/28/2026, 02:37:04,844
GEOR20066,Pako Forever,8277,04/28/2026, 05:56:58,844
GEOR20066,Pako Forever,8277,04/28/2026, 08:21:13,844
GEOR20066,Pako Forever,8277,04/28/2026, 11:02:47,844
GEOR20066,Pako Forever,8277,04/28/2026, 16:07:02,844
GEOR20066,Pako Forever,8278,04/28/2026, 18:15:56,844
GEOR20066,Pako Forever,8280,04/28/2026, 20:14:23,844
GEOR20066,Pako Forever,8280,04/28/2026, 21:55:27,844
GEOR20066,Pako Forever,8280,04/28/2026, 22:55:23,844
GEOR20066,Pako Forever,8280,04/28/2026, 23:54:13,844
GEOR20066,Pako Forever,8280,04/29/2026, 02:36:54,844
GEOR20066,Pako Forever,8281,04/29/2026, 05:52:45,844
GEOR20066,Pako Forever,8281,04/29/2026, 08:11:40,844
GEOR20066,Pako Forever,8281,04/29/2026, 10:53:38,844
GEOR20066,Pako Forever,8281,04/29/2026, 12:16:22,844
GEOR20066,Pako Forever,8281,04/29/2026, 15:10:28,844
GEOR20066,Pako Forever,8281,04/29/2026, 17:26:06,844
GEOR20066,Pako Forever,8282,04/29/2026, 19:20:47,844
GEOR20066,Pako Forever,8283,04/29/2026, 21:02:04,844
GEOR20066,Pako Forever,8284,04/29/2026, 22:06:09,844
GEOR20066,Pako Forever,8284,04/29/2026, 23:53:25,844
GEOR20066,Pako Forever,8285,04/30/2026, 02:38:09,844
GEOR20066,Pako Forever,8286,04/30/2026, 05:56:35,844
GEOR20066,Pako Forever,8286,04/30/2026, 08:15:39,844
GEOR20066,Pako Forever,8287,04/30/2026, 10:52:56,844
GEOR20066,Pako Forever,8287,04/30/2026, 12:14:17,844
GEOR20066,Pako Forever,8287,04/30/2026, 15:07:27,844
GEOR20066,Pako Forever,8288,04/30/2026, 17:18:36,844
GEOR20066,Pako Forever,8290,04/30/2026, 19:16:16,844
GEOR20066,Pako Forever,8290,04/30/2026, 20:58:31,844
GEOR20066,Pako Forever,8290,04/30/2026, 21:55:46,844
GEOR20066,Pako Forever,8290,04/30/2026, 22:52:46,844
GEOR20066,Pako Forever,8290,04/30/2026, 23:51:44,844
GEOR20066,Pako Forever,8290,05/01/2026, 02:44:04,844
GEOR20066,Pako Forever,8291,05/01/2026, 06:14:50,844
GEOR20066,Pako Forever,8291,05/01/2026, 08:59:24,844
GEOR20066,Pako Forever,8291,05/01/2026, 10:25:07,844
GEOR20066,Pako Forever,8292,05/01/2026, 11:57:44,844
GEOR20066,Pako Forever,8292,05/01/2026, 13:14:27,844
GEOR20066,Pako Forever,8293,05/01/2026, 14:53:46,844
GEOR20066,Pako Forever,8293,05/01/2026, 15:55:45,844
GEOR20066,Pako Forever,8293,05/01/2026, 16:55:44,844
GEOR20066,Pako Forever,8293,05/01/2026, 17:58:24,844
GEOR20066,Pako Forever,8293,05/01/2026, 19:09:08,844
GEOR20066,Pako Forever,8294,05/01/2026, 20:49:34,844
GEOR20066,Pako Forever,8294,05/01/2026, 21:52:09,844
GEOR20066,Pako Forever,8294,05/01/2026, 22:46:20,844
GEOR20066,Pako Forever,8294,05/01/2026, 23:49:52,844
GEOR20066,Pako Forever,8294,05/02/2026, 02:27:00,844
GEOR20066,Pako Forever,8295,05/02/2026, 05:35:11,844
GEOR20066,Pako Forever,8296,05/02/2026, 07:28:44,844
GEOR20066,Pako Forever,8296,05/02/2026, 09:03:39,844
GEOR20066,Pako Forever,8296,05/02/2026, 10:48:46,844
GEOR20066,Pako Forever,8296,05/02/2026, 11:43:10,844
GEOR20066,Pako Forever,8297,05/02/2026, 13:03:40,844
GEOR20066,Pako Forever,8297,05/02/2026, 14:44:09,844
GEOR20066,Pako Forever,8297,05/02/2026, 15:43:20,844
GEOR20066,Pako Forever,8297,05/02/2026, 16:42:59,844
GEOR20066,Pako Forever,8297,05/02/2026, 17:42:08,844
GEOR20066,Pako Forever,8297,05/02/2026, 18:55:17,844
GEOR20066,Pako Forever,8297,05/02/2026, 19:54:24,844
GEOR20066,Pako Forever,8297,05/02/2026, 20:39:01,844
GEOR20066,Pako Forever,8297,05/02/2026, 21:38:10,844
GEOR20066,Pako Forever,8297,05/02/2026, 22:37:53,844
GEOR20066,Pako Forever,8297,05/02/2026, 23:40:37,844
GEOR20066,Pako Forever,8297,05/03/2026, 02:36:00,844
GEOR20066,Pako Forever,8297,05/03/2026, 05:56:40,844
GEOR20066,Pako Forever,8297,05/03/2026, 07:58:08,844
GEOR20066,Pako Forever,8297,05/03/2026, 09:22:03,844
GEOR20066,Pako Forever,8297,05/03/2026, 10:53:06,844
GEOR20066,Pako Forever,8297,05/03/2026, 11:40:37,844
GEOR20066,Pako Forever,8297,05/03/2026, 13:02:40,844
GEOR20066,Pako Forever,8298,05/03/2026, 14:46:13,844
GEOR20066,Pako Forever,8298,05/03/2026, 15:44:39,844
GEOR20066,Pako Forever,8298,05/03/2026, 16:45:16,844
GEOR20066,Pako Forever,8298,05/03/2026, 17:44:44,844
GEOR20066,Pako Forever,8298,05/03/2026, 18:56:05,844
GEOR20066,Pako Forever,8299,05/03/2026, 19:54:31,844
GEOR20066,Pako Forever,8299,05/03/2026, 20:39:54,844
GEOR20066,Pako Forever,8299,05/03/2026, 21:39:21,844
GEOR20066,Pako Forever,8299,05/03/2026, 22:38:07,844
GEOR20066,Pako Forever,8299,05/03/2026, 23:41:58,844
GEOR20066,Pako Forever,8299,05/04/2026, 02:34:01,844
GEOR20066,Pako Forever,8299,05/04/2026, 06:09:59,844
GEOR20066,Pako Forever,8299,05/04/2026, 09:15:55,844
GEOR20066,Pako Forever,8299,05/04/2026, 11:46:20,844
GEOR20066,Pako Forever,8299,05/04/2026, 13:51:28,844
GEOR20066,Pako Forever,8299,05/04/2026, 16:00:40,844
GEOR20066,Pako Forever,8299,05/04/2026, 17:45:22,844
GEOR20066,Pako Forever,8299,05/04/2026, 19:25:19,844
GEOR20066,Pako Forever,8299,05/04/2026, 21:06:11,844
GEOR20066,Pako Forever,8301,05/04/2026, 22:56:27,844
GEOR20066,Pako Forever,8301,05/04/2026, 23:53:02,844
GEOR20066,Pako Forever,8301,05/05/2026, 02:28:28,844
GEOR20066,Pako Forever,8301,05/05/2026, 05:40:45,844
GEOR20066,Pako Forever,8301,05/05/2026, 08:05:17,844
GEOR20066,Pako Forever,8301,05/05/2026, 10:44:07,844
GEOR20066,Pako Forever,8301,05/05/2026, 11:59:19,844
GEOR20066,Pako Forever,8301,05/05/2026, 13:57:03,844
GEOR20066,Pako Forever,8301,05/05/2026, 15:52:26,844
GEOR20066,Pako Forever,8301,05/05/2026, 17:22:36,844
GEOR20066,Pako Forever,8301,05/05/2026, 19:15:20,844
GEOR20066,Pako Forever,8301,05/05/2026, 21:01:06,844
GEOR20066,Pako Forever,8301,05/05/2026, 22:05:08,844
GEOR20066,Pako Forever,8302,05/05/2026, 23:45:27,844
GEOR20066,Pako Forever,8302,05/06/2026, 02:32:42,844
GEOR20066,Pako Forever,8305,05/06/2026, 05:55:28,844
GEOR20066,Pako Forever,8305,05/06/2026, 11:04:32,844
GEOR20066,Pako Forever,8305,05/06/2026, 14:01:19,844
GEOR20066,Pako Forever,8305,05/06/2026, 16:05:08,844
GEOR20066,Pako Forever,8306,05/06/2026, 18:14:58,844
GEOR20066,Pako Forever,8307,05/06/2026, 20:19:53,844
GEOR20066,Pako Forever,8307,05/06/2026, 21:54:48,844
GEOR20066,Pako Forever,8307,05/06/2026, 22:48:39,844
GEOR20066,Pako Forever,8307,05/06/2026, 23:47:10,844
GEOR20066,Pako Forever,8307,05/07/2026, 02:34:57,844
GEOR20066,Pako Forever,8309,05/07/2026, 05:59:44,844
GEOR20066,Pako Forever,8309,05/07/2026, 08:38:23,844
GEOR20066,Pako Forever,8309,05/07/2026, 11:08:28,844
GEOR20066,Pako Forever,8309,05/07/2026, 13:58:54,844
GEOR20066,Pako Forever,8309,05/07/2026, 16:07:40,844
GEOR20066,Pako Forever,8309,05/07/2026, 18:22:59,844
GEOR20066,Pako Forever,8309,05/07/2026, 20:13:05,844
GEOR20066,Pako Forever,8310,05/07/2026, 21:55:48,844
GEOR20066,Pako Forever,8310,05/07/2026, 23:00:14,844
GEOR20066,Pako Forever,8310,05/07/2026, 23:56:47,844
GEOR20066,Pako Forever,8310,05/08/2026, 02:41:11,844
GEOR20066,Pako Forever,8310,05/08/2026, 05:28:52,844
GEOR20066,Pako Forever,8310,05/08/2026, 07:25:59,844
GEOR20066,Pako Forever,8310,05/08/2026, 09:15:28,844
GEOR20066,Pako Forever,8310,05/08/2026, 11:10:43,844
GEOR20066,Pako Forever,8311,05/08/2026, 13:25:42,844
GEOR20066,Pako Forever,8312,05/08/2026, 15:20:05,844
GEOR20066,Pako Forever,8312,05/08/2026, 17:13:42,844
GEOR20066,Pako Forever,8312,05/08/2026, 19:13:44,844
GEOR20066,Pako Forever,8312,05/08/2026, 20:57:30,844
GEOR20066,Pako Forever,8312,05/08/2026, 21:58:26,844
GEOR20066,Pako Forever,8312,05/08/2026, 22:55:42,844
GEOR20066,Pako Forever,8312,05/08/2026, 23:55:48,844
GEOR20066,Pako Forever,8312,05/09/2026, 02:34:41,844
GEOR20066,Pako Forever,8312,05/09/2026, 05:47:03,844
GEOR20066,Pako Forever,8312,05/09/2026, 07:53:14,844
GEOR20066,Pako Forever,8312,05/09/2026, 09:17:16,844
GEOR20066,Pako Forever,8312,05/09/2026, 10:55:42,844
GEOR20066,Pako Forever,8312,05/09/2026, 11:49:39,844
GEOR20066,Pako Forever,8312,05/09/2026, 13:09:49,844
GEOR20066,Pako Forever,8312,05/09/2026, 14:48:47,844
GEOR20066,Pako Forever,8312,05/09/2026, 15:49:22,844
GEOR20066,Pako Forever,8312,05/09/2026, 16:52:13,844
GEOR20066,Pako Forever,8312,05/09/2026, 17:47:17,844
GEOR20066,Pako Forever,8312,05/09/2026, 18:56:49,844
GEOR20066,Pako Forever,8312,05/09/2026, 19:57:24,844
GEOR20066,Pako Forever,8312,05/09/2026, 20:41:35,844
GEOR20066,Pako Forever,8312,05/09/2026, 21:40:49,844
GEOR20066,Pako Forever,8312,05/09/2026, 22:40:11,844
GEOR20066,Pako Forever,8312,05/09/2026, 23:44:45,844
GEOR20066,Pako Forever,8312,05/10/2026, 02:38:10,844
GEOR20066,Pako Forever,8312,05/10/2026, 06:09:14,844
GEOR20066,Pako Forever,8313,05/10/2026, 08:52:08,844
GEOR20066,Pako Forever,8313,05/10/2026, 10:12:04,844
GEOR20066,Pako Forever,8313,05/10/2026, 11:48:42,844
GEOR20066,Pako Forever,8314,05/10/2026, 13:11:32,844
GEOR20066,Pako Forever,8314,05/10/2026, 14:50:22,844
GEOR20066,Pako Forever,8314,05/10/2026, 15:51:13,844
GEOR20066,Pako Forever,8315,05/10/2026, 16:52:08,844
GEOR20066,Pako Forever,8315,05/10/2026, 17:50:07,844
GEOR20066,Pako Forever,8315,05/10/2026, 18:58:09,844
GEOR20066,Pako Forever,8315,05/10/2026, 19:59:17,844
GEOR20066,Pako Forever,8315,05/10/2026, 20:51:31,844
GEOR20066,Pako Forever,8315,05/10/2026, 21:45:28,844
GEOR20066,Pako Forever,8315,05/10/2026, 22:43:48,844
GEOR20066,Pako Forever,8315,05/10/2026, 23:49:58,844
GEOR20066,Pako Forever,8315,05/11/2026, 02:47:56,844
GEOR20066,Pako Forever,8315,05/11/2026, 06:37:29,844
GEOR20066,Pako Forever,8315,05/11/2026, 10:36:25,844
GEOR20066,Pako Forever,8315,05/11/2026, 13:46:15,844
GEOR20066,Pako Forever,8317,05/11/2026, 16:31:37,844
GEOR20066,Pako Forever,8317,05/11/2026, 18:57:19,844
GEOR20066,Pako Forever,8317,05/11/2026, 20:46:47,844
GEOR20066,Pako Forever,8317,05/11/2026, 22:05:10,844
GEOR20066,Pako Forever,8317,05/11/2026, 23:57:35,844
GEOR20066,Pako Forever,8317,05/12/2026, 02:40:29,844
GEOR20066,Pako Forever,8317,05/12/2026, 06:12:56,844
GEOR20066,Pako Forever,8317,05/12/2026, 09:35:14,844
GEOR20066,Pako Forever,8317,05/12/2026, 11:52:16,844
GEOR20066,Pako Forever,8318,05/12/2026, 14:13:48,844
GEOR20066,Pako Forever,8318,05/12/2026, 17:09:23,844
GEOR20066,Pako Forever,8318,05/12/2026, 19:46:42,844
GEOR20066,Pako Forever,8318,05/12/2026, 21:17:09,844
GEOR20066,Pako Forever,8318,05/12/2026, 22:58:51,844
GEOR20066,Pako Forever,8318,05/12/2026, 23:59:52,844
GEOR20066,Pako Forever,8318,05/13/2026, 03:31:04,844
GEOR20066,Pako Forever,8318,05/13/2026, 06:46:34,844
GEOR20066,Pako Forever,8318,05/13/2026, 09:42:42,844
GEOR20066,Pako Forever,8318,05/13/2026, 12:02:18,844
GEOR20066,Pako Forever,8318,05/13/2026, 14:54:56,844
GEOR20066,Pako Forever,8318,05/13/2026, 17:15:46,844
GEOR20066,Pako Forever,8318,05/13/2026, 19:51:05,844
GEOR20066,Pako Forever,8318,05/13/2026, 21:25:32,844
GEOR20066,Pako Forever,8318,05/13/2026, 23:04:11,844
GEOR20066,Pako Forever,8319,05/14/2026, 02:47:32,844
GEOR20066,Pako Forever,8320,05/14/2026, 06:22:53,844
GEOR20066,Pako Forever,8320,05/14/2026, 09:32:44,844
GEOR20066,Pako Forever,8320,05/14/2026, 11:50:09,844
GEOR20066,Pako Forever,8320,05/14/2026, 14:02:15,844
GEOR20066,Pako Forever,8321,05/14/2026, 16:13:38,844
GEOR20066,Pako Forever,8321,05/14/2026, 18:53:43,844
GEOR20066,Pako Forever,8321,05/14/2026, 20:27:25,844
GEOR20066,Pako Forever,8321,05/14/2026, 22:08:12,844
GEOR20066,Pako Forever,8321,05/14/2026, 23:56:16,844
GEOR20066,Pako Forever,8321,05/15/2026, 02:47:57,844
GEOR20066,Pako Forever,8321,05/15/2026, 06:32:37,844
GEOR20066,Pako Forever,8321,05/15/2026, 09:45:52,844
GEOR20066,Pako Forever,8321,05/15/2026, 11:53:39,844
GEOR20066,Pako Forever,8321,05/15/2026, 13:59:43,844
GEOR20066,Pako Forever,8321,05/15/2026, 16:04:56,844
GEOR20066,Pako Forever,8322,05/15/2026, 18:21:55,844
GEOR20066,Pako Forever,8322,05/15/2026, 20:15:11,844
GEOR20066,Pako Forever,8322,05/15/2026, 21:58:13,844
GEOR20066,Pako Forever,8322,05/15/2026, 22:54:12,844
GEOR20066,Pako Forever,8322,05/15/2026, 23:54:21,844
GEOR20066,Pako Forever,8323,05/16/2026, 02:37:11,844
GEOR20066,Pako Forever,8323,05/16/2026, 05:52:42,844
GEOR20066,Pako Forever,8323,05/16/2026, 08:00:03,844
GEOR20066,Pako Forever,8323,05/16/2026, 09:44:41,844
GEOR20066,Pako Forever,8323,05/16/2026, 11:01:41,844
GEOR20066,Pako Forever,8323,05/16/2026, 11:58:39,844
GEOR20066,Pako Forever,8323,05/16/2026, 13:21:31,844
GEOR20066,Pako Forever,8324,05/16/2026, 14:54:42,844
GEOR20066,Pako Forever,8326,05/16/2026, 15:56:44,844
GEOR20066,Pako Forever,8326,05/16/2026, 16:56:28,844
GEOR20066,Pako Forever,8326,05/16/2026, 17:54:44,844
GEOR20066,Pako Forever,8327,05/16/2026, 19:00:38,844
GEOR20066,Pako Forever,8328,05/16/2026, 20:04:34,844
GEOR20066,Pako Forever,8329,05/16/2026, 21:45:01,844
GEOR20066,Pako Forever,8329,05/16/2026, 22:42:29,844
GEOR20066,Pako Forever,8329,05/16/2026, 23:50:28,844
GEOR20066,Pako Forever,8329,05/17/2026, 02:45:33,844
GEOR20066,Pako Forever,8330,05/17/2026, 06:20:55,844
GEOR20066,Pako Forever,8330,05/17/2026, 09:03:23,844
GEOR20066,Pako Forever,8330,05/17/2026, 11:03:32,844
GEOR20066,Pako Forever,8330,05/17/2026, 13:13:25,844
GEOR20066,Pako Forever,8330,05/17/2026, 14:54:42,844
GEOR20066,Pako Forever,8330,05/17/2026, 15:57:17,844
GEOR20066,Pako Forever,8330,05/17/2026, 16:55:54,844
GEOR20066,Pako Forever,8330,05/17/2026, 17:57:18,844
GEOR20066,Pako Forever,8330,05/17/2026, 19:04:45,844
GEOR20066,Pako Forever,8331,05/17/2026, 20:45:29,844
GEOR20066,Pako Forever,8332,05/17/2026, 21:53:13,844
GEOR20066,Pako Forever,8332,05/17/2026, 22:51:54,844
GEOR20066,Pako Forever,8332,05/17/2026, 23:55:42,844
GEOR20066,Pako Forever,8333,05/18/2026, 02:55:45,844
GEOR20066,Pako Forever,8333,05/18/2026, 06:55:32,844
GEOR20066,Pako Forever,8333,05/18/2026, 11:05:39,844
GEOR20066,Pako Forever,8333,05/18/2026, 15:22:35,844
GEOR20066,Pako Forever,8333,05/18/2026, 17:58:24,844
GEOR20066,Pako Forever,8333,05/18/2026, 19:43:41,844
GEOR20066,Pako Forever,8333,05/18/2026, 21:09:10,844
GEOR20066,Pako Forever,8334,05/18/2026, 22:58:41,844
GEOR20066,Pako Forever,8334,05/19/2026, 00:06:58,844
GEOR20066,Pako Forever,8335,05/19/2026, 04:58:16,844
GEOR20066,Pako Forever,8335,05/19/2026, 08:27:01,844
GEOR20066,Pako Forever,8335,05/19/2026, 12:00:34,844
GEOR20066,Pako Forever,8336,05/19/2026, 15:35:28,844
GEOR20066,Pako Forever,8336,05/19/2026, 18:03:28,844
GEOR20066,Pako Forever,8336,05/19/2026, 20:30:37,844
GEOR20066,Pako Forever,8338,05/19/2026, 22:14:08,844
GEOR20066,Pako Forever,8338,05/20/2026, 00:02:07,844
GEOR20066,Pako Forever,8339,05/20/2026, 04:20:22,844
GEOR20066,Pako Forever,8339,05/20/2026, 08:24:01,844
GEOR20066,Pako Forever,8339,05/20/2026, 11:48:36,844
GEOR20066,Pako Forever,8339,05/20/2026, 14:55:55,844
GEOR20066,Pako Forever,8339,05/20/2026, 17:53:53,844
GEOR20066,Pako Forever,8340,05/20/2026, 20:10:41,844
GEOR20066,Pako Forever,8341,05/20/2026, 22:24:51,844
GEOR20066,Pako Forever,8341,05/21/2026, 00:06:01,844
GEOR20066,Pako Forever,8342,05/21/2026, 05:08:10,844
GEOR20066,Pako Forever,8342,05/21/2026, 09:34:50,844
GEOR20066,Pako Forever,8342,05/21/2026, 12:43:31,844
GEOR20066,Pako Forever,8343,05/21/2026, 16:15:34,844
GEOR20066,Pako Forever,8343,05/21/2026, 18:58:42,844
GEOR20066,Pako Forever,8343,05/21/2026, 20:51:40,844
GEOR20066,Pako Forever,8343,05/21/2026, 22:19:17,844
GEOR20066,Pako Forever,8343,05/22/2026, 00:01:03,844
GEOR20066,Pako Forever,8343,05/22/2026, 04:03:14,844
GEOR20066,Pako Forever,8343,05/22/2026, 08:20:41,844
GEOR20066,Pako Forever,8343,05/22/2026, 11:44:26,844
GEOR20066,Pako Forever,8343,05/22/2026, 14:32:39,844
GEOR20066,Pako Forever,8344,05/22/2026, 17:06:49,844
GEOR20066,Pako Forever,8344,05/22/2026, 19:30:50,844
GEOR20066,Pako Forever,8344,05/22/2026, 21:07:55,844
GEOR20066,Pako Forever,8345,05/22/2026, 22:56:07,844
GEOR20066,Pako Forever,8345,05/23/2026, 00:04:32,844
GEOR20066,Pako Forever,8346,05/23/2026, 04:37:57,844
GEOR20066,Pako Forever,8346,05/23/2026, 07:30:12,844
GEOR20066,Pako Forever,8346,05/23/2026, 09:49:38,844
GEOR20066,Pako Forever,8346,05/23/2026, 11:09:18,844
GEOR20066,Pako Forever,8346,05/23/2026, 13:17:58,844
GEOR20066,Pako Forever,8346,05/23/2026, 14:59:05,844
GEOR20066,Pako Forever,8346,05/23/2026, 16:03:10,844
GEOR20066,Pako Forever,8346,05/23/2026, 17:59:19,844
GEOR20066,Pako Forever,8346,05/23/2026, 19:13:15,844
GEOR20066,Pako Forever,8346,05/23/2026, 20:46:01,844
GEOR20066,Pako Forever,8347,05/23/2026, 21:52:24,844
GEOR20066,Pako Forever,8347,05/23/2026, 22:50:58,844
GEOR20066,Pako Forever,8347,05/23/2026, 23:55:25,844
GEOR20066,Pako Forever,8348,05/24/2026, 02:53:13,844
GEOR20066,Pako Forever,8348,05/24/2026, 06:36:32,844
GEOR20066,Pako Forever,8348,05/24/2026, 09:20:57,844
GEOR20066,Pako Forever,8348,05/24/2026, 11:14:25,844
GEOR20066,Pako Forever,8348,05/24/2026, 13:19:13,844
GEOR20066,Pako Forever,8348,05/24/2026, 15:01:04,844
GEOR20066,Pako Forever,8348,05/24/2026, 16:06:30,844
GEOR20066,Pako Forever,8348,05/24/2026, 17:58:06,844
GEOR20066,Pako Forever,8350,05/24/2026, 19:15:32,844
GEOR20066,Pako Forever,8350,05/24/2026, 20:52:30,844
GEOR20066,Pako Forever,8350,05/24/2026, 21:54:25,844
GEOR20066,Pako Forever,8351,05/24/2026, 22:56:06,844
GEOR20066,Pako Forever,8352,05/24/2026, 23:58:28,844
GEOR20066,Pako Forever,8355,05/25/2026, 03:42:24,844
GEOR20066,Pako Forever,8356,05/25/2026, 08:18:24,844
GEOR20066,Pako Forever,8359,05/25/2026, 12:26:33,844
GEOR20066,Pako Forever,8360,05/25/2026, 15:49:16,844
GEOR20066,Pako Forever,8360,05/25/2026, 17:41:22,844
GEOR20066,Pako Forever,8360,05/25/2026, 19:25:31,844
GEOR20066,Pako Forever,8360,05/25/2026, 21:03:53,844
GEOR20066,Pako Forever,8360,05/25/2026, 22:58:43,844
GEOR20066,Pako Forever,8360,05/26/2026, 00:06:37,844
GEOR20066,Pako Forever,8360,05/26/2026, 05:01:45,844
GEOR20066,Pako Forever,8360,05/26/2026, 08:38:31,844
GEOR20066,Pako Forever,8360,05/26/2026, 16:40:24,844
GEOR20066,Pako Forever,8360,05/26/2026, 19:16:35,844
GEOR20066,Pako Forever,8360,05/26/2026, 21:42:39,844
GEOR20066,Pako Forever,8360,05/26/2026, 23:07:27,844
GEOR20066,Pako Forever,8362,05/27/2026, 03:00:57,844
GEOR20066,Pako Forever,8362,05/27/2026, 07:09:00,844
GEOR20066,Pako Forever,8362,05/27/2026, 11:37:04,844
GEOR20066,Pako Forever,8362,05/27/2026, 15:32:08,844
GEOR20066,Pako Forever,8363,05/27/2026, 18:25:17,844
GEOR20066,Pako Forever,8364,05/27/2026, 21:01:20,844
GEOR20066,Pako Forever,8365,05/27/2026, 22:47:28,844
GEOR20066,Pako Forever,8365,05/27/2026, 23:59:53,844
GEOR20066,Pako Forever,8365,05/28/2026, 03:53:48,844
GEOR20066,Pako Forever,8365,05/28/2026, 07:55:30,844
GEOR20066,Pako Forever,8365,05/28/2026, 11:36:40,844
GEOR20066,Pako Forever,8366,05/28/2026, 15:43:19,844
GEOR20066,Pako Forever,8366,05/28/2026, 18:35:22,844
GEOR20066,Pako Forever,8368,05/28/2026, 21:07:53,844
GEOR20066,Pako Forever,8368,05/28/2026, 23:12:55,844
GEOR20066,Pako Forever,8368,05/29/2026, 02:51:30,844
GEOR20066,Pako Forever,8369,05/29/2026, 06:53:53,844
GEOR20066,Pako Forever,8369,05/29/2026, 10:44:20,844
GEOR20066,Pako Forever,8371,05/29/2026, 13:57:53,844
GEOR20066,Pako Forever,8371,05/29/2026, 17:33:30,844
GEOR20066,Pako Forever,8371,05/29/2026, 20:16:42,844
GEOR20066,Pako Forever,8371,05/29/2026, 22:27:40,844
GEOR20066,Pako Forever,8371,05/30/2026, 00:07:24,844
GEOR20066,Pako Forever,8371,05/30/2026, 04:51:28,844
GEOR20066,Pako Forever,8371,05/30/2026, 07:39:28,844
GEOR20066,Pako Forever,8371,05/30/2026, 09:57:42,844
GEOR20066,Pako Forever,8371,05/30/2026, 11:18:58,844
GEOR20066,Pako Forever,8371,05/30/2026, 13:22:21,844
GEOR20066,Pako Forever,8372,05/30/2026, 15:04:38,844
GEOR20066,Pako Forever,8372,05/30/2026, 16:59:56,844
GEOR20066,Pako Forever,8372,05/30/2026, 18:05:09,844
GEOR20066,Pako Forever,8373,05/30/2026, 20:07:40,844
GEOR20066,Pako Forever,8374,05/30/2026, 21:59:36,844
GEOR20066,Pako Forever,8374,05/30/2026, 23:00:03,844
GEOR20066,Pako Forever,8374,05/31/2026, 00:04:52,844
GEOR20066,Pako Forever,8374,05/31/2026, 05:17:36,844
GEOR20066,Pako Forever,8375,05/31/2026, 08:41:54,844
GEOR20066,Pako Forever,8375,05/31/2026, 10:56:28,844
GEOR20066,Pako Forever,8375,05/31/2026, 12:10:30,844
GEOR20066,Pako Forever,8375,05/31/2026, 14:30:41,844
GEOR20066,Pako Forever,8375,05/31/2026, 16:04:54,844
GEOR20066,Pako Forever,8375,05/31/2026, 17:59:52,844
GEOR20066,Pako Forever,8375,05/31/2026, 19:21:49,844
GEOR20066,Pako Forever,8375,05/31/2026, 20:56:38,844
GEOR20066,Pako Forever,8375,05/31/2026, 21:58:05,844
GEOR20066,Pako Forever,8375,05/31/2026, 22:59:58,844
GEOR20066,Pako Forever,8375,06/01/2026, 00:09:45,844
GEOR20066,Pako Forever,8375,06/01/2026, 06:00:16,844
GEOR20066,Pako Forever,8376,06/01/2026, 11:42:11,844
GEOR20066,Pako Forever,8376,06/01/2026, 17:32:05,844
GEOR20066,Pako Forever,8376,06/01/2026, 21:29:43,844
GEOR20066,Pako Forever,8376,06/01/2026, 23:26:21,844
GEOR20066,Pako Forever,8376,06/02/2026, 03:36:30,844
GEOR20066,Pako Forever,8376,06/02/2026, 08:26:19,844
GEOR20066,Pako Forever,8376,06/02/2026, 12:39:28,844
GEOR20066,Pako Forever,8376,06/02/2026, 17:20:08,844
GEOR20066,Pako Forever,8376,06/02/2026, 20:44:16,844
GEOR20066,Pako Forever,8379,06/02/2026, 23:01:35,844
GEOR20066,Pako Forever,8379,06/03/2026, 01:44:14,844
GEOR20066,Pako Forever,8381,06/03/2026, 06:50:55,844
GEOR20066,Pako Forever,8381,06/03/2026, 11:54:46,844
GEOR20066,Pako Forever,8382,06/03/2026, 16:41:08,844
GEOR20066,Pako Forever,8384,06/03/2026, 20:18:06,844
GEOR20066,Pako Forever,8386,06/03/2026, 23:04:54,844
GEOR20066,Pako Forever,8387,06/04/2026, 03:38:45,844
GEOR20066,Pako Forever,8387,06/04/2026, 08:18:03,844
GEOR20066,Pako Forever,8387,06/04/2026, 11:50:34,844
GEOR20066,Pako Forever,8387,06/04/2026, 14:51:40,844
GEOR20066,Pako Forever,8387,06/04/2026, 17:44:16,844
GEOR20066,Pako Forever,8387,06/04/2026, 20:01:20,844
GEOR20066,Pako Forever,8388,06/04/2026, 21:48:14,844
GEOR20066,Pako Forever,8388,06/04/2026, 23:07:38,844
GEOR20066,Pako Forever,8388,06/05/2026, 03:25:33,844
GEOR20066,Pako Forever,8389,06/05/2026, 08:04:31,844
GEOR20066,Pako Forever,8389,06/05/2026, 12:02:00,844
GEOR20066,Pako Forever,8389,06/05/2026, 15:23:19,844
GEOR20066,Pako Forever,8389,06/05/2026, 17:51:38,844
GEOR20066,Pako Forever,8390,06/05/2026, 19:51:23,844
GEOR20066,Pako Forever,8390,06/05/2026, 21:24:20,844
GEOR20066,Pako Forever,8390,06/05/2026, 23:05:40,844
GEOR20066,Pako Forever,8390,06/06/2026, 02:48:00,844
GEOR20066,Pako Forever,8391,06/06/2026, 06:28:43,844
GEOR20066,Pako Forever,8392,06/06/2026, 09:24:35,844
GEOR20066,Pako Forever,8392,06/06/2026, 11:24:11,844
GEOR20066,Pako Forever,8392,06/06/2026, 13:25:09,844
GEOR20066,Pako Forever,8392,06/06/2026, 15:12:48,844
GEOR20066,Pako Forever,8393,06/06/2026, 19:17:24,844
GEOR20066,Pako Forever,8394,06/06/2026, 21:01:47,844
GEOR20066,Pako Forever,8394,06/06/2026, 22:12:01,844
GEOR20066,Pako Forever,8394,06/07/2026, 00:02:52,844
GEOR20066,Pako Forever,8395,06/07/2026, 05:20:35,844
GEOR20066,Pako Forever,8396,06/07/2026, 08:52:22,844
GEOR20066,Pako Forever,8396,06/07/2026, 11:07:58,844
GEOR20066,Pako Forever,8396,06/07/2026, 13:46:05,844
GEOR20066,Pako Forever,8397,06/07/2026, 15:23:50,844
GEOR20066,Pako Forever,8397,06/07/2026, 17:13:20,844
GEOR20066,Pako Forever,8397,06/07/2026, 19:18:06,844
GEOR20066,Pako Forever,8397,06/07/2026, 21:09:36,844
GEOR20066,Pako Forever,8397,06/07/2026, 23:02:48,844
GEOR20066,Pako Forever,8397,06/08/2026, 03:36:59,844
GEOR20066,Pako Forever,8398,06/08/2026, 08:51:53,844
GEOR20066,Pako Forever,8398,06/08/2026, 13:04:31,844
GEOR20066,Pako Forever,8398,06/08/2026, 17:21:17,844
GEOR20066,Pako Forever,8398,06/08/2026, 20:10:36,844
GEOR20066,Pako Forever,8398,06/08/2026, 22:24:55,844
GEOR20066,Pako Forever,8398,06/09/2026, 00:04:35,844
GEOR20066,Pako Forever,8398,06/09/2026, 05:03:04,844
GEOR20066,Pako Forever,8400,06/09/2026, 09:36:59,844
GEOR20066,Pako Forever,8400,06/09/2026, 12:34:49,844
GEOR20066,Pako Forever,8400,06/09/2026, 15:53:40,844
GEOR20066,Pako Forever,8401,06/09/2026, 18:03:52,844
GEOR20066,Pako Forever,8401,06/09/2026, 20:12:22,844
GEOR20066,Pako Forever,8401,06/09/2026, 22:22:30,844
GEOR20066,Pako Forever,8401,06/10/2026, 00:10:20,844
GEOR20066,Pako Forever,8401,06/10/2026, 05:15:22,844
GEOR20066,Pako Forever,8402,06/10/2026, 09:53:08,844
GEOR20066,Pako Forever,8404,06/10/2026, 12:54:47,844
GEOR20066,Pako Forever,8404,06/10/2026, 16:34:01,844
GEOR20066,Pako Forever,8404,06/10/2026, 19:33:24,844
GEOR20066,Pako Forever,8404,06/10/2026, 21:58:49,844
GEOR20066,Pako Forever,8404,06/10/2026, 23:25:53,844
GEOR20066,Pako Forever,8405,06/11/2026, 03:34:54,844
GEOR20066,Pako Forever,8405,06/11/2026, 08:43:25,844
GEOR20066,Pako Forever,8405,06/11/2026, 12:42:55,844
GEOR20066,Pako Forever,8405,06/11/2026, 16:53:13,844
GEOR20066,Pako Forever,8405,06/11/2026, 19:34:08,844
GEOR20066,Pako Forever,8406,06/11/2026, 22:00:24,844
GEOR20066,Pako Forever,8406,06/11/2026, 23:28:05,844
GEOR20066,Pako Forever,8406,06/12/2026, 03:35:00,844
GEOR20066,Pako Forever,8407,06/12/2026, 08:22:53,844
GEOR20066,Pako Forever,8407,06/12/2026, 12:16:56,844
GEOR20066,Pako Forever,8407,06/12/2026, 16:16:33,844
GEOR20066,Pako Forever,8408,06/12/2026, 19:03:31,844
GEOR20066,Pako Forever,8408,06/12/2026, 21:30:58,844
GEOR20066,Pako Forever,8408,06/12/2026, 23:15:31,844
GEOR20066,Pako Forever,8409,06/13/2026, 02:59:39,844
GEOR20066,Pako Forever,8410,06/13/2026, 07:00:52,844
GEOR20066,Pako Forever,8410,06/13/2026, 10:06:11,844
GEOR20066,Pako Forever,8410,06/13/2026, 12:23:48,844
GEOR20066,Pako Forever,8411,06/13/2026, 14:58:48,844
GEOR20066,Pako Forever,8411,06/13/2026, 16:14:31,844
GEOR20066,Pako Forever,8411,06/13/2026, 18:06:07,844
GEOR20066,Pako Forever,8411,06/13/2026, 20:14:27,844
GEOR20066,Pako Forever,8411,06/13/2026, 22:01:33,844
GEOR20066,Pako Forever,8411,06/13/2026, 23:14:12,844
GEOR20066,Pako Forever,8412,06/14/2026, 03:38:04,844
GEOR20066,Pako Forever,8412,06/14/2026, 08:14:13,844
GEOR20066,Pako Forever,8412,06/14/2026, 11:29:03,844
GEOR20066,Pako Forever,8413,06/14/2026, 13:55:23,844
GEOR20066,Pako Forever,8413,06/14/2026, 15:48:47,844
GEOR20066,Pako Forever,8415,06/14/2026, 17:18:19,844
GEOR20066,Pako Forever,8415,06/14/2026, 19:21:40,844
GEOR20066,Pako Forever,8415,06/14/2026, 21:08:20,844
GEOR20066,Pako Forever,8415,06/14/2026, 23:06:25,844
GEOR20066,Pako Forever,8415,06/15/2026, 03:52:14,844
GEOR20066,Pako Forever,8415,06/15/2026, 10:00:47,844
GEOR20066,Pako Forever,8416,06/15/2026, 15:50:30,844
GEOR20066,Pako Forever,8416,06/15/2026, 19:45:45,844
GEOR20066,Pako Forever,8416,06/15/2026, 22:17:16,844
GEOR20066,Pako Forever,8416,06/16/2026, 00:29:18,844
GEOR20066,Pako Forever,8417,06/16/2026, 06:32:31,844
GEOR20066,Pako Forever,8418,06/16/2026, 12:11:28,844
